0	0	0.01888424383239675	0.1834510706884664	2.87685328453344E-5	3.470572953465704E-4	0.22322944119378765	7.780086688692184E-4	0.11571945507991822	2.786561728554248E-4	8.978051319432292E-5	4.890216306910239E-4	2.229189548519554E-4	6.048778805929119E-4	2.605155174550833E-4	0.005214926298435602	5.565940968128114E-4	3.369578159944652E-4	0.3486936850576149	0.07199267031398432	0.0280705216823245	7.508287735626011E-4
1	1	0.014973067008526422	0.15764273624394826	1.0312295836397045E-5	1.2440528410103064E-4	0.1522123063134243	0.001919656732247572	4.6116185218179526E-4	9.988638998632015E-5	3.2182496666789765E-5	0.028068446431120025	0.10180787661838493	0.0018575967058745747	0.0033749311444381293	0.006791650460425695	1.995153182814044E-4	0.04606244876361189	0.18405971358181653	0.25223308246187415	2.174462883851244E-4	0.04785157760886872
2	2	0.032123505728237134	0.08498268582234302	1.6650446443285147E-5	0.00285009455424207	0.020580829859262798	4.502903134846296E-4	7.446014780082114E-4	0.03195200510465107	5.196252567447719E-5	2.830324547728675E-4	1.290194442278462E-4	0.02154390455656737	0.02664305137362466	0.0056674850887060675	0.0850974121533602	1.9502204366921922E-4	0.40050648677987155	0.2589040356057784	0.02684336533971936	4.3455932735579313E-4
3	3	0.03739352699734355	0.08422471177590855	1.2288184590817322E-5	1.4824197437305532E-4	0.05038162261413055	0.0022874728044172373	5.49522827482519E-4	1.1902513443515708E-4	3.834882803100855E-5	2.088805883546596E-4	9.521755178617486E-5	2.5836740064530265E-4	1.1127653900430057E-4	2.7234807747902195E-4	0.5887392052817396	1.4392808505457575E-4	0.00230436464102248	0.1832529727961982	2.5911011210846596E-4	0.04919956778589479
4	4	0.1415405971718914	2.0102451870610753E-4	1.6137425949001586E-5	1.9467838119608327E-4	0.11494795740461082	4.364163215780555E-4	0.28829300448749257	1.5630944333735395E-4	5.0361497095661334E-5	2.7431188080264687E-4	0.07201788046985184	3.3930030630116684E-4	0.015551741393329883	0.013195666870275518	0.059367045786480374	0.031000228722386964	0.0569458279804313	0.17133124740150873	3.402756701679523E-4	0.03379998686660659
5	5	6.846606543446513E-4	4.2673648277808535E-4	3.4256659013005853E-5	4.1326485047330646E-4	0.04779356195906563	9.264281158132728E-4	0.0015319444448286404	3.318149572207198E-4	1.0690779550857013E-4	0.027834936022310866	2.654448408945381E-4	7.202694489629334E-4	3.102136385277255E-4	0.006209769297026822	0.20778272108498907	4.0123870988998257E-4	0.44246603611642304	0.2546928669002045	0.006172864865589162	8.940631561354979E-4
6	6	0.03061013184010208	0.058678520277967876	1.3619606213004897E-5	1.6430395395493385E-4	0.051506468739259084	3.6832506396033797E-4	6.090634837111552E-4	1.3192147696643498E-4	4.250391362959181E-5	2.3151274607781752E-4	1.0553434889505084E-4	0.004620351096043667	1.233333232247491E-4	3.0185692123351415E-4	0.5875191010865185	1.5952265584454536E-4	3.870471266928386E-4	0.2139433591378542	0.004621174280101768	0.045862348921748904
7	7	0.0066278265622691755	1.2577780705160508E-4	1.0096927779692873E-5	1.2180713091519937E-4	0.07674060799979332	2.7305867086723775E-4	4.515306765923651E-4	9.780030381852214E-5	3.151037846178716E-5	0.02266272801255903	7.823814304210643E-5	2.1229474261739433E-4	9.14334554137642E-5	2.2378235360321694E-4	0.4596562990872785	1.182625040765998E-4	0.02117152697905949	0.31443858473421865	0.07411221873922952	0.022754614791352854
8	8	0.002539263105727331	0.0015826763225111036	1.2705078027372549E-4	0.001532712857152936	0.07618203884822036	0.08429535357963443	0.28868965081257025	0.0012306322459928118	3.964986437104365E-4	0.0021596714745256945	9.844793720976115E-4	0.08353075422178162	0.0011505174749100748	0.0028158785778345237	0.04288780525554438	0.0014881104181289574	0.044040289957968146	0.3179420023452525	0.002679007763668651	0.04374560594249452
9	9	9.137631359736003E-4	5.695318757741227E-4	4.571968897156047E-5	5.515523396296354E-4	0.20927414006796413	0.0012364312962747123	0.08206285850547221	0.014991627856614472	1.426814902594944E-4	7.771656961361124E-4	3.542685105455285E-4	0.015510067746952782	4.140179304362121E-4	0.11740354688473473	8.845535893852622E-4	5.355019884617331E-4	0.06676879092853977	0.14351015558818098	0.3428603885689387	0.001193236310754286
10	10	5.522244718797884E-4	3.4419142875901347E-4	2.7630279776965743E-5	0.026710596373221727	0.3067176135909421	7.472260509540535E-4	0.0056318271327030975	2.67630888894029E-4	0.10119909933703505	4.6967304678425116E-4	2.1409896442276248E-4	5.809453391847438E-4	2.502079849613299E-4	0.0050085930143427574	0.09725123123254724	0.03109710827462507	0.027162478467674698	0.20103056865363758	0.19401593391482158	7.211215528321665E-4
11	11	2.1345865641906434E-4	0.1530723943690754	1.0680298860347949E-5	1.2884479218642377E-4	0.0692791740915844	2.888352056094626E-4	0.03106548870137057	0.028991994712460688	3.3330956357973955E-5	1.8154895812845992E-4	8.275851508504765E-5	2.2456051455518945E-4	9.671621417529889E-5	0.003635364057061506	0.020598548456532497	0.025614986948240798	0.3282734551209117	0.2510382773246015	0.03591105425717862	0.05125852784960501
12	12	0.015990364794319745	0.051559659074250655	3.215361036363997E-5	3.8789413100856485E-4	0.14717771074769992	8.69553818849404E-4	0.10375613762290152	0.04123874080135925	1.0034462497680218E-4	0.005662474873258605	0.03606053317443864	0.19508070874649255	2.911693302875984E-4	0.021176281799423335	6.220862848945614E-4	3.7660628655333806E-4	0.08276834603037839	0.2953320636469134	6.779948270178569E-4	8.391757746122529E-4
13	13	7.926727135360614E-4	4.940584267870923E-4	3.9660989256803E-5	4.784615098808469E-4	0.03640227488832902	0.007382981078345504	0.1469128164118694	3.841620821394508E-4	1.2377356844764433E-4	6.741769469250645E-4	3.0732141680819136E-4	0.07655869519862517	3.5915293958733096E-4	8.790227795795177E-4	0.007077733639734711	0.3538469196796419	0.001127101011113178	0.19390681675528457	8.36296305342152E-4	0.1714159016587665
14	14	6.809491241833806E-4	4.2442315380745614E-4	3.407095442731904E-5	4.1102455092141695E-4	0.16679598423089526	9.214059696270262E-4	0.012365595272374458	3.3001619572643726E-4	1.0632825072972664E-4	0.022263065721824495	2.64005870322939E-4	0.09287298633059782	3.085319773010624E-4	0.23385717102557602	6.591817597712349E-4	0.0329249299965827	0.08228290726656305	0.04189405098697715	0.3097141549021161	8.892164596749659E-4
15	15	0.14425941886664065	0.04915061187944821	1.8088025088215143E-5	2.1820998307513407E-4	0.13172016285243676	4.891678139101748E-4	8.088894349356126E-4	1.7520322891309236E-4	5.6448904913658524E-5	0.006063385436256093	1.4015882108686656E-4	3.803129738416738E-4	1.6379741160005347E-4	0.02342455758085048	3.4995486357363304E-4	2.1186000211222177E-4	0.38040450911148105	0.18340690769415896	0.006137322548700423	0.07242103256697703
16	16	4.644299734032723E-4	0.007684045306936793	2.3237525237263646E-5	2.803324278909243E-4	0.1914034475034839	6.284295474800468E-4	0.25245470899259514	2.2508203265212318E-4	7.251940696398451E-5	0.11870819622352054	0.026061071843359224	4.885847009059373E-4	2.10429080416003E-4	0.03379060844333328	0.13724921374348564	2.721746637258383E-4	0.22619489765845185	0.0026921264935208435	4.899892026239665E-4	6.064752300134842E-4
17	17	5.380326392998868E-4	0.18023108237734367	2.6920198415674857E-5	0.008891223033471172	0.21745375314795767	0.2748548593050042	0.04831941081005482	2.6075293805736063E-4	8.401225192977664E-5	4.576027355491029E-4	2.0859675143992387E-4	0.01769894267958591	2.4377779214383605E-4	0.09054451163338251	0.004804065594059104	3.1530878940024107E-4	0.005048260212883446	0.14018219181662472	0.00913410612525382	7.025891681431724E-4
18	18	0.018733061898191027	6.899948836918208E-4	5.538996642019282E-5	6.682124541588185E-4	0.015586839659192487	0.0014979517473124727	0.011290031019693579	5.365152314239269E-4	1.7286038317479657E-4	9.415458149481762E-4	4.2920066483949213E-4	0.0011646115453465822	5.015878231036182E-4	0.0012276305547558291	0.0010716475705551684	6.487672559910134E-4	0.0015740930402288378	0.0064170687090167235	0.001167959376159219	0.9356250304017962
19	19	4.309682883072443E-4	0.055163041544217487	2.156328628536649E-5	2.60134774936803E-4	0.050669670741080544	5.831518676853418E-4	9.643017617268291E-4	2.0886511184878086E-4	6.729446090506064E-5	0.020951953396012007	0.003597989284652987	4.5338269341135313E-4	1.9526788921998828E-4	0.1274212781230972	4.171918644181431E-4	2.5256476899408037E-4	6.127936350198491E-4	0.46910079012886025	0.2680650170439036	5.627793354170537E-4
20	20	0.11252845606568518	0.0275763598045921	1.719715654301548E-5	2.0746273956888514E-4	0.0021030984455276615	0.0032012888164823197	7.690501406724723E-4	1.6657414724746694E-4	5.3668692394420616E-5	2.923257011793744E-4	1.332557410419418E-4	3.6158185952297285E-4	1.557300874412274E-4	0.0031173610554501973	3.3271894209094385E-4	2.0142550686206418E-4	0.014169782397798139	0.05671660275765297	3.6262127467855706E-4	0.7775334386675681
21	21	0.011203640412862443	0.11026625480902989	6.255707924973014E-5	7.546749375755328E-4	0.037510401993333595	0.0016917772698763784	0.07247106026019741	6.059369235984646E-4	1.9522742814774978E-4	0.0010633759139000352	4.8473652792489823E-4	0.001315304945027681	5.664901286012268E-4	0.0013864782173843974	0.0012103120173505076	7.327136532233792E-4	0.011731132487742936	0.0669675673146081	0.10085270317562532	0.5789276545047404
22	22	0.017275531424257834	0.04867835826493171	1.5237573631700781E-5	1.8382275942584034E-4	0.14248022981931868	0.010109789599187227	0.06614095173059731	1.4759334355492123E-4	4.7553248121662326E-5	2.590157497850061E-4	1.1807150565237558E-4	3.2038030209164374E-4	1.3798494350629508E-4	3.377165970585996E-4	0.005143660582606814	1.7847345777403565E-4	0.21135819023235716	0.15935307725176862	0.09487396059628603	0.24284040101808652
23	23	0.002440590723766857	0.0015211756287616537	1.2211375618541051E-4	0.0014731536771153853	0.656101726118894	0.003302412445264454	0.0248902135958324	0.001182811516130044	3.8109123455666946E-4	0.0020757495177332335	9.462238150359108E-4	0.0025675244000025453	0.0011058098983377724	0.002706457287083001	0.0023625742820409857	0.0014302844294609093	0.23662228289403184	0.033576523718263196	0.022004239084607108	0.0031870419768967725
24	24	1.7805713191463638E-4	0.10358830433408803	8.90900099797907E-6	0.2637620292694552	0.10598433404035071	0.044183358194675205	3.9840705372480204E-4	0.005756284260773104	0.038300238226871085	0.08094880259296187	6.903324552286312E-5	0.011527298553140516	8.067609903759041E-5	0.05406236252796205	1.7236531979693165E-4	1.0434864840381969E-4	0.021515643317776934	0.20231678922331214	0.06255775051224627	0.004485008446988242
25	25	0.11214004726231162	4.3624759633459023E-4	3.502017229834312E-5	4.224757079471626E-4	0.4221832111084256	0.006519082712862926	0.0015660884614877436	0.011483223144799971	1.0929055916762757E-4	5.952900641992163E-4	2.713610822440016E-4	7.363228327181023E-4	0.2677734321854064	7.76166448994031E-4	6.775465845067066E-4	4.101815284373569E-4	9.952165174510815E-4	0.13221332207543393	0.039742483896527486	9.139900584461072E-4
26	26	4.7496649901136034E-4	2.9603794513288767E-4	2.3764715112492522E-5	2.866923313734789E-4	0.38102303460037623	0.011986189748464443	0.0010627488012096044	2.301884700846192E-4	7.416465518722074E-5	0.0571214793630201	1.8414583335592152E-4	0.004280836896979237	2.1520308623273012E-4	0.030776048508898854	0.15926882584366833	2.783494919635712E-4	0.12923505552160972	0.14643757432015142	0.07612445903095266	6.202343372151193E-4
27	27	0.0012756731645967253	7.951037875186012E-4	6.382767920768209E-5	0.031236578020992	0.05858332753521985	0.0017261390424167463	0.013009873894905911	6.1824413868714E-4	1.9919270218180993E-4	0.24481757293998133	0.010650106983431225	0.0013420201693938086	5.779961378684996E-4	0.20452513799966698	0.0012348947251239195	7.475958367930423E-4	0.0018138791573295472	0.423771122085262	0.0013458779848965219	0.0016658360145266568
28	28	0.012851249141478624	1.4120319159354865E-4	1.1335214543828401E-5	0.041617906654378804	0.09156265890884255	3.065465738556481E-4	0.1844668382239576	0.027162725682415116	0.02348124847645393	0.09217264745896833	0.01992664944478859	2.3833056020612571E-4	1.0264685023131971E-4	0.09764177916488917	2.1930605690323926E-4	0.0037398236993738173	0.05262446198318296	0.22855783517174175	0.0020425444166913237	0.12113226312550374
29	29	0.006069026797194116	4.2213477061598737E-4	3.3887252386727385E-5	4.0880840963607065E-4	0.20903065555884975	9.164379797459415E-4	0.0015154247244205487	0.22678170238666295	1.0575495547105523E-4	0.08684401901418816	2.6258241688813846E-4	0.022279499144111835	3.068684502654788E-4	7.510570801050888E-4	6.556276170585881E-4	3.969119529200016E-4	0.1573237469872858	0.14411140318988513	0.0061062997874359055	0.13567815152487278
30	30	4.3849037513079035E-4	2.7330304323455756E-4	2.1939650199000595E-5	0.017718596996047904	0.055044839584129764	5.933301548100663E-4	0.025416623198025717	0.010684863736635464	6.846901316657347E-5	3.7294093427659493E-4	1.700039386253192E-4	0.0074428647391415305	1.986760796980686E-4	4.862574701819828E-4	0.09816643585345887	2.5697301473393377E-4	0.3357387887895543	0.054903529911395826	0.07376909382235793	0.3182339796951958
31	31	4.99520519951505E-4	0.04405438347520816	2.4993263470583678E-5	3.015132703714416E-4	0.030892991660488037	6.759112724999462E-4	0.0011176890051467878	2.4208836729084802E-4	7.799869506219319E-5	4.2484775029663706E-4	0.004170305628075587	5.255002859709155E-4	2.2632829421422146E-4	0.01248385635157853	0.2669184416166626	2.9273913685132284E-4	0.008663548290447052	0.3210267438383578	0.024386851701297216	0.28299374757675866
32	32	0.11913848039905639	3.2025684144518137E-4	2.5708909026358176E-5	3.1014666201324616E-4	0.4285565919074441	0.012966781228273657	0.001149692395588886	2.4902021372059935E-4	0.11052387809652685	4.370126444385497E-4	0.004289716232155615	5.405472183035395E-4	2.328088739948918E-4	0.053746367407579515	0.11094104458944594	0.01257263751877289	0.029364143369677766	0.02752147505056678	0.08644271466653884	6.709757754303935E-4
33	33	0.08386464046423567	0.4705494601272026	9.921597524699967E-6	1.196919850223795E-4	0.14644549240121296	2.6831708536362894E-4	0.002022300265882481	9.610202959283417E-5	3.096320977729488E-5	1.6865218072376143E-4	7.687956012767449E-5	2.0860830530013215E-4	0.003247066319655663	2.1989643721594948E-4	0.017556669541695765	0.006430650069554427	0.022382499775262694	0.12112382438620806	0.12334081059649787	0.001837553661943448
34	34	2.116602574145555E-4	0.023722052839804147	1.0590316850901594E-5	1.277592688823264E-4	0.05521542022329429	0.00197141096046863	0.0021586040483944813	0.0220076990036476	3.30501415166408E-5	0.0018650286045603754	0.0017670704755463154	0.017072760629482136	9.590137561962442E-5	0.0052897451523272205	2.048942806461201E-4	1.2404143290706293E-4	0.4181832424149113	0.20174301055113447	0.14176408187216116	0.10643197615043071
35	35	0.11036853413729387	0.062222719738081446	1.2583414810504527E-5	1.518035672460764E-4	0.15370059555110416	3.4030257501079176E-4	0.02258613329046126	0.16429637990171944	3.927017917451286E-5	2.1389905642311797E-4	9.750520449224807E-5	0.05432203052767173	1.1395001748384923E-4	0.0503320911191083	0.0683158070276636	0.06821973767147389	3.576002470423361E-4	0.22169189948626994	0.016282359286001434	0.006334798001467498
36	36	6.329148796207362E-4	3.944842863590475E-4	3.1667584631657444E-5	3.8203082275723544E-4	0.11976010410057508	8.564098662255832E-4	0.6161230708646983	3.067368080421259E-4	9.882784134804949E-5	5.383011347806925E-4	2.4538286004111546E-4	0.025858738506260033	2.867680893294782E-4	7.018616728203365E-4	6.126829880780374E-4	3.7091360246526155E-4	8.999414116159733E-4	0.16490336938301925	6.677464310102239E-4	0.06632804686632178
37	37	3.604735731976823E-4	2.2467659530993372E-4	1.803611789559129E-5	2.175837860431923E-4	0.32361201754661495	0.011966561180791547	8.065681655042717E-4	1.747004483327272E-4	5.628691353171004E-5	0.03474297817193338	1.3975660741850825E-4	0.0061186201556764535	1.6332736228545186E-4	0.10944831463030569	0.03478534199257104	0.003080951310467632	0.03494894862230599	0.010698628051586865	0.3648321206350258	0.06360410813320161
38	38	0.021324465003325296	4.0467933484195843E-4	3.2486001414835934E-5	0.16062465037103804	0.19004956069493753	8.785429153971953E-4	0.016959156134652868	3.1466411145475545E-4	1.013819472246211E-4	5.522129846496633E-4	2.517245325525461E-4	6.830401741509419E-4	2.941793213485016E-4	7.200005798189984E-4	6.285171619199459E-4	0.05723728045223752	0.1146367614133498	0.32422907871207346	6.850036639947687E-4	0.10939261448961678
39	39	0.02375821760434433	8.750864477855347E-4	7.024835995632639E-5	8.474608677490785E-4	0.053299348343726904	0.08013954611515696	0.0031414792888167903	6.804357816938457E-4	2.1923029032609663E-4	0.0011941160755017102	0.02289855340441616	0.3256132004796897	6.361390739938722E-4	0.0015569432277617893	0.0013591177093625704	8.227994828702444E-4	0.001996344494161522	0.052846890229514304	0.023835484607442503	0.4042093581157298
40	40	7.078082120774344E-4	0.01171076519969202	3.5414835676443345E-5	4.2723684072067553E-4	0.39876704439196137	9.577495422162368E-4	0.02975774082123014	3.430332240075259E-4	1.1052222019168252E-4	0.011871600012753983	2.7441921344024413E-4	7.446208974465446E-4	3.207015905690042E-4	0.24871614140703913	0.08520719176605208	4.1480411070989064E-4	0.0010064322107769812	0.2069557217322005	7.467614092714236E-4	9.24290361966699E-4
41	41	0.02787818172847418	0.031146729784071417	2.156328628536649E-5	0.08946357845547934	0.07811688418124747	0.03146126698787314	0.2102493042429997	0.0036397667918696476	6.729446090506064E-5	3.6654331588680433E-4	1.6708760463212034E-4	4.5338269341135313E-4	1.9526788921998828E-4	4.779159623251325E-4	0.3778163766667135	0.0036834664490149474	0.10353984403564585	0.012790866686085006	0.024470997762422068	0.003993681015437921
42	42	2.5352508308003384E-4	1.580175544820114E-4	1.2685002807164082E-5	1.530291026444191E-4	0.21347189950123133	0.002361341395133956	0.0025855598844626284	0.05865332230047493	3.958721384998666E-5	0.012325374904675213	9.829238019434595E-5	0.0406325407911786	0.008188035958665489	0.15568958849509665	2.4542084639768153E-4	0.008221741910121939	0.27686642284247154	0.20329873998307876	2.674774679016989E-4	0.016477397382051673
43	43	8.755486414115657E-4	5.457134791756585E-4	4.380764553623404E-5	5.284858653392311E-4	0.40962712008560054	0.0011847224943022233	0.0019590608411280464	4.243271950141786E-4	0.028017385780940523	7.446638440700958E-4	3.394526446643584E-4	0.1263841065913549	3.9670328364387687E-4	0.014911262511405772	0.08448957479035547	5.131067560208603E-4	0.029125613633767682	0.005075227330049083	9.237331895700758E-4	0.2938903833966497
44	44	3.9944758437598026E-4	0.003428936436916172	1.9986163371159027E-5	0.12743983079548218	0.002444175524762425	0.003720468620753799	0.00407374149161406	0.019273397184067842	6.237259348243899E-5	0.0066996707114407575	1.548669400053104E-4	4.20222616360881E-4	1.8098613928529673E-4	0.245300501557175	0.003566646810178141	2.3409236737446292E-4	0.09914698397613415	0.32349222120814564	0.016321270863027492	0.14362018041604682
45	45	0.0010603125529249225	6.608734511167967E-4	5.305221695195337E-5	0.009081067894501362	0.1584269707737148	0.001434730262862331	0.002372474473197539	0.20309925239282614	1.6556476097165276E-4	9.018076029492653E-4	4.110861273006003E-4	0.19525978218190645	4.804181647246885E-4	0.0011758180540078832	0.0010264183765311017	0.07659090370021579	0.0015076579906056107	0.17496738526223543	0.001118665314671106	0.1702057584457846
46	46	6.700521114566529E-4	0.05375990670377957	3.352572775645505E-5	4.044470554767175E-4	0.08944761538739586	9.066610023146008E-4	0.11351803594771691	3.247350512809253E-4	1.0462671347787682E-4	5.698867629331968E-4	2.597810681656707E-4	0.03271026639982637	3.035946379847308E-4	7.430444613746081E-4	0.15534123191438817	3.926775155748754E-4	0.16097957320357867	0.2279215978911479	0.10739147837448908	0.05421726206988116
47	47	0.07027373658514222	0.004699086852457408	2.7389460042876618E-5	0.04826726902781425	0.11665482814496819	7.407133851270054E-4	0.009940636630581605	0.09178110008091755	8.547671832919573E-5	4.6557947483534507E-4	2.1223292267084256E-4	5.758819412303221E-4	2.4802722454588173E-4	0.022396520462724914	0.10076150518497236	0.013394491092599345	0.16637838636416272	0.31694160205497857	0.004935432714612997	0.031220103677286438
48	48	0.2131699943706453	0.16568436875751877	3.708664236350145E-5	4.4740515136314175E-4	0.28187301580685015	0.0010029614444775534	0.0016585001977146212	3.592265855416116E-4	1.1573957566589886E-4	6.304169358568998E-4	2.8737355495627115E-4	7.79771764926141E-4	3.358407562159046E-4	8.219664730133957E-4	0.22494789883825278	4.3438551700073673E-4	0.0010539422462722697	0.03380057825338159	0.006682812574962813	0.06587671455302065
49	49	0.0011798196606190789	7.353600489383128E-4	5.9031696292456626E-5	0.06645924929780324	0.08235873303438974	0.0015964377363454772	0.13413408207983518	5.717895540400307E-4	1.8422545273203558E-4	0.029180779929694207	4.574193655060383E-4	0.0012411813815168709	5.345657697790706E-4	0.0013083437082797543	0.001142105294624251	0.07583096903560912	0.5652241891849258	0.006838972391584693	0.029422079526818197	0.0015406658506665308
50	50	0.01676214786000191	4.1987093186345183E-4	3.370552067327938E-5	0.01649511840816442	0.42778585788601975	9.115232748761749E-4	0.1945693261956067	3.264765514950006E-4	1.0518780918713578E-4	0.005935777094517759	2.611742309426444E-4	0.04897418850287853	3.052227656689984E-4	0.006109863408973102	6.521115949015791E-4	0.011120451626766547	0.1135773728412737	0.052170377541387467	0.10260456693587297	8.796790189288878E-4
51	51	0.004161717266303494	2.89470721136351E-4	2.3237525237263646E-5	2.803324278909243E-4	0.21358717126088522	0.030206727890681816	0.10456321727658627	0.2738243417072685	7.251940696398451E-5	3.95002850713446E-4	1.8006079305767732E-4	4.885847009059373E-4	0.02239415283781733	0.007909597393031731	4.495839061774487E-4	2.721746637258383E-4	0.00435766008443858	0.2873832480468379	0.048554724010326844	6.064752300134842E-4
52	52	5.380326392998868E-4	0.0817167505071226	2.6920198415674857E-5	3.247593925823834E-4	0.26885253499329037	7.280227965629851E-4	0.0012038607851664878	2.6075293805736063E-4	8.401225192977664E-5	0.09040547096488138	2.0859675143992387E-4	0.009132479038697123	0.0045270096125882295	0.026296034326716598	0.013370529234947892	0.2615924498365083	0.005048260212883446	0.2215635964050682	5.676424843650329E-4	0.013552284629476354
53	53	0.13618396448836614	4.818946357834257E-4	3.868452987839366E-5	4.666817172613043E-4	0.14014166950829057	0.013356247704495762	0.3464120125426352	3.74703955275659E-4	1.2072624502040124E-4	6.57578611511143E-4	2.9975511840637E-4	0.09313891899545668	3.503105414849393E-4	8.573811096907961E-4	0.013058515502639076	4.53101128607264E-4	0.013409425027234289	0.1952878391622015	8.157065675221264E-4	0.04409488290823899
54	54	0.004338150543994483	3.0174264276331525E-4	2.422266489973742E-5	2.922169375610874E-4	0.1070211185108417	6.550714065408502E-4	0.06660176136026678	2.3462423800367437E-4	7.559381972394288E-5	4.117487378530976E-4	1.8769435244433462E-4	0.015925423393523035	2.193500834547973E-4	0.20480051926289372	0.06984120831045906	2.837133303273408E-4	6.883688635090402E-4	0.2610263589588312	0.26643892623194404	6.321863501647857E-4
55	55	2.2096861100209293E-4	1.3772569997271193E-4	1.1056055743296367E-5	1.3337784113282095E-4	0.006629419089983176	2.989970763552819E-4	0.009289983562818767	0.2006458826640301	3.450361420496177E-5	0.07407064913978557	0.06165459754693536	0.06356050067045625	0.10212862717308652	0.07940508941652584	2.1390508142476005E-4	0.04762552621266621	0.03901466383111535	0.3056072848066814	2.3312929765587363E-4	0.009084112608423605
56	56	6.45933227742979E-4	4.025983850063316E-4	3.231895127541931E-5	3.8988876764717187E-4	0.014236832226388083	8.740252551709796E-4	0.022014167612456618	3.130460396269336E-4	1.0086061903153459E-4	5.493733844509368E-4	2.504301098342647E-4	6.795278318696612E-4	2.9266658680117397E-4	7.162981790309505E-4	0.18060295633781429	3.785428786217353E-4	0.3711582328447099	0.2608551916180132	0.14466361814413564	8.434910003722324E-4
57	57	0.11921369993308312	0.19758502545148396	1.4947657575426454E-5	0.0025586243347594413	0.24203620459684047	4.042405372388133E-4	0.0078033506011365855	1.4478517467383616E-4	4.6648481359466993E-5	2.5408761447254523E-4	1.1582503084578999E-4	0.02885387333232495	1.3535958781558623E-4	0.007466188246438335	2.8919715900670075E-4	0.01682317116682131	0.2977121706057234	0.004110023266762357	0.04312457114107675	0.031308006080561133
58	58	0.00724412840450663	0.12533541659455708	1.4566577131837848E-5	1.7572800424032477E-4	0.12230002433014787	0.0027116006271117443	0.040051732457443215	0.060400408143908076	4.545920980440909E-5	0.009518273540588039	0.032560195164221414	3.0627214638886946E-4	0.0024495746160600766	0.08839415035104138	0.0535881406533499	1.7061426257804522E-4	0.0027316244344520522	0.44899709947985794	3.071525664163285E-4	0.0026978384361947567
59	59	0.0679123375817233	0.03774187965400402	9.458717054460725E-6	0.018173652885830918	0.04781056306074539	0.024335192386708997	4.2299014160387564E-4	9.161850236467021E-5	0.016584101564826027	1.6078391147317532E-4	7.329283461748403E-5	1.9887593002359557E-4	8.565409230814094E-5	2.096374274134398E-4	0.042321939163142766	1.1078731953122789E-4	0.3719944357738676	0.3186428158675454	1.994476253404462E-4	0.052920535559875075
60	60	0.0032653596446867985	0.0020352390354794582	1.6338066338854673E-4	0.0019709886302649356	0.12396136929017533	0.05640892153018156	0.03330156844078452	0.33952076349493676	5.098765336387855E-4	0.002777224645524661	0.027261237847146486	0.0034351890633990165	0.001479505343343389	0.0036210726850871913	0.0031609784643631556	0.0019136322247333452	0.16061450651778936	0.2268900566571187	0.003445063971336889	0.004264065316621147
61	61	6.113524372573618E-4	3.8104480980104505E-4	3.058871843591155E-5	0.010102864537706382	0.28115549209797774	0.03489570451498522	0.01110176449227415	0.07330015366173008	9.546092787898874E-5	0.00538688649858116	2.3702304113502954E-4	0.029844695278100207	2.769983389302978E-4	6.779503186168791E-4	0.06386182780209466	3.582771430732161E-4	0.06900622423081694	0.4074985111750525	6.449973309406619E-4	0.010532182644611683
62	62	5.671852713266933E-4	0.004868829652262211	2.8378836017144542E-5	3.4235607794616194E-4	0.18859839449920263	7.674698098946387E-4	0.0012690904904258736	0.040912702386735764	0.10845608668174894	0.21721744203293192	2.1989930799974226E-4	0.005111997671356637	2.569865898106918E-4	0.04578210609193333	5.490545064109211E-4	3.3239340553833306E-4	8.064805081394232E-4	0.22905343196512398	0.009629026350000455	0.14523068786519455
63	63	0.07294932251514785	3.151011496185338E-4	2.5295031178999504E-5	3.051537300802763E-4	0.5423970420198704	6.840721993846964E-4	0.0011311839394998657	0.04854085853533645	7.894044832686971E-5	4.2997734580478385E-4	1.9600380539686334E-4	0.004556499089878806	0.024376984574566236	0.04080716349099366	0.08098246980875691	2.9627365800720244E-4	0.10133519211272769	0.02707841739929166	5.333740160019655E-4	0.05298067513013028
64	64	3.8242231400246844E-4	0.01241608216861827	1.913431234380901E-5	2.3083216395012728E-4	0.20022803629589478	0.027917345311436165	0.16525497086719185	0.131095884951554	0.042681752780345285	3.252544255498375E-4	1.4826619530528215E-4	4.023118717714871E-4	0.0032177034720610367	4.2408161614155014E-4	0.006459060383037635	2.2411487344831528E-4	5.4376613376993E-4	0.04179436613033114	4.0346837076549755E-4	0.3658311453624815
65	65	0.08011640125719177	0.09935046071163775	1.5200720591815855E-5	1.8337817240374492E-4	0.3501320959883874	0.0028296478380791584	0.005516897364522518	0.0025657999105696216	4.743823756997978E-5	2.5838930373864923E-4	1.1778594221476713E-4	3.1960544197698847E-4	1.3765121815411847E-4	0.10191656810551182	0.01480547443627773	1.7804180837783102E-4	0.09717452106954293	0.20008325173576996	0.002739087721229137	0.04151230301625235
66	66	0.04143295091627821	0.0161801172642977	1.4366792577786961E-5	1.733178470260626E-4	0.2074860298415089	3.8853177634941283E-4	0.005214234393052958	1.3915883223718505E-4	4.4835724418921436E-5	0.007101849325673831	1.1132407770785898E-4	0.011731464106399905	1.3009952306897057E-4	0.03003483778959896	0.018564987081121836	1.6827424171690728E-4	0.13070335619870158	0.4794130387566467	3.029398857054325E-4	0.050664285625910896
67	67	0.005321103785344838	1.9599221992832165E-4	1.5733453590791416E-5	0.17792594157468658	0.18967353736006534	0.0029288172669045417	7.035939149007875E-4	1.523965086081683E-4	4.910078471135523E-5	0.0753672210004328	1.2191393455922342E-4	3.3080651396333766E-4	1.4247542012644894E-4	0.01286533632805724	0.012821029548301194	1.8428156168079094E-4	0.18318990760568443	0.16954559383334203	0.16555126474907697	0.0029139526360348247
68	68	9.482529454814149E-4	0.14402127994387126	4.744536962260307E-5	0.3553735182784604	0.028449136510378507	0.12206646958321474	0.06251342316068244	4.5956271700834186E-4	1.4806697499356364E-4	8.064996621941577E-4	3.6764030566649675E-4	0.03874237396613007	4.2964495563716865E-4	0.02369843296427636	9.179408903129205E-4	5.557144054940992E-4	0.0013483204800571573	0.11873107577396465	0.09913692633238042	0.001238274780173249
69	69	0.03401757969802016	3.7376839953596054E-4	3.0004597988400245E-5	3.61968915196318E-4	0.21849873129206093	8.114364909191796E-4	0.20184920360759265	2.9062887872883473E-4	9.363801136715948E-5	0.07689380798657741	2.3249686246728444E-4	0.1152065296586382	0.06233352607464281	0.019760947996038506	5.805086483683353E-4	3.5143550289193587E-4	8.52682027465302E-4	0.26604533606565994	6.32680498171678E-4	7.830887876690251E-4
70	70	0.0029198556622859256	0.0972268554463652	5.871279516810019E-6	0.010346703714922923	0.04275568451142085	0.0010929516986480754	0.03669520509424199	0.4662078761420023	1.8323022969591853E-5	0.11126607487951311	4.549482938763226E-5	0.013201832567034541	5.3167793772050254E-5	0.00666932004722401	0.03280955589137649	6.87686624032407E-5	1.6685224458413042E-4	0.15294997020513282	0.005728824610752848	0.019770811696445456
71	71	4.251339176184799E-4	0.0070338877152086	2.1271366418243722E-5	2.566131174339252E-4	0.03306144013891023	0.07503326185156844	0.264938718032158	0.08143295163012221	6.638344067254464E-5	3.615811188147825E-4	1.648256028807838E-4	0.1324409802871421	0.09834181225430674	0.05123826733274504	4.115439964626779E-4	2.4914559286160566E-4	0.11567595938219967	0.1378425321463797	4.4853054546805076E-4	5.551605306281995E-4
72	72	0.05409898045175611	0.2551726626682078	1.4702882612226836E-5	1.7737236377784595E-4	0.2825204597184731	3.9762090723142725E-4	0.08019551894851429	1.424142489536149E-4	4.588459041197478E-5	2.499268095993963E-4	1.1392834117921097E-4	3.091380613986528E-4	0.06095632847886217	0.033076812041991324	0.05408958702532857	1.7221077072209534E-4	0.01679330509631234	0.006382072978927345	3.100267198800534E-4	0.1547810468958604
73	73	0.008013278166375372	0.03615252009615663	4.474324941101902E-5	5.397727860885215E-4	0.11225725861456264	0.008329055073395188	0.0020009006819015685	4.3338958955678274E-4	1.3963422867963013E-4	7.605676975960289E-4	0.0074657327186094255	9.407571119486699E-4	4.0517571179594784E-4	9.916629968564708E-4	8.656620978304537E-4	0.03611921698824629	0.0012715306046734178	0.02654071048098914	0.02941958285502508	0.7273088482503017
74	74	1.9370824750952702E-4	1.2073481322867278E-4	9.692096867012915E-6	1.1692333922576065E-4	0.12609495725578282	2.6211052967475693E-4	0.00660180595367477	0.21598714957520976	3.0246986710364315E-5	0.2869943818526284	7.510122659135963E-5	2.0378289859056002E-4	8.776747997922839E-5	2.148099199652282E-4	0.14051814196793683	1.1352083230219762E-4	0.02649104509942306	0.12757462684592083	2.043686996413189E-4	0.06810512437913763
75	75	9.482529454814149E-4	5.910287441974132E-4	4.744536962260307E-5	0.1817474247209605	0.239820033015161	0.1900071148883234	0.00967069903448682	4.5956271700834186E-4	1.4806697499356364E-4	0.07629610555675934	3.6764030566649675E-4	9.975710188474816E-4	4.2964495563716865E-4	0.0010515511959068055	0.053760665016508544	5.557144054940992E-4	0.15987649285864403	0.08098627282668207	0.0010004386694456879	0.001238274780173249
76	76	0.0014697064976288154	9.160412206168696E-4	7.353604156888667E-5	8.871227404816974E-4	0.4419006567316384	0.03708931259741066	0.003288503129665217	7.122807416244935E-4	2.2949045006319879E-4	0.001250001699979354	5.69809298882778E-4	0.02494656049138122	6.65910911199766E-4	0.0016298094644240405	0.0014227255473982818	8.613071823003574E-4	0.27119455252441654	0.20742286889806058	0.0015505896606701046	0.0019192141705888178
77	77	0.006569244175503907	8.39628638787208E-5	6.7401952111615274E-6	0.3250252410382493	0.0029691256865563656	0.04307916836414956	3.0141890389483975E-4	6.528650633448393E-5	2.1034725279226026E-5	0.002259417558388217	0.010776449875671782	0.06126978298076856	0.047247613441161365	0.0012218079195156601	0.04731698185259352	7.894603002313593E-5	0.1267373658749149	0.30856604226481393	0.010866346625030087	0.005538023118061223
78	78	0.09269950874030439	3.1383806003572E-4	2.519363551472527E-5	3.039305149378124E-4	0.2556178393965126	6.813300815917865E-4	0.001126649564896795	0.0643803655778869	7.862401388013719E-5	4.282537725744435E-4	1.952181200222198E-4	5.297132438593847E-4	2.2814277766541858E-4	5.58376881990366E-4	0.020530034521630748	2.950860388203347E-4	0.5057896112506864	0.055029520159224785	5.312359750453671E-4	6.575276729196194E-4
79	79	0.028932287161589406	0.0010656629558741272	8.554706235687853E-5	0.0010320210712878833	0.22824204702749	0.0023135123528115896	0.003825631299867093	0.08249619900103536	2.6697430842090693E-4	0.0014541709220799567	6.628791893481335E-4	0.0017986849050513993	7.746775734612696E-4	0.0018960146468083143	0.001655106645983795	0.001001988924895452	0.3018788939823104	0.28213610434044883	0.0018038554640857974	0.056677741164793474
80	80	0.021869924717931876	0.0015211756287616537	1.2211375618541051E-4	0.0014731536771153853	0.24808571224142847	0.003302412445264454	0.00546087960166738	0.001182811516130044	3.8109123455666946E-4	0.0020757495177332335	9.462238150359108E-4	0.0025675244000025453	0.0011058098983377724	0.002706457287083001	0.0023625742820409857	0.0014302844294609093	0.23662228289403184	0.014147189724098182	0.04143357307877213	0.4112030558543622
81	81	0.001343913921377277	8.37637005026947E-4	6.724207190132744E-5	8.111936654204118E-4	0.3398855574665335	0.0018184769843222757	0.003007039258232902	6.513164404882741E-4	2.0984830043322168E-4	0.0011430137167235857	5.210391670270704E-4	0.012112593862874312	6.089154163788783E-4	0.001490313631984155	0.0013009540833713808	7.875876678392606E-4	0.3763683428010905	0.0933804355240716	0.012116658048046567	0.1515379209668566
82	82	0.0015418671618817703	9.610176448685474E-4	7.714656490446761E-5	9.306793052314225E-4	0.6968161794768669	0.0020863314994838743	0.0034499643265895126	7.472527932097155E-4	2.4075813061233411E-4	0.001311375146401045	5.9778618921512E-4	0.001622058758620559	6.986062648387356E-4	0.0017098309746700231	0.001492579508522864	9.035962369523644E-4	0.014467052885504931	0.09486033420262552	0.0016267215823008803	0.1738588613466995
83	83	0.007892011964202842	1.2054891537440075E-4	9.677173747799885E-6	0.012434506467147931	0.23984011548227674	2.617069527465651E-4	4.3275943982030426E-4	9.373450551393801E-5	3.0200414808049765E-5	1.6449734548756964E-4	0.004694146775640684	2.0346912990551995E-4	0.001627352737246841	0.23733141994831508	0.0586966024026652	1.1334604196148467E-4	0.06648298655781759	0.14123568114294546	0.020220419159391257	0.20811481744298477
84	84	0.00138847903220399	8.654136247700669E-4	6.947186529719421E-5	0.089266595892131	0.1300851403245595	0.10136084423012325	0.003106754750179061	6.729145420421844E-4	0.01127036982533111	0.0011809168384577789	5.383171845059154E-4	0.0014606930032797316	0.022736233092361405	0.2557716781061516	0.12293328553507564	8.137046171056533E-4	0.001974277774903335	0.2512268744032124	0.0014648919596302182	0.0018131433986790172
85	85	2.776186430326985E-4	1.7303463041088083E-4	1.3890512226276061E-5	0.006797866917514269	0.07242186239454626	0.0025857496461092985	6.21178295080935E-4	1.3454551181963766E-4	0.004463545895796115	0.15273289842912244	0.03767930412515823	0.05996471073741166	1.2578653210434186E-4	3.0786112237051876E-4	0.24558965229263893	0.062045447286810246	0.03575631817022078	0.315443205688811	2.928969819418229E-4	0.002572626186873639
86	86	0.08100931693827235	0.02129233621659125	2.2016505070779644E-5	2.6560230735186866E-4	0.030716573931593685	5.954085978370499E-4	9.845695292386015E-4	2.1325505459936835E-4	6.870886098456624E-5	3.7424735108019066E-4	1.7059946456973819E-4	4.6291192522304985E-4	1.9937204451483923E-4	4.8796083624221936E-4	4.2596043464318133E-4	0.0037608858260078496	0.056673875483001256	0.3738700071419099	0.4278317836771268	5.746078741415261E-4
87	87	0.0202346260352381	0.03934970593595716	4.06880199269831E-5	4.908513835162863E-4	0.28982346975442963	0.27947414136237225	0.10540049573178864	3.9411004985459764E-4	1.2697871419250397E-4	0.026586870751087663	3.1527957737301074E-4	0.08501500962415237	0.006842262247940284	9.017852817594217E-4	7.872042632175319E-4	4.765674497703478E-4	0.0011562875576037115	0.10182094513058125	8.579523953953612E-4	0.0399047687338429
88	88	0.003352508949008971	0.0020895576053680674	1.6774113595614733E-4	0.4290481841581332	0.12726977885971263	0.05791442132311198	0.007501318248802505	0.0016247649203126467	5.234846473021989E-4	0.00285134609680115	0.0012997770485570093	0.0035268709513581217	0.0015189919161694826	0.003717715627900199	0.0032453419355032665	0.00196470522595248	0.1382121160386498	0.01943323790076719	0.19036026829707567	0.00437786911355742
89	89	9.411482544001126E-4	0.03804860427730679	4.708988989958922E-5	5.68082144285285E-4	0.12563719394763265	0.0012734866513680779	0.002105841530310348	4.5611948896208404E-4	1.4695759787885495E-4	0.01578525854644569	3.6488579716405294E-4	0.06842170358016599	4.264258834486903E-4	0.0010436725529363914	0.045865467818076384	5.515507704647762E-4	0.4583746641619409	0.050409888209444	9.9294298200694E-4	0.18853901591586245
90	90	0.024201609455911818	4.592795746667505E-4	3.6869085292571585E-5	4.4478059038791334E-4	0.06317068593293966	0.4233623314858031	0.013381139285755786	3.57119296265204E-4	1.1506062600996237E-4	6.26718794065434E-4	2.856877687838212E-4	0.03597230194669626	3.338706525191323E-4	8.171446663769627E-4	0.006579502179127361	4.3183733159730313E-4	0.22396275458143314	0.1391936112388584	0.006643609966240999	0.05962408554126847
91	91	0.0037531844649790775	0.0023392913374517964	1.877887382805226E-4	0.241295686267655	0.3815106859583171	0.0050785094632295	0.008397839214297138	0.001818948897947916	5.860489787776572E-4	0.06294968606190628	0.0014551200610583275	0.03382716585758067	0.0017005344203126983	0.00416203886464484	0.003633209372782318	0.18147220017632232	0.005336651474353725	0.051634584193160776	0.003959735522278414	0.004901090674663987
92	92	0.0019186872956116557	0.0011958827528420406	9.600057491439859E-5	0.0011581299630617193	0.2103088058144361	0.0025962144090342035	0.05011662464085832	9.298754629367634E-4	2.995975126400146E-4	0.0016318648554067168	7.438804036395354E-4	0.002018477084045664	0.04669285644002501	0.0021277001351652273	0.09350438679389625	0.0011244280072007537	0.4151398276789462	0.011121911153681802	0.15476933390513095	0.0025055151165267794
93	93	0.15254905302544403	1.5898015939559175E-4	1.2762276791507048E-5	1.5396131910991992E-4	0.36503571602061274	3.4513967158777796E-4	5.707240459932755E-4	1.2361726010715602E-4	3.982836962974714E-5	0.1362662313922882	9.889115371955802E-5	0.006360094851288216	1.1556971501185402E-4	0.04292517096546404	0.02867512614979781	1.4948099501294114E-4	0.0023932696615956836	0.23702657013417505	0.026666730687884294	3.3308214509061114E-4
