0	0	0.009317378979155806	0.1505393038448875	2.898074328684072E-4	2.1618704961771766E-4	0.006400421911318219	2.3581843564557017E-5	1.2872672333973773E-4	0.11235603292843181	1.589902494734795E-4	3.567454496432458E-4	6.89813485945643E-4	0.07308179443902033	0.38644613348541457	3.3713591594200845E-4	0.006254989905719748	0.04877229680469294	0.19403529073677087	1.4109820730580646E-4	0.010186501453503093	2.6776915338458076E-4
1	1	0.01425596047932302	0.08615042553943604	2.245513184617133E-4	1.6750808129910593E-4	2.6818082150517755E-4	1.827190562977589E-5	9.974124942585423E-5	0.11520308261797989	0.05641584106381156	0.02842274223397704	0.0052255419960957235	3.3327197373956137E-4	0.24548270095939112	2.6122281846356366E-4	1.5549582829971835E-4	0.033099155095799866	0.335640889356992	1.0932703888754172E-4	0.0782586142098239	2.0747541165787358E-4
2	2	0.0667777843954651	0.42744016781903393	0.06883252327762386	1.44174657139858E-4	2.3082395602725352E-4	1.572667843267118E-5	8.584756226176382E-5	0.0022531312743777885	1.0603023977131322E-4	2.3791273797144316E-4	4.600350622413628E-4	0.010380855638062687	0.162836386235439	0.0062812397151534	1.3383567860083764E-4	0.2323874845662283	1.984023026296095E-4	9.409807709266251E-5	0.020924965480324232	1.7857464612296576E-4
3	3	0.0011238940482130111	0.010522489284433507	0.0013806068770543566	0.0010298884486093852	0.0016488537631421842	1.1234099511046947E-4	6.132382380413727E-4	0.0016738969379746756	7.574099450628765E-4	0.016120474862107794	0.0032861863933415125	0.8528870811837748	0.0816217410428045	0.0016060739348355642	9.560336201742586E-4	0.01603045547602373	0.0014172549025556122	6.721744622571189E-4	0.005264286353579485	0.001275619230903706
4	4	0.24216708961706426	0.12767898615552964	3.7346767222288624E-4	2.785949048522979E-4	4.4603108023806624E-4	3.038933865708813E-5	1.658869451440221E-4	0.14869145841613607	2.0488680289976543E-4	0.016063797766741064	0.004789962763152891	5.542889220259143E-4	0.31465576842500853	0.008236493081785487	2.5861645094445076E-4	0.004336395096101995	3.833813217946753E-4	0.004082846952497325	0.12625659080077703	3.450674864265498E-4
5	5	5.253663684132948E-4	0.004918757235898174	6.45367258913535E-4	4.814232755988101E-4	7.707597659796699E-4	5.251400763173806E-5	2.866593577964228E-4	7.824662447498034E-4	3.540526910614793E-4	7.944303936147817E-4	0.6014954257734376	9.57833699834974E-4	0.3752100169591031	7.507622554718701E-4	4.468996983395101E-4	7.523506637425786E-4	0.00740361408515506	3.142092056966314E-4	0.0024608004715970717	5.962905879638786E-4
6	6	9.580941318971456E-4	0.08273154710814555	0.0011769359838374395	8.779564948228041E-4	0.0014056103574308118	9.576814501150115E-5	5.227716600657965E-4	0.0014269590947866453	0.025232796147353576	0.0014487777369949376	0.4084889020440817	0.0632145746697632	0.020406436347670188	0.0013691415261123175	8.14996932176776E-4	0.001372038256346152	0.0012081775926298327	5.730134516893595E-4	0.38558806591749917	0.001087436401685041
7	7	2.8721772062971403E-4	0.3970233510847264	0.12934066659780954	2.6319403789243725E-4	0.07781408090119822	2.8709400677231335E-5	0.07754942327529377	0.029910710051767788	1.9356055701970029E-4	0.029917250850290258	0.008210538186949437	0.1000285560931945	0.13141992448768802	4.1044162077352503E-4	2.443200030006578E-4	0.011467410952527046	3.6218780881572954E-4	1.7177812910563857E-4	0.0013453192759773744	0.0040113589646630305
8	8	0.12539629315948228	0.09881513912148562	0.0010836799842394136	8.08390510221565E-4	0.023933165023867272	8.817983586355876E-5	4.813491915624553E-4	0.001313892200242445	0.06851130381434663	0.0013339820149554883	0.025218356795963036	0.11480301343628285	0.2904566663597758	0.0012606558791763954	0.012069884611021809	0.0012633230833550902	0.0011124461249545326	5.276100117790821E-4	0.23052139682763417	0.0010012720137904945
9	9	1.0156421816046814E-4	0.127361055583485	1.2476287980876948E-4	0.005305859117663184	0.02100016389670634	0.2463144800658507	5.541720084006584E-5	0.05358236457052801	0.2229152186996163	0.0053663698871590825	0.13582950684763395	0.018429934163629983	0.08165826282978553	0.01057071794110397	0.024847147535128768	1.4544499141866006E-4	1.280746938210228E-4	6.074315798284075E-5	0.04087484636751957	0.005328065352157766
10	10	6.025404735895453E-4	0.36901508624523605	7.401689891177811E-4	5.521423256544273E-4	0.05500348091680459	6.0228094013853004E-5	3.287684092287637E-4	8.974072381208954E-4	4.060615390972526E-4	0.024105200208531564	0.11000078514025387	0.008829892546044346	0.1442665738192626	8.610460664457875E-4	5.125473804076477E-4	0.20960950985173782	7.598166762612077E-4	3.603652136668674E-4	0.07240449570446847	6.838831620567279E-4
11	11	4.34555345515833E-4	0.16019360336214522	5.338137517800814E-4	0.08961253185370001	6.375318188459096E-4	4.343681686315865E-5	2.3710949874616868E-4	6.472148005375112E-4	2.928537088502717E-4	0.006233006158116831	0.006846504218869949	7.922695082968367E-4	0.33823340895297754	6.209909330742928E-4	3.6965185535072577E-4	0.028501781004493316	0.24588737453689105	2.598972796034422E-4	0.11912924447684996	4.932201184919344E-4
12	12	0.5460719199655624	0.2277901068275599	8.158615974965018E-4	6.086065837353968E-4	9.743805333676728E-4	6.638725712472728E-5	3.623895671169224E-4	9.891796517588643E-4	4.4758699815922095E-4	0.001004304512016107	0.001941952720287164	0.0012108760115889996	0.02266790393803766	9.491000428508268E-4	5.649625027798735E-4	9.511080798116706E-4	0.01788151107608702	3.972175857500481E-4	0.17355082478977316	7.53819759135809E-4
13	13	5.674436006456692E-4	0.5732322508253195	6.970555086020139E-4	5.199810520141931E-4	8.324908542608748E-4	5.671991845402169E-5	3.0961825485337067E-4	0.008126154718304855	0.3425903397615067	8.580572912891473E-4	0.0016591647961793393	0.02287760716469483	0.0339290343887499	8.108917187837278E-4	0.007763712238542821	8.126073446071857E-4	7.155587541526528E-4	3.3937460362184904E-4	0.0026578889781066297	6.440482273108976E-4
14	14	2.3520804322963104E-4	0.3341840092062325	2.889327891162398E-4	2.1553459343198037E-4	3.4507137733946134E-4	2.3510673160353845E-5	1.2833822390343375E-4	0.12408900841769166	0.0031765273901999745	3.5566878582011233E-4	0.0278498844011206	0.0034468418948031825	0.25248708555031596	3.361184340244767E-4	2.0007828800273954E-4	0.17236379720091333	2.96602471485397E-4	0.003158689346519298	0.0765521318911557	2.669610215340173E-4
15	15	3.125594377353146E-4	0.18741087809059723	3.8395230396649646E-4	2.864161038482829E-4	4.5855283772959515E-4	3.12424808389937E-5	0.004181077307959248	0.0044760507419829764	2.1063874031577735E-4	0.5819999634139102	9.139016022278937E-4	0.004580383178267466	0.09087839925376498	0.09268892142698561	2.6587678015809623E-4	4.476005975589593E-4	3.941442666902024E-4	1.8693441104806295E-4	0.02151668561148795	0.008375821412926652
16	16	0.03820604159243766	0.21774527429671914	0.016212762609505733	1.4301974324515545E-4	0.020255273552336965	1.560069956925837E-5	8.515987869483655E-5	0.05029819920112461	0.04616566769949951	0.12039379862994638	4.5634994242923447E-4	2.845502840542217E-4	0.1815582808130103	2.2303413743796573E-4	0.002135393446904595	0.22451805051717197	1.9681299712617667E-4	9.33443026162392E-5	0.08083624148572253	1.7714417044755674E-4
17	17	5.253663684132948E-4	0.03188321978945118	6.45367258913535E-4	4.814232755988101E-4	7.707597659796699E-4	5.251400763173806E-5	2.866593577964228E-4	7.824662447498034E-4	3.540526910614793E-4	0.06820558677749729	0.03524171214882453	9.57833699834974E-4	0.38195113259749136	7.507622554718701E-4	4.468996983395101E-4	0.28387920747604917	0.17593150504486135	3.142092056966314E-4	0.015943031748373575	5.962905879638786E-4
18	18	0.018016583070690425	0.237381190000888	0.022513296245999802	0.048914242974142326	5.051489185595615E-4	3.441720148778595E-5	1.8787392774944207E-4	5.128212379408892E-4	2.3204290350506732E-4	0.04470131929704523	0.009842899553368565	6.277554680303631E-4	0.10894918558670677	0.13303401332790216	0.06656387928262157	0.049091806312512795	4.341954376747652E-4	0.2520356739777451	0.006030851864363534	3.9080341106588517E-4
19	19	8.723043228217163E-4	0.07532358645518893	0.0010715506046915667	7.993423821173655E-4	0.0012797489830795694	8.719285934538801E-5	0.034054268047341206	0.0012991861085793405	5.878596565904095E-4	0.31471657826536104	0.2935625454461531	0.14709635633206178	0.007386431321750296	0.057210389792691226	7.42020354113346E-4	0.001249183000127176	0.0010999947726435682	5.217045948855477E-4	0.06004969169285184	9.90065007605522E-4
20	20	0.0022050690290905408	0.2469956387962672	0.0027087370653688008	0.0020206309705594625	0.0032350348081166473	2.2041192353423504E-4	0.001203167370010661	0.0032841692699469498	0.058073685506986925	0.42774179525679557	0.17621042927970185	0.004020221988903123	0.01867191359365163	0.003151101207241434	0.0018757285261608717	0.0031577680783886467	0.0027806401296644337	0.001318799660186333	0.03862230519951278	0.0025027523399117984
21	21	0.007572775748965707	0.3142377222674739	6.725705125124333E-4	5.017160302646945E-4	8.032485126400912E-4	5.47275563474036E-5	2.9874250440624817E-4	8.154484380583708E-4	0.007394240928387929	0.4082932494746238	0.0016008844396724435	9.982079095307787E-4	0.12406566882205013	7.824080753457574E-4	4.6573722946506964E-4	0.007809327792369481	0.05689253864570587	3.274536220930619E-4	0.06579190630804661	6.214251820403202E-4
22	22	1.5733455335034555E-4	0.21344720772011985	0.004230874945876226	1.44174657139858E-4	0.23441179915861243	1.572667843267118E-5	0.008161053603730218	2.343297640106746E-4	0.16362895257950752	2.3791273797144316E-4	0.03276085922811518	2.868480862271179E-4	0.32030290404407386	0.010318842735887627	1.3383567860083764E-4	0.006281715405111562	0.0022172038129967234	0.0021128995874597763	7.369503766530925E-4	1.7857464612296576E-4
23	23	4.771214094895019E-4	0.3044485775125944	5.861024890899926E-4	0.3738835895322894	6.999800673055657E-4	4.7691589804025363E-5	2.6033512051458447E-4	7.106115275336615E-4	0.018687754858392133	7.214769957345304E-4	0.0013950691226893657	8.698748005169082E-4	0.2550450730638034	6.818189497057108E-4	4.0586041816144625E-4	6.832614927357378E-4	0.03733409091537651	2.853550362375268E-4	0.002234822516383815	5.4153258164184E-4
24	24	6.756748425929718E-4	0.31843751618450394	0.04417882654065742	6.19159534218459E-4	9.912758312416758E-4	6.753838078304143E-5	0.12174536443929011	0.0010063315593504562	4.553479451398574E-4	0.035700773308499655	0.09734302549767801	0.0012318720292676091	0.14443764588593133	9.655569889689639E-4	5.747586855290483E-4	9.675998443415409E-4	8.520407103507383E-4	4.0410515092835096E-4	0.22857869600328648	7.668906374402946E-4
25	25	7.3285820986007E-4	0.006861405372261704	0.198373724858365	0.01947855723857033	0.2079521394087014	7.325425443925259E-5	3.9987459499702435E-4	0.0010914988965417779	4.938847192505025E-4	0.010511686905294006	0.12438830789422343	0.0013361271920103047	0.2506966053250369	0.0010472735136003047	6.234013682703994E-4	0.001049489258862633	9.241501834214356E-4	4.3830517112058184E-4	0.17269566190202737	8.317937331455536E-4
26	26	6.217689445990067E-4	0.07762407369465686	7.637895068641935E-4	5.69762474287256E-4	9.121910252457442E-4	6.215011288306076E-5	3.392601755129791E-4	9.260455949089295E-4	4.1901990932269843E-4	0.1445456944321656	0.0018180082444535844	0.7351172043195496	0.01324304989301386	8.885240534892637E-4	5.289039620434523E-4	8.904039281699623E-4	7.840641975023226E-4	3.718653076315626E-4	0.018868512755838295	7.057074678616595E-4
27	27	3.536962440896944E-4	0.4117648452027412	0.023126338337172203	0.02301596512977666	5.18904236572678E-4	3.535438958062788E-5	1.929897768141811E-4	0.2728290216618316	2.383614836566405E-4	0.09130225224870513	0.019187665115493274	6.448493898026856E-4	0.012071743004775102	0.02773566478495073	0.06383805799729979	5.065105419820108E-4	0.0049843892796519506	2.115373624865866E-4	0.04704040873727713	4.0144507534015626E-4
28	28	9.822447016041098E-4	0.2864720410245307	0.0012066028751918602	9.000870442354336E-4	0.014044484494382612	9.818216173992759E-5	0.1139669367960494	0.0014629282902344797	6.619502137796423E-4	0.0014852969124729378	0.0028720137618625853	0.0017908018732189486	0.29819656675279466	0.16524841331773707	8.355404670615197E-4	0.001406623068471968	0.0012386319876603322	5.874573365304553E-4	0.10542834963317992	0.00111484728726137
29	29	4.522054989548258E-4	0.1667001202154375	5.554954425566123E-4	4.1438178315092433E-4	6.634261831449227E-4	4.520107195850472E-5	2.46740076480162E-4	0.035487716809030186	3.0474842594378657E-4	6.838005135624514E-4	0.001322216769474262	0.02983629408433341	0.11407416299817325	6.462134631066273E-4	3.846658507675903E-4	0.058671271265566746	0.006372610054118945	2.7045341913943706E-4	0.582355023040524	5.13253034575954E-4
30	30	0.1585131978874309	0.25375072825706246	0.002496804591372953	0.0018625361424942685	0.18554268783708644	2.031668225423327E-4	0.0011090311614367515	0.003027214792046663	0.0013697632974416006	0.003073501834665212	0.16242366765615052	0.0037056785055160613	0.19977178017718916	0.0029045580180924882	0.0017289709127415954	0.0029107032710604746	0.0025630819363993067	0.0012156163434068879	0.009520374377652577	0.0023069361782112946
31	31	0.022941432536647453	0.21111840510218513	4.3252237476594497E-4	3.226478188251181E-4	5.165598963244511E-4	0.01810666205923082	1.921178746993128E-4	0.1902748131870786	0.009273018296248967	0.03667535864180542	0.0010295104032830673	0.1271422078186458	0.17466041104191757	5.03157650371036E-4	0.013853110812162233	0.1902546298535816	4.4400362354409515E-4	2.105816648492796E-4	0.0016492179438915761	3.9963139994257516E-4
32	32	0.010979158611950196	0.29866822534226295	3.414953689768922E-4	0.1144004681231276	4.078466749597455E-4	2.778772887060635E-5	1.5168548111066144E-4	0.18946789574345563	1.8734658863055277E-4	4.203719613087546E-4	8.128435788436385E-4	5.068366394885085E-4	0.16643847941074488	0.03963485747824953	2.3647647951189254E-4	3.9810551893709224E-4	0.17156914561454395	1.6626345255869778E-4	0.004869183699470661	3.1552650299765937E-4
33	33	2.3735708637781636E-4	0.08749883609248338	2.9157270322041065E-4	2.1750388468091823E-4	0.1373998606329386	2.372548490901142E-5	1.295108214768113E-4	3.535131276174488E-4	0.11589245166165653	3.5891845176135685E-4	0.1225176920807513	0.13443878749138027	0.19388216502652764	3.391894727853148E-4	2.0190635845487607E-4	3.399071052448353E-4	2.993124617575333E-4	1.4195766242609966E-4	0.20516643220902514	2.6940018452471543E-4
34	34	3.5209829155389915E-4	0.0846181333296612	0.004950389223784657	0.28043039245798523	5.165598963244511E-4	3.5194663155974276E-5	1.921178746993128E-4	0.06377454141455467	2.3728459821154528E-4	5.324238496557288E-4	0.01006524410132049	0.005159802895140598	0.3824822860967783	5.03157650371036E-4	0.004817377114124811	5.042221947957117E-4	0.07724774005686219	2.105816648492796E-4	0.08297082122622837	3.9963139994257516E-4
35	35	3.5693606033654053E-4	0.672013289694894	0.005018406703628304	3.270809432768468E-4	5.236573387169551E-4	3.5678231656065925E-5	1.9475754060824398E-4	0.023431318504689685	2.4054484698118094E-4	0.12877810258380842	0.14302184366135262	6.507561348268757E-4	0.0030224356648875946	5.100709482543334E-4	3.036254836270873E-4	5.111501193327277E-4	0.005030045702751335	2.1347501999709504E-4	0.015411702551075027	4.0512226529915846E-4
36	36	6.072352259730359E-4	0.17710038474363798	0.03970391973554694	5.564443959932871E-4	8.908687514184344E-4	6.069736703420324E-5	3.3133004009091644E-4	0.02427918966231509	4.0922540685731166E-4	0.016501421478012618	0.3368141720573037	0.024481884967190764	0.09084946367661198	0.04761733536794618	5.165409429006127E-4	8.695909231656239E-4	7.657368613910835E-4	0.23411107492301217	0.0028442717697324668	6.892117038656587E-4
37	37	3.722812996608684E-4	0.30442643893251986	0.014787836645198643	0.07677058899090426	5.461701864773518E-4	3.7212094619967456E-5	2.0313047179382714E-4	0.0769839118728919	2.5088624605887496E-4	5.629434946858733E-4	0.06796428962152326	0.11532290264825704	0.08913550201715044	5.319996958456238E-4	3.166788179044631E-4	5.331252621760254E-4	4.6945483687990994E-4	2.2265264488748146E-4	0.2501394551156476	4.225391049167862E-4
38	38	0.023965101913894577	0.2327110259834174	0.024025375276967558	0.05780192169898886	0.18322514568512394	2.6376436334851042E-5	1.4398162779214233E-4	3.930126840355582E-4	1.7783156696884363E-4	0.03087202411259469	0.13282123656300204	4.810952494854532E-4	0.022549780759362033	0.041007758110511335	2.2446623239990736E-4	3.7788640171685674E-4	0.08497998412049196	1.5781920831485803E-4	0.1637586749319368	2.995014366603882E-4
39	39	2.770089251616828E-4	0.14121413705440208	0.007449031991344782	2.538391342487546E-4	4.0639703484775935E-4	2.7688960855896404E-5	1.5114633399650234E-4	0.007521319912670924	1.8668068855977392E-4	0.04662575556440616	8.099544277753397E-4	0.004059410364421599	0.4501969116068205	0.01816772904814931	2.3563595337477118E-4	0.2314310793164322	3.4931429511640927E-4	1.6567248986417492E-4	0.08660250668161362	0.003868780215937797
40	40	2.395457622923926E-4	0.32497867120545315	2.94261302758874E-4	2.195094937022985E-4	3.5143520176887265E-4	2.3944258227198088E-5	0.043162160689980154	3.5677288143272454E-4	1.6143367156931396E-4	3.6222804821223615E-4	0.20048931601242315	0.031173487363167673	0.21103833456821955	3.4231714780396305E-4	0.05552992540119475	0.006490392204117496	3.0207242981232507E-4	0.030880020690483484	0.09333228733669324	2.7188433068714804E-4
41	41	3.3542864980507897E-4	0.13225968729431167	4.1204515800957357E-4	0.14664249666759102	0.013404026754107425	3.3528416995871326E-5	1.8302230047585188E-4	4.995782215507254E-4	2.2605066342804264E-4	5.072169257791041E-4	9.807695544602178E-4	0.25884999887080806	0.041576085040875246	4.793362971408135E-4	2.853303359806873E-4	0.06503996405781644	0.004726957082848135	2.006119461766451E-4	0.311457283192414	0.02190058256942548
42	42	9.131887658333559E-4	0.18431027512195985	0.012839141609327111	8.368071374939648E-4	0.22396972202057255	9.12795426228444E-5	4.982696283953325E-4	0.0013600782754849287	6.154123282898536E-4	0.013098242283053523	0.07297430707067884	0.013382268959505946	0.300666829297571	0.13019601851532306	7.767984563048953E-4	0.0013077315477425324	0.0011515509468119716	5.461566137744513E-4	0.03942945304752167	0.0010364688317323224
43	43	0.011606692072993698	0.08746333455695235	2.7248547342598786E-4	2.0326542345930647E-4	3.2542840813499043E-4	2.217234300841285E-5	1.2103265193937113E-4	3.303710905623593E-4	1.49487309449266E-4	3.354225658620217E-4	0.09172756771826875	4.0441433239467463E-4	0.23526820013586486	0.26216906636825826	0.054266836175731144	0.03731849332925515	0.10843601299863612	1.326646850867299E-4	0.10919528792594449	2.5176443477211926E-4
44	44	9.700191208314046E-4	0.009081830997212947	0.0011915848039442923	8.888840447753244E-4	0.001423105389912695	9.696013025751794E-5	5.292783759028767E-4	0.0014447198458949694	6.537112018584212E-4	0.0014668100554349384	0.1770882945951279	0.22580683367914312	0.08289329354236141	0.0013861826466084783	0.17507716841466237	0.0013891154312077806	0.0012232152637135724	5.801455056734984E-4	0.3157078756968028	0.0011009712586735989
45	45	1.7658501890558474E-4	0.06962756280623206	2.1691946129037386E-4	1.6181496063396114E-4	2.5906612229146994E-4	1.7650895809081298E-5	9.635132958515265E-5	2.630008788713119E-4	1.1900343246844643E-4	2.670222429717436E-4	0.02090860625326901	0.020714229209050517	0.5339604714828623	2.523446018756323E-4	0.011479257745679443	0.05916392172902863	2.2267755947256572E-4	1.0561132547525351E-4	0.2817874790285002	2.0042391572729982E-4
46	46	1.3545759376040888E-4	0.1663870055652084	1.6639796766626454E-4	1.2412754681998927E-4	1.9872848652696491E-4	1.3539924784288829E-5	7.391068246961068E-5	0.04539214978928253	9.128701127259247E-5	2.0483159181696416E-4	0.0038722532295142123	2.4696260743551626E-4	0.600788902913619	0.0036697572813970754	0.010543780707432044	0.15314611510745357	1.708149795352778E-4	8.101398471619027E-5	0.014539218722299171	1.5374430699002168E-4
47	47	4.41948114689236E-4	0.4464565504713665	5.42895130916757E-4	4.0498235481079275E-4	0.006319131509630973	4.4175775350288825E-5	0.3064618502370882	6.582253879698307E-4	2.9783581272598193E-4	0.01768055135433801	0.06367051706668428	0.006476501637118483	0.03776681718400411	6.315553932158311E-4	0.011717448134916016	6.328915922624441E-4	0.0686063522030254	2.6431872008675486E-4	0.03042384101167618	5.016109081239456E-4
48	48	1.722908582819977E-4	0.23152690108674817	0.02010803299589925	1.5787997545476445E-4	0.05330980230992597	1.7221664709953234E-5	0.028833236168216425	0.16605984311116226	1.1610952982061802E-4	0.15279950765752381	0.007135895749357596	3.1411601533306855E-4	0.16284072941394592	2.4620813424284594E-4	0.033307205735653066	0.011300278232685495	2.1726252928727684E-4	0.12169208417014783	0.009649844616221055	1.9555004538271832E-4
49	49	0.15645167070545504	0.0643911032262188	0.014875010630820426	0.16005982452199424	4.152528208478666E-4	2.829233019887653E-5	1.5443995937709884E-4	0.004053388277061918	0.0510363476377451	4.2800555565652147E-4	0.05893686011632369	5.160403582484258E-4	0.24936108646885966	4.0447900647038165E-4	0.003872599189294814	0.004037163273478827	3.569261927905349E-4	1.692826542859987E-4	0.23013097088114418	3.212561937276377E-4
50	50	7.469052549826395E-4	0.1603327616840081	9.175086683452479E-4	6.844320383539179E-4	0.0010957772597398655	7.465835390035412E-5	0.03874249929859873	0.04903112032396987	0.06758953144649148	0.0011294294256042287	0.09802129821873191	0.11636661772914728	0.04465954687410112	0.03940230722306368	6.353504015646266E-4	0.001069605323302588	9.418638136324287E-4	4.4670637674719535E-4	0.377264343162777	8.477371229376895E-4
51	51	3.4280578617191187E-4	0.21434387624359588	4.2110733359205957E-4	3.141325642361594E-4	0.13686052640480345	3.426581287569947E-5	1.8704753943372393E-4	5.10565525910151E-4	2.3102223210856763E-4	0.004917004469732746	0.11096814578589191	6.249942025896345E-4	0.2932125122807377	0.07526662650338639	2.9160565205564685E-4	4.90914866781769E-4	0.14998578174320948	0.004603656277388644	0.006004324364916226	3.8908441058233564E-4
52	52	0.011987388365788536	0.08497390343998011	0.2659214974916573	4.1199125782390996E-4	6.595989466256116E-4	4.494031168448068E-5	0.03485869143839761	6.696170889914897E-4	3.0299036403033354E-4	0.1852845212314274	0.0013145890387106242	8.196926297140497E-4	0.3441719129034671	0.05833144349115479	3.824467535579947E-4	6.43844849201397E-4	5.669513341463346E-4	0.006037788998164501	0.002105897934174278	5.102921313021874E-4
53	53	6.756748425929718E-4	0.0063260245058245285	8.300082519519452E-4	6.19159534218459E-4	9.912758312416758E-4	6.753838078304143E-5	3.686732309147921E-4	0.0010063315593504562	4.553479451398574E-4	0.0010217186775352723	0.001975625262525958	0.018571399344749797	0.05774000930852038	9.655569889689639E-4	0.728834905935781	0.009637363502082635	8.520407103507383E-4	4.0410515092835096E-4	0.1678903503990988	7.668906374402946E-4
54	54	6.999483910863095E-4	0.2221026626638118	0.02780349826027524	6.414027761324068E-4	0.0010268873124499726	6.99646900930156E-5	0.2608374142437656	0.0010424839160262315	4.717062727420475E-4	0.0010584238148325644	0.011027823410790484	0.001276126903883426	0.2574012414946971	0.0010002445234417224	5.954068315686676E-4	0.0010023607681812334	8.826501843125438E-4	4.1862258647445413E-4	0.2098466898515522	7.944411038829345E-4
55	55	2.455845395617946E-4	0.3142641876146197	0.006604000541526713	0.17038771346154588	0.003511455192685649	2.454787584468949E-5	0.04109908731697223	0.06023781752829102	1.6550329892176508E-4	3.713595581289673E-4	0.13621797587588075	0.022505866991763598	0.09661435866653056	0.025560231205659624	2.0890499134629443E-4	0.044467937078864074	0.04757709587367827	0.01905384167330365	0.010603792374747706	2.7873834012713165E-4
56	56	4.8604827674108306E-4	0.34756445143986286	0.41845025623648624	4.4539385761322694E-4	7.13076585330769E-4	4.8583892020463136E-5	2.652059500676842E-4	7.239069585236973E-4	3.275556082619245E-4	7.349757179421186E-4	0.0014211706486685761	8.861500225364326E-4	0.04153541060626185	6.945756760495311E-4	4.1345400336541976E-4	6.960452088349487E-4	6.129174757934555E-4	2.906939845165153E-4	0.18313846327923206	5.516645718912299E-4
57	57	4.116046986940676E-4	0.3524266801631634	5.056208621697525E-4	0.03734704267416384	6.038611535026913E-4	4.114274073873612E-5	2.2458677541538209E-4	0.03758289846559106	2.77386905572801E-4	0.14322045971930747	0.0012035029124271314	7.504265120934637E-4	0.3203699179332388	5.881938596253658E-4	3.501290275528205E-4	5.89438317487491E-4	0.08502159273666786	2.4617104027474225E-4	0.007209353577956873	0.01102998992435631
58	58	2.463608621945002E-4	0.10662357860859027	0.006624876591362486	2.2575455984217126E-4	0.04461713825125892	2.4625474669261605E-5	1.3442361519283978E-4	0.016172531919937103	1.6602647500186228E-4	0.01617814228673447	0.13348745572079138	4.4915843555607554E-4	0.23600912599759977	3.5205610347641174E-4	0.03498190476027443	0.2943371249325517	3.106664193997116E-4	1.4734260789981752E-4	0.10863208691170652	2.7961946596033596E-4
59	59	1.0584006387538272E-4	0.011855426674746735	0.008278387487177706	9.698730886479145E-5	1.5527690344976206E-4	1.0579447517514218E-5	0.025860928576722647	0.00423182133510823	0.13316140492023457	1.6004557706782616E-4	3.094688314531931E-4	0.15093784857725795	0.0022542863530847796	1.5124821429730162E-4	0.60985987767315	1.5156821428766973E-4	0.0028495906617724866	0.027224540772881146	0.022224743982939343	1.2012842411095866E-4
60	60	0.11683893756507333	0.17953891768804653	0.0036341542649018597	0.002710962519520753	0.004340257197840054	2.957138004231147E-4	0.0016142193662933735	0.004406178034637826	0.0019937207527186353	0.004473549848164248	0.5400926387587335	0.005393696964395221	0.025051015577626488	0.004227648389296396	0.002516555375675603	0.0042365929408082256	0.0037306224053907594	0.0017693564543019775	0.05181729041022311	0.041317971685929
61	61	4.34555345515833E-4	0.004068536508360448	5.338137517800814E-4	3.982079372515672E-4	6.375318188459096E-4	4.343681686315865E-5	2.3710949874616868E-4	6.472148005375112E-4	2.928537088502717E-4	0.5917020068598098	0.006846504218869949	7.922695082968367E-4	0.14307707538574657	0.006196886177852321	3.6965185535072577E-4	6.223047806031756E-4	5.479837666578119E-4	2.598972796034422E-4	0.24179893986196657	4.932201184919344E-4
62	62	3.4432032465293486E-4	0.007641774302400617	4.229678134529401E-4	0.02682391454159546	5.051489185595615E-4	3.441720148778595E-5	1.8787392774944207E-4	5.128212379408892E-4	2.3204290350506732E-4	5.206624319515127E-4	0.0010067681803498205	6.277554680303631E-4	0.04709626597557554	4.920427326209913E-4	0.8087989146161962	4.930837609096949E-4	4.341954376747652E-4	0.017878192592748376	0.08555603422153223	3.9080341106588517E-4
63	63	5.253663684132948E-4	0.0992943761733337	6.45367258913535E-4	0.007222538913987061	7.707597659796699E-4	5.251400763173806E-5	0.2901546318084912	7.824662447498034E-4	0.007095168329449731	7.944303936147817E-4	0.20376960310853082	9.57833699834974E-4	0.031413119401302335	0.027715224809024875	4.468996983395101E-4	7.523506637425786E-4	6.624984467668081E-4	3.142092056966314E-4	0.3260343511142331	5.962905879638786E-4
64	64	0.0010625991489250444	0.06448658355421981	0.014939803748624678	0.014608212791122495	0.0015589286269488925	1.0621414534900414E-4	0.014214285837017745	0.0015826059978769594	7.161023446034296E-4	0.0016068045289704786	0.016741456827431583	0.0019373019200492351	0.4862050280401946	0.001518481923612353	0.08271084769146556	0.001521694617416294	0.0013399606979500739	6.35515431956618E-4	0.29130152257803055	0.0012060495482344575
65	65	1.8854693859143054E-4	0.06708626603809845	2.3161364763944203E-4	1.727763523480944E-4	2.766153355111428E-4	1.8846572539531195E-5	1.0287819620874936E-4	2.808166336270852E-4	1.2706475902009827E-4	2.8511040608183275E-4	5.512978604082119E-4	0.17211376461498826	0.09352980853652698	2.694384973799104E-4	0.5106318273120223	0.08010677421110177	2.3776180103937252E-4	1.1276546686890232E-4	0.07346202613089643	2.14000689102025E-4
66	66	5.243379987594847E-5	0.003854873086530808	6.441039955138742E-5	4.8048092162065405E-5	7.692510551040477E-5	0.9620978517118929	2.8609824120757666E-5	7.809346192221519E-5	3.5335965651410796E-5	7.520795702842059E-4	1.5331270770363258E-4	9.559588042011292E-5	0.019282171880425678	7.492926883903589E-5	4.4602492196306015E-5	7.508779874577348E-5	0.011503584766445158	3.1359416211654445E-5	0.0015911824326228766	5.951233888769507E-5
67	67	1.629261166879599E-4	0.026611980464006417	0.0022906890254015674	1.4929852668986855E-4	2.3902728290288962E-4	1.6285593919918035E-5	8.889852641137151E-5	2.426576849247554E-4	1.0979848259374998E-4	2.4636799535047744E-4	4.763843964039483E-4	2.9704247270013144E-4	0.0013796132151933094	2.3282567403267853E-4	0.8886216396243389	2.333182696893879E-4	2.0545338592859515E-4	9.744225894469168E-5	0.0781134299359245	1.8492106795482612E-4
68	68	3.5693606033654053E-4	0.22317901806151252	0.08287741300737815	3.270809432768468E-4	0.2066210269662901	3.5678231656065925E-5	1.9475754060824398E-4	5.316107682926712E-4	2.4054484698118094E-4	5.397392599851309E-4	0.0010436556956911248	0.023550463871223892	0.24117939612341652	5.100709482543334E-4	0.059842865598259326	5.111501193327277E-4	4.5010415547193177E-4	0.018533241209114707	0.1390701243276189	4.0512226529915846E-4
69	69	0.001335791794274761	0.02964628770356694	0.0016409049771380071	0.001224062482453899	0.0019597268356980804	1.3352164260307977E-4	7.288575000585141E-4	0.001989491623132465	0.18943910984295412	0.03629971131677619	0.38098355767876535	0.002435379334203714	0.28554951286682356	0.0019088813456776229	0.0011362831460048157	0.053332619653055705	0.0016844625810053704	7.989054950791355E-4	0.006256809104919567	0.0015161230758091008
70	70	0.002409599396944669	0.02255994137031163	0.002959984976926696	0.0022080538540400875	0.0035350992734898266	2.4085615054262322E-4	0.0013147667174831798	0.0035887911842797248	0.001623867080500368	0.0036436649021712527	0.34714581741098305	0.004393116202824735	0.26774950725975655	0.25078906762136116	0.002049711036635111	0.03436887659400986	0.0030385573835405104	0.0014411244382614484	0.011286492034634416	0.03365310511130302
71	71	0.49969980361291394	0.031150538878161712	3.0650871045360685E-4	2.2864566701843252E-4	3.66062236156303E-4	2.494083878232721E-5	1.361451001489563E-4	3.7162207462382416E-4	1.6815267937914184E-4	3.77304290121482E-4	7.295666641052372E-4	4.5491054606592435E-4	0.21662032657010424	3.565646809683517E-4	2.122491470527191E-4	0.0035589234832896915	3.146449433115999E-4	1.4922953887195836E-4	0.24449065994885041	2.832003896201966E-4
72	72	0.025095627941783816	0.07773747658172939	4.7313612941492233E-4	3.529443771450943E-4	5.65064755528961E-4	3.849943418693803E-5	0.01997853185960506	5.736470905914855E-4	0.05462259450710735	5.824183305444533E-4	0.006068274740650726	7.022136978656535E-4	0.013145617300903053	5.504040416657833E-4	0.6230314202291171	0.09445134580308114	4.8569546489596733E-4	0.019998729395537422	0.056167108079447775	0.005379250239198012
73	73	9.947823847641852E-4	0.5326506921601583	0.0012220043372964517	9.115760409779795E-4	0.07804533987639622	9.943539001782634E-5	5.42790130295061E-4	0.06530318869516075	6.703995564277214E-4	0.0015042557137337762	0.0029086730571673126	0.12945683448449366	0.0467164938903644	0.0014215699972285206	8.462055708043353E-4	0.014188895076586956	0.05231171197861132	5.949558284474412E-4	0.06848111827915165	0.00112907755191612
74	74	5.844656237596974E-4	0.08796584862535617	0.03071570122004404	0.03803274883686646	0.008356897600961704	5.842138757245313E-5	3.189061014070057E-4	8.704870530441609E-4	3.938806124001035E-4	8.837970670639818E-4	0.08420270895068589	0.0010655818577098323	0.34242361874427896	0.21831879991238407	4.971721195951084E-4	0.03083471934947663	0.01573589170877324	3.495550732589937E-4	0.1377274299395983	6.633682157632489E-4
75	75	0.002902797351803059	0.18239092314545946	2.5780981338164785E-4	1.9231785177428656E-4	0.01646545261316841	2.0978173776979126E-5	0.1778475782302369	3.125777977581175E-4	1.4143614654932388E-4	3.1735720815359206E-4	0.14064576242501534	0.003075558396723716	0.28184136150398187	0.035307940561872954	1.7852645333013415E-4	0.05146612638787386	0.019115129848256297	0.01089722042514339	0.07638494088686339	2.3820477887738178E-4
76	76	3.929277861983471E-4	0.23559980134078215	0.08619261415262318	0.005401823178699945	0.005618221398051349	3.9275853963513394E-5	2.1439595989399072E-4	0.2677985465687237	2.6480023933871956E-4	5.941639865423833E-4	0.021315936773798776	7.163752722866613E-4	0.1797888371166154	5.615040640967964E-4	3.342416258040951E-4	0.1820660864995922	4.954905066232595E-4	2.3500082041870226E-4	0.011923983998249146	4.4597285769773395E-4
77	77	0.11837811424555242	0.1310716747722562	0.19663162877001863	0.0013909473734750762	0.002226909928142112	1.5172557017556194E-4	8.282276761817038E-4	0.09964423669761122	0.0010229431888003307	0.0022953000517741953	0.17972856673491844	0.0027674114163969694	0.1491901427264554	0.09955263626437505	0.0012912004739259056	0.0021737216140273307	0.0019141169967642649	9.078257980813332E-4	0.00710984309671511	0.0017228266043527287
78	78	3.5530876695266146E-4	0.2996655735546501	4.364661668175112E-4	3.255897612021483E-4	5.212699528027654E-4	3.551557241040809E-5	1.9386962903945057E-4	0.20112788489225195	2.3944818827527822E-4	0.009655401181517056	0.0010388976053848536	0.05079746374022005	0.09874894376744459	5.077455035272844E-4	3.022412364310556E-4	0.32876123428740195	4.480521030299191E-4	2.1250177429214386E-4	0.006223317028296435	4.032752880524161E-4
79	79	0.0022050690290905408	0.02064502011282454	0.0027087370653688008	0.0020206309705594625	0.0032350348081166473	2.2041192353423504E-4	0.001203167370010661	0.0032841692699469498	0.058073685506986925	0.37115414058593493	0.17621042927970185	0.004020221988903123	0.30161018694795494	0.003151101207241434	0.0018757285261608717	0.03145159541381898	0.0027806401296644337	0.001318799660186333	0.010328477864082449	0.0025027523399117984
80	80	0.0017575250391355663	0.30962140445929603	0.27277422394566175	0.20457196284083465	0.002578447478392603	1.7567680168961548E-4	9.589707855707213E-4	0.002617609538995678	0.0011844238747014022	0.0026576335916689594	0.005138878418964337	0.0032042719366906984	0.1727411344539629	0.002511549162187128	0.001495027959604626	0.002516862915552368	0.002216277399137035	0.0010511341793852686	0.008232195102649092	0.001994790115919543
81	81	3.458483051828004E-4	0.27837365426942834	0.00486251641689388	0.004754592209743813	5.07390603574873E-4	3.456993372576465E-5	1.8870765054509718E-4	0.19577264786223048	2.3307263371052817E-4	5.229729608447933E-4	0.032074937165201954	6.305412406496061E-4	0.29581487396432127	4.942262566870322E-4	2.941937523032224E-4	0.1469384350737477	4.3612225444223957E-4	0.026832873362841944	0.010495286415656004	3.925376682687256E-4
82	82	9.02707224712959E-5	0.06802584614579385	0.052233834274346067	0.4518149057206397	1.3243527776040843E-4	9.023183998430038E-6	4.9255051117173796E-5	1.3444673559195262E-4	6.083486522282205E-5	1.365024674140286E-4	2.6394518271001397E-4	0.09398587919388118	0.3169769173104924	1.289992189837143E-4	7.678823972526463E-5	1.2927214616519585E-4	0.01517157286583975	5.398878518058023E-5	4.2282538393097484E-4	1.0245722873525872E-4
83	83	3.088435556448853E-4	0.21688566294788436	0.0162308029647688	2.8301102838995787E-4	4.531013041282394E-4	3.087105268487567E-5	1.6851648800457586E-4	0.07179135196839755	2.0813454870229994E-4	4.670163950870557E-4	0.004865890452189734	5.630751859258968E-4	0.4385291224475747	4.4134550356580933E-4	0.19840540715486055	0.03610796369842489	3.894584583452316E-4	1.847120298103328E-4	0.013335175521149455	3.5053729446089755E-4
84	84	6.422651217270678E-4	0.23676331501837927	0.04199434049816656	5.885442946006608E-4	9.422607625500449E-4	6.419884775997188E-5	0.03331474221399569	9.565720383840938E-4	4.32832606718193E-4	9.711983182320665E-4	0.1666994304348468	0.03413525889798404	0.19498323984980812	0.15749823180830883	5.463389101603404E-4	0.04212512867505886	0.08322065673571766	3.8412358665820796E-4	0.00300835076141186	7.289706195316362E-4
85	85	0.22624544074248945	0.1207610681218109	4.3252237476594497E-4	3.226478188251181E-4	0.05473096208454899	3.5194663155974276E-5	1.921178746993128E-4	5.244055282927186E-4	2.3728459821154528E-4	0.05474682603788026	0.0055473772523017785	6.419360461218861E-4	0.3824822860967783	0.041163959291539445	2.9951026510609903E-4	0.0818258254771325	0.004961870472562807	2.105816648492796E-4	0.015202818490947711	0.009435365097979998
86	86	1.7901875309873086E-4	0.32096424525873185	0.07142806372199642	0.16095665235558296	0.018638934598055455	1.7894164399681214E-5	9.767926514174624E-5	0.20470294051611518	1.2064356436918863E-4	2.707024031975573E-4	0.0028204753686608187	3.2638213050879773E-4	0.14393219045806188	2.558224715717526E-4	1.5228121091679975E-4	0.0025534009682544267	0.05535464045707458	1.0706688436459529E-4	0.016917779246973772	2.0318620292387435E-4
87	87	3.705114257155516E-4	0.4028158999731035	0.10980014677673637	3.39520827634029E-4	5.435736220417068E-4	3.7035183459566597E-5	2.0216476298746134E-4	0.12415922701586145	2.496935000613123E-4	0.019576789875612143	0.001083349100121976	6.755063724312757E-4	0.12199065489680633	5.294704997741279E-4	0.06687300269293638	5.305907150151149E-4	4.672229872407967E-4	2.215941251192277E-4	0.14911351534854372	4.2053029879799656E-4
88	88	4.369919669463353E-4	0.256413557660226	0.0061439671135707415	4.0044075294171024E-4	0.006248266744452435	4.368037405313164E-5	2.3843900968644892E-4	0.03429380493305726	2.944957865058569E-4	0.04551807690010174	0.001277733482139074	7.967118903376284E-4	0.3513442582212294	0.017445953476438267	3.71724552515464E-4	6.257941431904009E-4	0.20801598315475528	2.613545652811947E-4	0.06933277958987011	4.959856827015881E-4
89	89	0.08963523271936741	0.1840460750149073	1.279305361584525E-4	9.543207672201687E-5	1.5278697323000274E-4	1.0409801642970236E-5	5.6824211069324375E-5	0.018863096460243044	7.018352724011738E-5	1.5747917916816089E-4	0.027030204830324683	1.8987046069986576E-4	0.42448417361483964	1.4882288579643203E-4	8.85885009318144E-5	0.24201670882899196	1.3132643518622454E-4	6.228539114048399E-5	0.008505511668661581	0.004127056883678564
90	90	9.822447016041098E-4	0.08481695179739457	0.0012066028751918602	0.24036550550145966	0.001441041417686599	9.818216173992759E-5	5.359491057852948E-4	0.20311801751737066	6.619502137796423E-4	0.0014852969124729378	0.06588922914534265	0.0017908018732189486	0.3864206682896667	0.001403653320688912	8.355404670615197E-4	0.001406623068471968	0.0012386319876603322	5.874573365304553E-4	0.004600805019611819	0.00111484728726137
91	91	0.08647327246559705	0.15154006047955065	0.025197916042206288	1.6218243511268587E-4	0.0025306093558275238	1.769098019751519E-5	0.10683145072367801	0.009347417766226057	1.1927368389724799E-4	0.011622403168717663	5.174946007268425E-4	0.00713554085317009	0.15138169251198083	2.529176650872782E-4	1.505520921016425E-4	2.534527699198731E-4	2.2318325016871824E-4	0.31576858310562844	0.13027342698080363	2.0087906940201143E-4
92	92	1.4290927985001156E-4	0.28922998929736093	1.7555172115158054E-4	0.31186114399359494	0.0038770747579079425	1.4284772425298977E-5	7.797659851862892E-5	0.009381380100077974	9.630882018841125E-5	2.160996254582037E-4	0.09393691299889455	0.011262790250043056	0.0012101161867893756	0.21108052476594183	0.005622685873059556	0.0020383601562698477	1.80211718186565E-4	0.04959555935076357	0.0043367968008061804	0.005663322932711566
93	93	4.2976272168339835E-4	0.31283005498391314	5.279264268736861E-4	0.005908215995085359	6.305006081601697E-4	4.2957760913550303E-5	2.3449446559489401E-4	6.40076798186905E-4	2.896238839754065E-4	0.011678663395510085	0.001256595682312689	7.835317266394336E-4	0.29038790195148856	6.141421485033774E-4	3.6557503910639996E-4	0.22119143404121225	0.13840193549808483	2.57030924583154E-4	0.013041795455539611	4.877804926331965E-4
