0	0	8.862107244671931E-4	0.10732701976703828	0.09917045006127717	0.00914079419436034	2.1952867156715367E-4	0.0013451696489477627	0.32546965271553346	7.325375345694833E-4	0.017611511828377502	5.217942880575726E-4	0.06316057039694219	0.008550970804340734	0.001123288414995812	3.719524567963381E-4	5.767366897712718E-5	3.037072777863021E-4	2.3614102033341598E-4	7.406494620562491E-4	5.009389869424679E-4	0.36252943807663357
1	1	0.12256346433211593	3.8346321186296143E-4	4.1306625052737464E-4	0.015200209859775746	1.3058431352966414E-4	8.001599696969388E-4	0.252179617531615	4.357422217498679E-4	7.131170527231616E-4	0.01983619362321745	0.3597462604088398	0.01484935964080611	6.681762592599762E-4	2.2125199359922327E-4	3.4306573343479775E-5	1.8065706907699066E-4	1.404659938781654E-4	4.4056751620776143E-4	2.97978269823025E-4	0.21076535790835135
2	2	8.007814605407749E-4	5.825067378075279E-4	6.274757699027369E-4	0.0379206716412078	1.9836646679469202E-4	0.0012154974955952338	0.5684594849203497	6.619221147274717E-4	0.0010832733759220115	0.12653089314384228	0.21279242877002733	3.114124458533506E-4	0.0010150052495806574	3.3609684850538886E-4	5.211402164650602E-5	2.744303930973034E-4	2.1337741231902902E-4	0.0451608046438372	4.52649288177798E-4	0.0013108078002651519
3	3	0.08356647120597248	0.1535063519740263	0.13441932077494279	7.259495442451571E-4	1.7054456158890132E-4	0.07754779017727774	0.29109799085895777	0.006944315205737803	9.313387789921158E-4	0.05140721297387934	0.17019674701040693	2.6773526750544657E-4	0.02637356973217425	2.8895755722204916E-4	4.4804765230489584E-5	2.3594013561722534E-4	1.8345014570727227E-4	5.75386061855703E-4	3.8916292482896853E-4	0.0011269603438312304
4	4	0.001423612161194091	0.053766322038261156	0.001115513009360781	0.001501116847821854	3.5265166392753675E-4	0.002160885462385434	0.1405376783764467	0.5416669796159576	0.0019258202491587635	8.382122599193077E-4	0.18055750317659303	5.536223887658952E-4	0.054535208646403634	5.975057920898462E-4	9.264719357338368E-5	4.8787648599002865E-4	3.7933780197203765E-4	0.001189782014880334	8.047102276451239E-4	0.015513014587653577
5	5	0.09951985399443128	4.8533654413570335E-4	0.1179103307142467	0.09337788700877735	1.6527619204699504E-4	0.0010127356743343224	0.31917529579864046	5.515043359978728E-4	0.03179402273685082	3.9284241254859323E-4	0.28850493943568206	0.006437755409156877	8.456883124909789E-4	2.8003123802905207E-4	4.342068086993654E-5	2.2865160168440295E-4	1.7778310390249063E-4	5.576115495823357E-4	3.7714111609518875E-4	0.038161892140496534
6	6	0.0064889802005290735	2.4181449613045557E-4	0.027964974880067495	0.10501194049423851	8.234735171936631E-5	0.03128735574394316	0.37758383632010056	2.7478199351458325E-4	0.10818938952330745	0.00943056097647063	0.1314318407577164	1.2927583287055942E-4	0.04659551064942288	1.3952300428019934E-4	2.163395728813946E-5	1.1392357018818619E-4	0.15400242606979164	2.7782485685041113E-4	1.8790711324044885E-4	5.441522083298591E-4
7	7	0.45716175726753455	7.788760249693552E-4	8.390046015019907E-4	0.001129026673957298	2.652379365186265E-4	0.23958578891325233	0.046211689620433274	8.850631796959448E-4	0.001448456483385876	6.304399296164829E-4	0.14571673387150216	4.1639293111899817E-4	0.1005073969944642	4.4939871142761197E-4	6.96822189181431E-5	3.6694383057425114E-4	2.8530923324736974E-4	8.948641359556391E-4	6.052422322325543E-4	0.0017526952096933357
8	8	0.0011756421690922018	0.011741668413429641	9.212088585106432E-4	0.001239646804895149	2.912255025736741E-4	0.0997628093527562	0.47531213079006623	0.04451769789079966	0.0015903738087651921	0.04423812708375516	0.02935606076538378	4.5719040882652776E-4	0.2845386132310688	4.934300398701712E-4	7.650956530292527E-5	4.0289636873943495E-4	3.132633511328039E-4	9.825414160185048E-4	6.645428462242612E-4	0.0019244213327891256
9	9	0.37636252169384904	0.0029249346280790746	0.0031507371306587735	0.004239865021923835	9.960553417138421E-4	0.006103364106295744	0.13630587648799378	0.0033237021802440202	0.005439428599291757	0.002367508463406018	0.43551160148104506	0.0015636918637535694	0.005096634612939822	0.0016876393812743883	2.61679559443472E-4	0.0013779942920297702	0.0010714296361462085	0.0033605079817236537	0.0022728828551405564	0.0065819446830476715
10	10	0.1026666640326211	4.010840670778504E-4	0.005537811784008474	0.07206209606116946	0.0052423492711467165	0.06210610118010956	0.27397927359605834	0.08725375956684388	0.02116894357346344	3.2464654567946347E-4	0.33032539786685794	2.144225331910119E-4	0.031333466392099996	2.314189384966929E-4	3.5883024859826175E-5	1.889586009039589E-4	1.4692067026998357E-4	4.6081242152153253E-4	0.005417435294309707	9.025545793110368E-4
11	11	0.48105606022256825	2.796979583047773E-4	3.0129040633604436E-4	0.050252859173185824	9.524816136451347E-5	0.025507346709856393	0.13765285124913612	0.007438890325966073	5.201473766152795E-4	2.263938746278338E-4	0.2054303400392891	1.4952861425039733E-4	4.8736757457069186E-4	1.6138114157005455E-4	2.5023204896206665E-5	1.317712151021599E-4	1.024558562165661E-4	0.011002939930695359	2.1734526575257189E-4	0.07896106169969584
12	12	0.26703813700150875	3.673254752930785E-4	3.9568269421558363E-4	0.10808093149772602	1.2508877918188994E-4	7.664858898758232E-4	0.06387806482999224	4.1740436568067115E-4	6.831061030823123E-4	0.01432538308660208	0.43345102197143265	0.08904076450918749	0.019344138621191984	2.119407838721695E-4	3.286280918017772E-5	1.7305426364465755E-4	1.3455459707110293E-4	4.220265915561698E-4	2.854380973287938E-4	8.26588032376317E-4
13	13	4.0017864899068227E-4	2.910990961333783E-4	3.135717024523692E-4	0.1894109059345244	9.913069744814958E-5	0.03395841635820904	0.27666785899905927	3.307857519950754E-4	5.413497907048168E-4	2.3562221431192387E-4	0.3286797879975358	1.5562374755319686E-4	0.10426586788964146	1.6795941139057376E-4	2.6043208794926943E-5	1.3714251560906205E-4	1.0663219466805935E-4	0.00404011428910474	2.2620476314131864E-4	0.05994570478873184
14	14	0.03258091619337422	0.01638914779992996	3.4003269872446266E-4	0.07278825150300654	1.0749591980434722E-4	6.58685025852295E-4	0.5893374086071266	3.5869936946102924E-4	5.870320212176758E-4	2.555053813380597E-4	0.0027990423486394943	1.6875618065110968E-4	0.03269700528655068	1.8213279924384818E-4	2.8240885579682706E-5	1.487153953233218E-4	0.04833608266538445	0.1450240281974308	2.45293231097452E-4	0.05696752849026393
15	15	5.658215294748911E-4	4.115915134862219E-4	0.02664098212159863	0.042512811882529394	1.401631071260143E-4	0.05849360975793057	0.3387916328157197	4.6770536257848564E-4	0.011244472994940144	0.18371646412816084	0.10844011424878468	2.2003989239619446E-4	7.171892095940049E-4	0.09454889948027266	3.682307456918474E-5	1.9390886578699108E-4	1.507696415851274E-4	4.728846084291954E-4	3.198359667062261E-4	0.13191427979833079
16	16	0.19657258455867802	0.3783459182317382	0.0011009988840302405	0.053526250967372194	3.4806325446452114E-4	0.0021327698221707335	0.09967562021420173	0.0011614400819697761	0.0019007630815364867	8.273061407687691E-4	0.20423057216728022	5.464191157704991E-4	0.014792142924339308	5.897315448337918E-4	9.144174552592656E-5	4.815286438724896E-4	3.7440217472768216E-4	0.0011743015631643188	0.026816572709293742	0.015311172174261435
17	17	0.0742005602874516	2.2325869001613412E-4	2.4049407382415315E-4	0.24189899778778004	7.602836953680911E-5	4.6586650586374835E-4	0.3145049157324493	2.536964032089772E-4	0.031677883757181724	1.8071065010067243E-4	0.3259748753426355	1.1935576054900845E-4	3.890233840621308E-4	1.2881660802464023E-4	1.997386029913323E-5	1.051815645843417E-4	0.005765908029361213	0.003098568960474228	1.7348792821809787E-4	5.023963043785864E-4
18	18	0.693805656567695	3.261484061622731E-4	3.513267898488128E-4	0.008776451505263063	1.1106636675936177E-4	6.80563065029489E-4	0.0027434328753341156	3.7061346884069684E-4	6.065301258570662E-4	2.6399192122207317E-4	0.28936897798246924	1.7436137006148275E-4	5.683064639613745E-4	1.8818228930497864E-4	2.917889870714296E-5	1.5365493564599054E-4	1.1947106946920216E-4	3.7471754466340715E-4	2.5344057726325647E-4	7.339277764419872E-4
19	19	0.5278896485993476	5.242005022852243E-4	0.00723769393256606	0.03412498745702457	1.7851089915578143E-4	0.021112908579336998	0.05779357439935417	5.956667665679222E-4	9.748427115329936E-4	4.242997822132532E-4	0.14478170979463004	2.80241497546652E-4	0.1610660220866642	3.0245510543986184E-4	4.689764864527284E-5	2.46961177557179E-4	1.9201931832574747E-4	0.027294365386122992	0.013753392365353438	0.0011796019903299781
20	20	0.4938700339171111	5.868584450347279E-4	6.321634252817222E-4	8.506858820148942E-4	1.9984839435218893E-4	0.0012245780587765872	0.12446691350985137	6.668671068855794E-4	0.0010913661382422832	4.750165429691962E-4	0.12473426043141923	3.137389009882058E-4	0.24755422305127092	3.3860771231133393E-4	5.2503347554548125E-5	2.764805680523603E-4	2.1497148148088096E-4	6.742518173735468E-4	4.5603087512074785E-4	0.001320600393908539
21	21	5.971070943156523E-4	0.028080491471910985	4.678807542161152E-4	6.296149637267504E-4	1.479130454861595E-4	9.063423836669435E-4	0.506813363544574	0.006022794285123483	0.02292466244137034	0.03905617119215915	0.048085274773276676	2.3220640067222982E-4	0.17216292540472797	2.506124610879175E-4	3.8859106475110184E-5	0.1218476558731689	1.5910603946346077E-4	0.050262087300855886	3.3752042788974E-4	9.774110358324946E-4
22	22	0.02744789509529469	0.01887777431871928	0.008664153300174194	0.09220962641379066	4.558370414520043E-5	2.7931574889515447E-4	0.3674843325153566	1.521066656701165E-4	0.0752245990222383	1.0834719802964762E-4	0.14432230119519934	7.156115158115135E-5	0.08884085091441517	7.723351408108988E-5	0.03749980944788309	0.11593454939839305	4.9033150570181604E-5	0.0018577835040823158	1.0401673008164115E-4	0.020749127011399072
23	23	0.1719610346546953	8.941244553311959E-4	9.631501141248378E-4	0.30861344713625377	3.044845622667845E-4	0.0018657398544368836	0.15548864362907924	0.0010160238704362082	0.001662781139436525	7.237246244799403E-4	0.32662783470750123	4.7800560141157607E-4	0.0015579923064159987	5.158951684224256E-4	7.999293088897584E-5	4.212396352323898E-4	3.2752576096857337E-4	0.0124093995350862	6.947984838275922E-4	0.013394161829704359
24	24	0.22109032278127524	0.001078209109978352	0.15214200867020433	0.0015629276113836126	3.671726311995479E-4	0.0022498631995904717	0.21495205900332995	0.13848026251032328	0.0020051188195904543	8.727269213779528E-4	0.2566197608039204	5.764186305269269E-4	0.0018787557906932292	6.22108999558496E-4	9.646208232433886E-5	5.079655404607902E-4	3.949576114637191E-4	0.0012387730943679242	8.378453920987605E-4	0.002426280796332286
25	25	0.10353128643366581	3.37353508739513E-4	3.633969169566231E-4	0.017666933963263912	1.1488214512560893E-4	0.013587384517728776	0.2390340883230346	0.09056742716276733	0.004921848023596982	2.7306158552509055E-4	0.16618161098411555	1.803517014570467E-4	0.21101735334254182	1.9464744999576244E-4	3.0181364293136833E-5	1.589338800862583E-4	0.02159597582625868	3.8759128080963223E-4	2.62147741277594E-4	0.1295935438487602
26	26	0.8127305804781153	4.94502077146105E-4	5.326772231745075E-4	7.168098869742571E-4	1.6839741671541124E-4	0.007326828378490896	0.0545192964554398	5.619194412646108E-4	9.196132846921816E-4	4.002612029603311E-4	0.04844960258352117	2.643644980026199E-4	0.07010629924686666	2.853196004800388E-4	4.424067616733629E-5	2.3296966474485454E-4	1.811405203740068E-4	5.681419889783212E-4	3.8426338906415695E-4	0.0011127719868274071
27	27	0.3701146844559572	8.281423223089085E-4	0.02197642985990439	0.0012004410737337652	2.8201504947029347E-4	0.012270234947323634	0.2178095658705562	9.410461402407973E-4	0.001540075798278384	6.70317188681473E-4	0.34469296498995217	4.427310610613132E-4	0.011985197704931597	4.778245582009492E-4	7.408983297538175E-5	3.9015415325005444E-4	3.033559172744432E-4	0.011493644859136225	6.435256596583725E-4	0.0018635585571044467
28	28	9.863482440097699E-5	7.174922575908697E-5	0.37090195073854726	0.013804423295242268	2.4433434817688824E-5	1.4971673040095124E-4	0.3074929023237285	0.07863059752060449	0.09146955403743175	5.807545153206589E-5	0.06365813763508152	3.8357671133246666E-5	0.03117930354054648	4.1398128287914816E-5	6.4190514231692784E-6	0.010994137326100887	2.6282381189256602E-5	8.243392639658876E-5	5.5754266619127047E-5	0.031215738490756772
29	29	0.0014822315517011616	0.001078209109978352	0.0011614459498721834	0.2623475359465028	3.671726311995479E-4	0.043426380305135605	0.21495205900332995	0.0012252054918395017	0.0020051188195904543	8.727269213779528E-4	0.06446268097804311	5.764186305269269E-4	0.3999184211442962	6.22108999558496E-4	9.646208232433886E-5	5.079655404607902E-4	3.949576114637191E-4	0.0012387730943679242	8.378453920987605E-4	0.002426280796332286
30	30	8.719005071807287E-4	6.3424035789689E-4	6.832031821170727E-4	9.193687555012184E-4	2.1598380023576285E-4	0.04169256396387752	0.522059662089478	0.05723747067159674	0.0011794811099197378	5.133685384759151E-4	0.0702144989765961	3.3906962493683015E-4	0.16258161250532568	3.659463001001528E-4	5.674237497223178E-5	2.988031200994093E-4	2.3232789867067572E-4	0.12183603663226722	4.928500013857676E-4	0.017574869589366424
31	31	0.015636988400449758	0.0011086424669821	0.0011942287365374967	0.3120912741785166	3.775363868605678E-4	0.002313367476570757	0.12222882392995288	0.0012597879450863057	0.0020617149810463298	8.973603711598885E-4	0.136846792344493	5.926885301262632E-4	0.39709353458877866	6.396685481688657E-4	9.918480555263777E-5	5.223032941445404E-4	4.061056215109208E-4	0.0012737385045825471	8.614942814428682E-4	0.00249476460803705
32	32	0.0020824750336020637	0.0015148399384395997	0.0016317843124518078	0.0021958497147751216	5.158626104116264E-4	0.061012297762358045	0.24414756725254688	0.0017213638752053156	0.5427628709511763	0.0012261458223825458	0.12913499878711526	8.098447274298951E-4	0.002639575458951478	8.740378372548107E-4	1.3552530162993238E-4	7.136709205290531E-4	5.548993774018141E-4	0.0017404258048335495	0.0011771386927107964	0.0034088258187940715
33	33	0.0010499136698442764	0.4285418512903261	8.226906100848723E-4	0.020551533364000774	2.6008052807043367E-4	0.05020480258472706	0.23003549830835232	0.030034543610170408	0.030586982035300192	6.181813656200998E-4	0.08454997065567091	4.082963954238862E-4	0.0013307849132505871	4.4066039615738673E-4	6.83272857993959E-5	3.5980880593691766E-4	2.7976154927270545E-4	0.11754422401034745	5.934736238551472E-4	0.0017186149977891658
34	34	4.237317721488329E-4	3.0823217627083313E-4	0.043493476358750664	0.043608249611095926	1.0496518544904239E-4	0.13405129269569133	0.2380188135547065	0.22792880348430114	5.732117561651642E-4	2.4949011817556585E-4	0.2813206795075226	1.6478321995807955E-4	5.370878252535177E-4	1.7784491805623493E-4	2.7576021466785975E-5	1.45214246993297E-4	1.1290819469948324E-4	0.023896741778309426	2.3951838859001624E-4	0.0046173791863955245
35	35	6.884677905656024E-4	5.008072071212804E-4	5.394691039009023E-4	7.259495442451571E-4	1.7054456158890132E-4	0.13492486946486712	0.44410353562586274	5.69084173783428E-4	0.14118642148198837	4.053647182443313E-4	0.010815971211547558	2.6773526750544657E-4	0.2176305006908055	0.0130394196211308	4.4804765230489584E-5	2.3594013561722534E-4	1.8345014570727227E-4	0.03245154122162758	3.8916292482896853E-4	0.0011269603438312304
36	36	0.058200576923361926	0.01089063794873841	0.09999430716836397	0.03203376544727721	1.401631071260143E-4	8.588543640435282E-4	0.18160593628693691	4.6770536257848564E-4	0.0636397051712011	3.331515112475118E-4	0.23418867147181094	0.005459563110022289	7.171892095940049E-4	2.3748156300295193E-4	3.682307456918474E-5	1.9390886578699108E-4	0.3040431162638986	0.00571240782605529	3.198359667062261E-4	9.261993576784115E-4
37	37	9.484790261560401E-4	0.3256588126135857	7.43208523798679E-4	0.02734894346098457	2.3495353291569336E-4	0.0014396860288682593	0.4800824376994006	7.840082141061147E-4	0.08911249784800547	5.584574013005549E-4	0.023683743794277817	3.6884991465260916E-4	0.045116926430241074	3.980871527035976E-4	6.172602505928764E-5	3.2504682590525066E-4	2.527331240952766E-4	7.92690114325187E-4	5.361367329248273E-4	0.0015525755366934176
38	38	0.09277404655805242	3.023013738593391E-4	3.256387866327484E-4	0.004286473145120906	1.029455138413738E-4	6.308022534194909E-4	0.2449838193482577	0.061915827249976366	5.621823895789387E-4	2.4468959211621167E-4	0.20279057009144605	1.6161256876220175E-4	0.12751964697151452	1.7442294218842968E-4	2.7045421655327868E-5	1.4242012920627403E-4	1.1073568889070372E-4	3.473192768097896E-4	2.349097320447026E-4	0.26236259096662656
39	39	0.014552214616993344	5.422942182661588E-4	0.17316808336880252	0.007689444390133101	1.8467252146393498E-4	0.08397187112019892	0.3566327729003598	6.162272682205841E-4	0.21501255751687526	4.3894524652828297E-4	0.025518683295107314	2.899145330370337E-4	9.449358138399143E-4	3.128948832557075E-4	4.851640469579549E-5	2.55485483401139E-4	1.9864720783270616E-4	0.007526408186139243	4.2140129194903863E-4	0.1116740297329002
40	40	0.044472590622188654	6.839383320025676E-4	0.2009856375162121	9.914088961759258E-4	2.329079161134659E-4	0.0014271514400325948	0.2843601866681013	0.25326492538978385	0.0012719032034195917	0.07891186031356615	0.08442285920254708	3.656385324973799E-4	0.04472411708779259	3.9462121729834636E-4	6.118860903310982E-5	3.2221681419897393E-4	2.5053270974647744E-4	7.857885785334054E-4	5.314688724523658E-4	0.0015390580783042008
41	41	5.841866877585244E-4	4.249507493929745E-4	4.577565911936405E-4	0.1845418844706588	1.447124526595503E-4	0.06039216671595657	0.34437838072689597	4.8288591433626237E-4	0.017019025694161857	0.05984940085724999	0.003768108446411829	2.2718183953334217E-4	0.04942673326738408	2.451896233484842E-4	3.8018259901882684E-5	0.07593439403595897	1.5566324882316797E-4	4.882332656140074E-4	3.3021704598189434E-4	0.20111091010677817
42	42	0.1020419895391308	7.216357488837411E-4	0.2396226703723623	0.0010460535223214122	2.457453700151164E-4	0.0015058133899045222	0.4286426157603632	8.200191173100207E-4	0.0013420081574019463	5.841083512012114E-4	0.1533806017438502	3.85791852676139E-4	0.0012574345082409799	0.03716180661693152	6.45612120810285E-5	0.018712694113227697	0.009450700261558686	8.290997927750532E-4	5.607624545002409E-4	0.0016238881152642486
43	43	0.0013355795174454105	9.715310682446353E-4	0.0010465324526987003	0.0014082915065585413	3.308445600377578E-4	0.0638647804438027	0.14421468080635363	0.0011039836236682548	0.0018067323033407207	7.863792935576271E-4	0.2806998089818129	5.193877539053428E-4	0.0016928716363188907	5.605575164522603E-4	8.691812100117434E-5	4.577074146268747E-4	3.5588049351985236E-4	0.07532123137932127	0.4212500766258827	0.0021862245014508154
44	44	0.20958375090882012	0.001022094077617684	0.0011009988840302405	0.06653741731751428	3.4806325446452114E-4	0.19730026507430204	0.11268678656434382	0.0011614400819697761	0.0019007630815364867	8.273061407687691E-4	0.1391747404165698	5.464191157704991E-4	0.22297080452661272	5.897315448337918E-4	9.144174552592656E-5	4.815286438724896E-4	3.7440217472768216E-4	0.04020780061359058	7.942400090095726E-4	0.0023000058241193478
45	45	0.40420422717011045	9.044186611179056E-4	9.742390239730998E-4	0.0013110081195104666	3.079901444306114E-4	0.4278744662091703	0.0421471225826115	0.0010277215247662258	0.0016819250193802614	7.320569882497535E-4	0.008019629571000822	4.8350896059025773E-4	0.10519444897785228	5.218347565820431E-4	8.091390300548968E-5	4.260894382600841E-4	3.312966203425184E-4	0.0010391022419200457	7.027978160572041E-4	0.002035202271068726
46	46	0.32037126072186944	8.646014512877716E-4	9.3134795890563E-4	0.0012532907286297488	2.94430817612599E-4	0.354005712100209	0.040291587203085046	9.824758820591395E-4	0.0016078779388695181	6.998280350426984E-4	0.01867286307708052	4.6222238329343826E-4	0.08955694334747452	4.988608785620988E-4	7.735165247633494E-5	4.0733076675209543E-4	3.1671122132843E-4	0.11105634834821401	6.718570036733457E-4	0.05697709848357472
47	47	3.725665115991527E-4	2.710133962659371E-4	0.365989427121675	0.12804197434827005	9.22907262388905E-5	5.655146679914475E-4	0.10577894883768853	3.079616916553117E-4	0.0695035236506459	2.1936439303513517E-4	0.2887511564921073	0.0380946254892377	4.722349151736356E-4	1.5637029149321275E-4	2.4246239713304204E-5	1.276797469361997E-4	9.927462370079033E-5	3.1137197821882247E-4	2.105967415383922E-4	6.098581368154434E-4
48	48	6.884677905656024E-4	0.12800542784620877	0.12804408974298842	7.259495442451571E-4	1.7054456158890132E-4	0.0010450177938252393	0.26559706673114025	0.10894801171700781	0.2049387318015321	4.053647182443313E-4	0.010815971211547558	2.6773526750544657E-4	0.05824972489194612	2.8895755722204916E-4	4.4804765230489584E-5	2.3594013561722534E-4	1.8345014570727227E-4	5.75386061855703E-4	3.8916292482896853E-4	0.09038019479119248
49	49	2.609380005937089E-4	0.06542972858894788	0.014702224796668006	2.7514405931993325E-4	0.043557916094661794	0.005228661355893712	0.2045652551285284	2.1569009982961679E-4	0.12358394223181372	0.2949414084078061	0.0838370653991519	1.0147505278917768E-4	0.11148023079050189	1.095185690183411E-4	1.698157272791173E-5	8.942429564815037E-5	0.029065048291371666	2.1807859511738302E-4	1.4749767077214439E-4	0.02217377099883854
50	50	0.014416255656688795	0.001022094077617684	0.0011009988840302405	0.001481585566803843	3.4806325446452114E-4	0.1192332669734495	0.15172028561477008	0.0011614400819697761	0.05394542848210483	8.273061407687691E-4	0.37337573471912733	5.464191157704991E-4	0.2489931372268969	5.897315448337918E-4	9.144174552592656E-5	4.815286438724896E-4	3.7440217472768216E-4	0.027196634263448493	7.942400090095726E-4	0.0023000058241193478
51	51	0.016749088407898863	0.008569683271620589	6.723463707609036E-4	9.047590267902032E-4	2.1255159231207906E-4	0.0013024173506478184	0.5614367193174206	7.092559631942162E-4	0.04883386785283713	0.310380555110863	0.04526215236824953	3.3368145484204365E-4	0.0010875879652924325	3.6013103159633224E-4	5.5840679434067595E-5	2.9405482677691405E-4	2.2863596597090898E-4	7.171100766989515E-4	4.850181006686891E-4	0.0014045432661247915
52	52	0.015072467743998784	5.616816634238518E-4	6.050430172252966E-4	0.24391954312097888	1.9127470946708592E-4	0.0011720425033762312	0.26928047129007515	0.08644014698404545	0.008194702925553278	4.5463788459753203E-4	0.06218178343683769	3.0027920579280156E-4	9.787180129696312E-4	0.12902691478052514	5.0250904352265236E-5	2.646192905323728E-4	0.02880637870385226	0.02209579805402581	4.3646671983275107E-4	0.1299667790485377
53	53	6.140841520592514E-4	0.10848899149533145	0.03459980235574796	0.09163049957285817	1.5211853615635182E-4	0.06916934913681291	0.3904351350090799	5.07599014938719E-4	8.30714802078711E-4	0.1652682253828433	0.07219818989082961	2.388085353816891E-4	0.040583418158345895	0.023003483740691926	3.9963955673475025E-5	2.1044862243768637E-4	1.636297713786247E-4	5.132200325756603E-4	3.471168702172184E-4	0.001005200964561406
54	54	0.0025799956445180187	0.1691125715324089	0.002021631160512138	0.050502120403054775	6.39106479816754E-4	0.003916147412354562	0.2785856203212974	0.0021326120260748422	0.0034901414798161525	0.0015190822604096731	0.11220476042790166	0.14434831513880203	0.09883351984193965	0.001082852748232403	1.6790342370751857E-4	8.841728409100181E-4	6.874694552117304E-4	0.002156228009279158	0.001458366919738941	0.12367738247401364
55	55	0.6203106601564018	6.665289804844557E-4	7.179844593148074E-4	0.03490559065716714	2.269793468357389E-4	0.009875678333818664	0.014091435595101742	0.0601513803043901	0.0012395274629043473	5.395036823228694E-4	0.0992436210155415	3.5633136335220964E-4	0.0011614121696441313	0.008869430716926995	5.96310797154553E-5	3.1401492592783223E-4	2.4415550904478443E-4	0.06864462195632841	5.179405644331816E-4	0.07786357172034394
56	56	0.0017180414255211895	0.0012497426020861091	0.0013462216838483012	0.09726624595731966	4.2558653537933786E-4	0.06624424341390596	0.0900579048499978	0.0014201248025927297	0.002324115413138287	0.001011570022493485	0.40880946748640096	6.681217145532156E-4	0.00217764914877453	7.210810154488779E-4	1.1180834278898288E-4	0.08013433705074045	4.577918592009421E-4	0.22416341526372596	0.016880250892712736	0.0028122805193704476
57	57	0.649531759488763	7.49164109686459E-4	8.069989512539064E-4	0.08691708754572022	2.551198601534416E-4	0.0015632559076331355	0.006301675582960391	8.513005250858337E-4	0.0013932019692582697	6.063904311350564E-4	0.16876842969278283	4.0050871964350526E-4	0.07759973989081403	4.3225542287574607E-4	6.702403954318859E-5	3.529459622895873E-4	2.744254937356709E-4	8.607276026116295E-4	5.821539545693252E-4	0.0016858348494849247
58	58	0.8091259426350633	5.040204539601067E-4	5.429304107034104E-4	7.306073347981356E-4	1.716387985839209E-4	0.0010517227694621274	0.05556870601564235	5.727354948835111E-4	0.007353449751997342	4.0796559315377495E-4	0.08787899247488282	2.694530932270437E-4	0.03295892150327606	2.9081154802748464E-4	4.509223866975731E-5	2.37453959468288E-4	1.8462718667711867E-4	5.790778167227905E-4	3.916598468385039E-4	0.0011341910739621193
59	59	0.4885027595621653	6.839383320025676E-4	7.367377981833857E-4	9.914088961759258E-4	2.329079161134659E-4	0.12331778605100659	0.12764365645399187	7.771822670519996E-4	0.0012719032034195917	5.53595206511432E-4	0.06700991140097937	0.009072112433281236	0.16661475169876658	3.9462121729834636E-4	6.118860903310982E-5	3.2221681419897393E-4	2.5053270974647744E-4	7.857885785334054E-4	0.009237942773236222	0.0015390580783042008
60	60	7.948871665136669E-4	0.2655626067598647	6.228571231620955E-4	0.08916629185534855	1.9690635521866115E-4	0.01592790548095456	0.20360204369336812	0.05218179196577059	0.0010752997500277377	4.680236558708609E-4	0.26275087438742073	3.0912023929012555E-4	0.10405701821577715	3.336229480165622E-4	5.1730427143316425E-5	2.724103994953062E-4	2.1180681001499655E-4	6.64325917098014E-4	4.493174827762601E-4	0.0013011593668678903
61	61	5.599537481464707E-4	4.0732315522842974E-4	0.2959944498535631	5.904389048198526E-4	0.04680539614612524	8.499477223930347E-4	0.22120411384727132	4.628550826743486E-4	0.04742417538233775	3.2969660521195074E-4	0.2006489227869862	0.010588132792453646	0.011080126484902433	2.3501879018742114E-4	3.644120548475344E-5	1.9189795817247166E-4	1.4920610389399912E-4	0.07306060419128645	3.1651914785817386E-4	0.08906478009100288
62	62	0.20744472314817733	0.003436453347651388	2.696117071483832E-4	3.6280946306701026E-4	0.0032713972303956298	0.09929334826733842	0.25381227695994163	2.844124983162369E-4	4.654573103850649E-4	2.025900517996184E-4	0.31764957358775286	0.006506134236673267	0.10557952899426391	1.44412978857774E-4	2.23921799317609E-5	1.1791634087772783E-4	9.168329864140453E-5	2.875620073226622E-4	1.9449284447116348E-4	5.632235469868189E-4
63	63	0.0018993425419242796	0.001381625178145635	0.0014882854842794828	0.0020027470733853946	4.7049774231777935E-4	0.10841078240288243	0.13473744692485676	0.2653894648214397	0.0025693741786094247	0.001118318772362733	0.08260295917164179	7.386271231785623E-4	0.33657878967461485	0.05356107057921824	1.2360723021375642E-4	6.509108241026401E-4	5.061016228192428E-4	0.0015873730627470454	0.0010736213211370391	0.0031090542701231977
64	64	0.6711757622778012	2.9437162445472E-4	3.17096867218173E-4	4.2670900812307805E-4	1.0024512212078679E-4	0.008108904500789407	0.0024761390116767156	3.34504436649473E-4	5.474356307000815E-4	0.003985595569261424	0.3098908504829277	1.5737326559741582E-4	5.129361168829133E-4	1.6984760664061913E-4	2.6335985857762495E-5	1.386842681337249E-4	1.07830950973569E-4	3.3820865057169433E-4	2.2874775109159103E-4	6.624208725281191E-4
65	65	0.5260917237336955	6.446499370387772E-4	6.944163720468645E-4	9.344580535911456E-4	2.1952867156715367E-4	0.050583186493562915	0.038247887788611705	7.325375345694833E-4	0.0011988395468391156	5.217942880575726E-4	0.20266828479001844	3.4463466357154246E-4	0.17345634737114884	3.719524567963381E-4	5.767366897712718E-5	3.037072777863021E-4	2.3614102033341598E-4	7.406494620562491E-4	5.009389869424679E-4	0.001450647882789087
66	66	5.049682887895077E-4	0.2669004941880123	3.9568269421558363E-4	0.0753487879716026	1.2508877918188994E-4	0.08025883445331841	0.38652347958749445	0.005093424869412588	6.831061030823123E-4	0.07511364963511699	0.05936938167287932	1.9637493828107236E-4	6.400566062643172E-4	2.119407838721695E-4	3.286280918017772E-5	0.00952509527110849	1.3455459707110293E-4	0.02380212911021575	2.854380973287938E-4	0.014854649543572065
67	67	0.47828370695224504	0.019451734267360327	7.918946811738641E-4	0.0010656320792634907	2.5034488583091876E-4	0.18869991665092034	0.09040839349723646	8.353670805253428E-4	0.0013671259764864985	5.950408688691006E-4	0.10945988398919268	3.9301256136286807E-4	0.10422222515827267	4.2416507450474303E-4	6.576957794377414E-5	3.463400167306753E-4	2.692891837469254E-4	8.446177152877449E-4	5.712580165457165E-4	0.0016542817665008598
68	68	0.06764717069399455	0.3927891684507103	7.060037807295049E-4	9.500509281252365E-4	2.2319184619465812E-4	0.0013676158801964548	0.23912462934292203	7.44761053671446E-4	0.0012188440345403343	5.305012309053752E-4	0.14764721719371568	3.5038542471969446E-4	0.14297764808975436	3.781590574770036E-4	5.863604313702126E-5	3.08775102349869E-4	2.4008139763367111E-4	7.530083411853897E-4	5.092979269105171E-4	0.0014748541811269809
69	69	0.002123422642667112	0.13918529836071233	0.0016638700109723708	0.002239026604886829	5.260059927627096E-4	0.0032231202037433597	0.012992791384763119	0.060744070484831346	0.16017612844981075	0.0012502554702686088	0.01369645519625985	8.25768666380957E-4	0.0026914773075915966	8.912240023182471E-4	1.3819012928933838E-4	7.277037984187676E-4	5.658103378741642E-4	0.1197523667406472	0.0012002847157010891	0.47538672950010025
70	70	0.3076702264333585	9.25734946533759E-4	0.16598052591727008	0.001341907330749036	3.1524917844461323E-4	0.0019317004183195734	0.10206310614610986	0.012836467155993707	0.0017215663882534547	7.493108733950619E-4	0.33817529460972395	4.949048057316275E-4	0.0016130728959267526	5.341339041886017E-4	8.282096654224133E-5	4.3613196001367774E-4	0.035692674610449525	0.024632639320691905	7.193620904146092E-4	0.002083170047889552
71	71	8.252595118488073E-4	6.003126318222298E-4	6.466562640163919E-4	8.701885182143986E-4	2.0443007439708896E-4	0.11588154552469795	0.2954427909021723	6.821555545417235E-4	0.001116386556712358	0.0921890211154325	0.15816159528753349	3.20931609574262E-4	0.008687957834466829	3.4637055776013E-4	5.370702767697734E-5	2.8281910034607375E-4	2.1989987007322477E-4	0.32165061013453483	4.6648573800404404E-4	0.0013508761861743255
72	72	7.01891960794206E-4	5.105722553809594E-4	5.499880057044106E-4	7.401045568584822E-4	1.7386994479157974E-4	0.053061707991650865	0.21877952859507224	5.801805285119431E-4	9.494985977679785E-4	0.09140681791185722	0.1605162698607476	2.7295573512418745E-4	8.896609873603638E-4	2.945918301541256E-4	4.5678396217659775E-5	2.4054064211540644E-4	1.870271699605251E-4	0.46855342945330886	3.9675106391282234E-4	0.001148934512708539
73	73	5.873640837530579E-4	0.2778166636276609	0.005899254206775815	6.193415214910862E-4	1.4549954482901385E-4	8.915535735833609E-4	0.39520252831616814	4.8551233462652225E-4	0.006233576561161435	3.458356070975996E-4	0.00378860321792149	2.284174833473662E-4	0.29988992785720964	2.4652321164046986E-4	3.822504151684018E-5	2.0129156872180292E-4	1.5650990245919067E-4	4.908887701899713E-4	3.320130990950787E-4	0.006400470470751121
74	74	0.6304448826281519	3.234624772012329E-4	3.484335094224332E-4	4.6887791262911836E-4	1.1015170225252968E-4	0.07067498214993315	0.204485614153801	3.675613568864366E-4	6.015351701865721E-4	2.6181786936931565E-4	0.08110351581553527	1.729254524096216E-4	5.636262914955286E-4	1.8663255227959635E-4	2.893860181282124E-5	1.5238954162946115E-4	1.1848718974012534E-4	0.008606928543109653	2.5135341886078547E-4	7.278836632934575E-4
75	75	2.4890924622641237E-4	0.007095782058976079	0.19841700727135975	2.624604321837938E-4	0.0853432028320071	3.7781664577297763E-4	0.1697812064756457	2.0574718915963028E-4	0.06026428849653612	0.16609983072947285	0.15833915751915809	9.679724242184058E-5	3.154970538633101E-4	1.0446996757898755E-4	1.61987539485478E-5	8.530200267291234E-5	6.632472588239638E-5	2.0802557927659498E-4	0.01857995106094005	0.13409202471691686
76	76	0.3157677018059863	3.589335715918719E-4	3.8664294257994826E-4	5.202953531942766E-4	0.018399000281292103	0.06471766724711657	0.08526467060860296	4.078683615729772E-4	6.674998872863633E-4	2.905289781133984E-4	0.29104183932262484	0.004761080882871816	0.21080828056650522	2.0709879286352954E-4	3.211202670376184E-5	1.691006725836769E-4	1.3148056791406062E-4	4.123849882536434E-4	2.78916989519629E-4	0.005376896152823045
77	77	0.5545817509622079	5.242005022852243E-4	5.646683418510181E-4	7.59859503449368E-4	1.7851089915578143E-4	0.0010938318071918782	0.05779357439935417	5.956667665679222E-4	0.014320893892963076	4.242997822132532E-4	0.15145473538534507	2.80241497546652E-4	0.2077772012216695	3.0245510543986184E-4	4.689764864527284E-5	2.46961177557179E-4	1.9201931832574747E-4	6.022630232628299E-4	0.007080366774638398	0.0011796019903299781
78	78	0.25238543284759724	0.018819426610736798	3.135717024523692E-4	4.219652855695165E-4	9.913069744814958E-5	0.004313092334843562	0.08397325284718375	3.307857519950754E-4	0.07094899434619781	2.3562221431192387E-4	0.08040019930184994	0.1372652473556185	0.15614518493053103	1.6795941139057376E-4	2.6043208794926943E-5	1.3714251560906205E-4	1.0663219466805935E-4	0.1263270758854873	2.2620476314131864E-4	0.06735703579457321
79	79	0.007869835611510513	2.9327263671905906E-4	3.1591303855012525E-4	4.251159606699074E-4	9.98708735498702E-5	0.026745303650573805	0.2115336256651572	3.3325561970224554E-4	5.453918703841285E-4	2.3738152738605412E-4	0.189267220909264	1.5678573855865032E-4	0.22824442446597915	1.692135087143154E-4	2.623766481368145E-5	1.3816651337359678E-4	1.0742838196623306E-4	0.19820367347165244	2.278937592251014E-4	0.13505998913224995
80	80	7.777136681687195E-4	5.657266983770531E-4	0.4399100722419939	8.200541705756295E-4	1.9265220304724208E-4	0.0011804831436917703	0.11278342718857655	0.15907916229249983	0.0010520679515343522	0.014861212746256463	0.08423454597772766	3.024417116430857E-4	0.06580061963148226	3.2641504054621264E-4	5.061279379564822E-5	2.6652498614110955E-4	2.0723073424666475E-4	6.499731881593562E-4	4.396100005424514E-4	0.11649945363099401
81	81	0.07314767580562037	5.172966349196057E-4	0.13226003101299488	0.15879321135460808	1.7615986063957212E-4	0.0010794257360717122	0.2743420360387595	5.878216684946391E-4	9.620037601137868E-4	4.187116352983018E-4	0.30091825355837437	2.765506385700391E-4	9.013780716254973E-4	2.984716870285707E-4	4.627999348356493E-5	2.4370862971169057E-4	1.8949037014737253E-4	5.943310506422454E-4	4.0197638649546233E-4	0.053845186106400655
82	82	0.7749475765901527	6.609211606595356E-4	7.11943720498014E-4	0.04302538097400923	2.250696635086798E-4	0.0013791222717719073	0.06445368194968737	7.510270764909962E-4	0.0012290987390475756	5.349645856985207E-4	0.10682210541365555	3.533333810556335E-4	0.001151640666257887	3.813406863657449E-4	5.912937557234862E-5	3.1137297159651567E-4	2.4210131463752905E-4	7.593437522892856E-4	5.135828883974785E-4	0.0014872628186475563
83	83	5.48575873325384E-4	0.020718358462808683	0.2849002183674708	5.784415925940174E-4	0.010295546997198316	8.326773695793123E-4	0.3792638931493994	0.046171901811939677	0.1632965918185674	0.051121276981551264	0.018777896210114654	2.1333330361198715E-4	6.953300228036516E-4	0.01546972724544415	3.5700745266909574E-5	1.8799872372009791E-4	1.461743385414723E-4	4.5847157369908776E-4	3.1008769659147863E-4	0.005977797715772144
84	84	0.17976505850437005	0.04540218669645547	7.564970640149839E-4	0.0010179984263665232	2.3915449317265462E-4	0.0014654275604584575	0.3188066538026396	7.980262512376218E-4	0.16222567421325326	0.01844840466937416	0.13138698066053767	3.7544493713645996E-4	0.1353234257181709	4.052049358948585E-4	6.282968404613636E-5	3.308586508237095E-4	2.5725198276816525E-4	8.068633835033147E-4	5.457228373743503E-4	0.0015803355284017345
85	85	0.001545885742417014	0.0011245126232447926	0.3161401204687678	0.28792895311132116	3.829407995840309E-4	0.10255110024600106	0.05240379640000993	0.0012778217405991189	0.01640617360971584	9.102060357798106E-4	0.12449080139871378	6.011728340099257E-4	0.08784911039882776	6.488253684406021E-4	1.0060463061787274E-4	5.297800372257946E-4	4.119190012654239E-4	0.001291972001591335	8.738265249506709E-4	0.0025304770269162936
86	86	0.0018665143525232587	0.0013577452028235256	0.36442604130650513	0.0019681316426264825	4.6236567100540175E-4	0.0028331618959465885	0.2533964746701914	0.03611080222260691	0.0025249651790131603	0.001098989778429576	0.28858295413722446	7.258607102955702E-4	0.0023658413182410113	0.018067371952725012	1.2147080591154408E-4	6.396604975579782E-4	4.973541749190649E-4	0.001559936946088939	0.01833904008215853	0.0030553174532064065
87	87	0.0015683363920681525	0.001140843738954081	0.42239124507418124	0.0016537201952608722	3.885021871385509E-4	0.01690339973945701	0.34362162702199206	0.0012963793399272197	0.0021215988902511646	0.015446263747796892	0.06820740551104357	6.099035702511672E-4	0.0019878952616891993	6.582481547642898E-4	1.0206569546458816E-4	5.374739473781239E-4	0.014940740170936176	0.0013107351028807334	8.865169668308492E-4	0.1042270992917342
88	88	0.0016911369389895257	0.016890147105432813	0.0013251398853400128	0.11140303437611551	4.1892186068693497E-4	0.002566958421667519	0.7776865197110803	0.0013978856830598309	0.0022877198228446233	9.957288607835718E-4	0.02656811066189223	6.576589449111762E-4	0.033463498100191745	7.097889044553973E-4	1.1005742688671861E-4	5.79558091460878E-4	4.5062284992839754E-4	0.0014133655004898466	9.559311364774172E-4	0.01842821571730559
89	89	0.0018993425419242796	0.10690941613236567	0.0014882854842794828	0.03717867739145874	4.7049774231777935E-4	0.0028829914486624073	0.5744365759007736	0.0015699874358896383	0.0025693741786094247	0.001118318772362733	0.10019092433067847	7.386271231785623E-4	0.0024074516529180435	7.971751021082238E-4	1.2360723021375642E-4	6.509108241026401E-4	5.061016228192428E-4	0.0015873730627470454	0.15936530775246707	0.0031090542701231977
90	90	0.4417112900273263	7.866759343666356E-4	0.060933293092921545	0.031183276319819028	2.678941126073029E-4	0.0016415305884129275	0.04667446800952133	8.93926480646528E-4	0.0014629617820138031	6.367533532857118E-4	0.3975338472068296	4.205628208476286E-4	0.0013707656088344476	4.538991314174658E-4	7.038003856689191E-5	3.706185214629363E-4	0.010302480815537371	9.038255867636856E-4	6.113033182378752E-4	0.0017702472505809641
91	91	0.018190591737358076	4.597711452978773E-4	4.952650924875196E-4	0.41036565937565045	1.565701677034065E-4	9.59389204251879E-4	0.2321283946386578	5.224535083177017E-4	0.04182494443157364	3.7214919857455866E-4	0.1445451617376922	2.457970828439023E-4	0.006653986793060452	2.652804215620745E-4	0.017599670356563023	2.1660723893735407E-4	1.6841827033944656E-4	5.282390206971737E-4	0.00621012060635771	0.11809152997207366
92	92	0.001070733504650447	0.08009905407068833	0.030584071368646607	0.030874093441101917	2.652379365186265E-4	0.0016252547760953766	0.18502200120044152	0.10003528573684467	0.09068365678481974	6.304399296164829E-4	0.026736466802923693	4.1639293111899817E-4	0.07076233022731959	4.4939871142761197E-4	6.96822189181431E-5	0.05985707736486349	0.020115353744677114	8.948641359556391E-4	6.052422322325543E-4	0.2992033628811395
93	93	0.0022103465230135628	0.0016078565825879058	0.042667723240508715	0.002330682819144413	5.475384380977524E-4	0.1261622854499008	0.013524660933953284	0.02229493257353797	0.14626518629634747	0.0013014356049796246	0.17800009565298808	8.595721190276656E-4	0.002801654926846152	9.277069176751692E-4	1.4384704469658832E-4	7.57492892982608E-4	5.889722035903475E-4	0.4521404504821191	0.0012494192605217226	0.0036181400374810575
