0	0	1.841115242999349E-4	6.441779596635747E-4	6.158046945407912E-5	3.1508809555020917E-4	1.846943560616803E-4	5.939033982461531E-5	1.2611045330667117E-4	5.473324808269841E-4	6.177404203895964E-5	1.1895140751382356E-4	3.2593143459076215E-4	0.0030695385947441902	0.9923589763818296	7.606526801344179E-4	2.3821806834515378E-4	3.2714592914089615E-4	1.7955456828863656E-4	5.9520584972273664E-5	3.1582554880963E-4	6.142508060402922E-5
1	1	1.9677316106467082E-4	6.884790829535076E-4	6.581545441221377E-5	0.46798336610594315	1.9739607507596705E-4	6.347470615123628E-5	1.3478326592976362E-4	5.849733894454107E-4	6.602233928575569E-5	1.2713188138867187E-4	3.4834624784424727E-4	0.45717293243649937	0.0015230253385078332	0.05583021205878286	2.546006965573327E-4	3.4964426507936804E-4	1.9190281607901397E-4	6.361390846089896E-5	0.014091857391310305	6.564937922851852E-5
2	2	0.09625601408627744	0.00120024317709081	1.1473776337040185E-4	5.870774235495165E-4	3.441256214757565E-4	1.1065707711705472E-4	2.349711114304679E-4	0.0010197990568566807	1.1509843105669777E-4	2.216322572544673E-4	0.024585524516367502	0.10163219019156133	0.002655128988434194	0.21722145324462022	4.4385189977680405E-4	6.095437813014592E-4	3.345490827045258E-4	1.1089975206033866E-4	0.5520880542974351	1.1444824025917062E-4
3	3	3.5702843000892424E-5	1.2491876674181635E-4	1.1941663300003518E-5	6.110177431670576E-5	3.5815865534189305E-5	1.151695412109865E-5	0.51911025117244	1.0613852504105136E-4	1.1979200828594111E-5	2.3067015730545008E-5	6.32045108664267E-5	0.47975136313185696	2.763401993082535E-4	1.4750550417911437E-4	4.619516527519127E-5	6.344002522878804E-5	3.481915967008522E-5	1.1542211215004942E-5	6.124478099725828E-5	1.1911530348041298E-5
4	4	2.9885429723467486E-5	1.0456453074371316E-4	9.995891344693345E-6	5.114586483422165E-5	2.9980036390391125E-5	9.64038418469615E-6	2.0470555029196955E-5	8.884433743798912E-5	1.0027312516745632E-5	1.9308481330971054E-5	5.290598195940637E-5	0.12165860197117224	2.3131338885223733E-4	0.09621616000002317	0.7165558927084478	0.06481121962827094	2.914573355753532E-5	9.661525893353265E-6	5.1265570038133054E-5	9.970668249204703E-6
5	5	3.337098115144319E-5	1.1675994010612779E-4	1.1161716754358677E-5	5.711103059752291E-5	3.347662183748729E-5	1.076474663061461E-5	0.7021382296685663	9.920629341754025E-5	1.1196802592173808E-5	2.156043839827602E-5	5.907643099338031E-5	0.25714337954963884	0.009588728408094393	0.00480308988475662	0.014038833266078889	0.011722342603446385	3.254501388112037E-5	1.0788354106486098E-5	5.724469707447908E-5	1.1133551877630416E-5
6	6	3.615397314327691E-5	1.2649720185482183E-4	0.8946191153067986	6.187383754278417E-5	3.626842379454013E-5	1.1662478810893157E-5	2.476430500085474E-5	1.0747965879650753E-4	1.2130566325602877E-5	2.335848344617331E-5	6.400314362477035E-5	0.09157975054372915	0.012915524360823568	1.4936933835896262E-4	4.677887317451881E-5	6.424163387417304E-5	3.525912386171223E-5	1.1688055045669265E-5	6.201865121176497E-5	1.2062040781672443E-5
7	7	7.703793387608191E-5	2.695439041618395E-4	2.5767165591073794E-5	1.318425664142208E-4	7.728180864108074E-5	2.485074788057885E-5	5.276849887514339E-5	2.2902077220049381E-4	2.584816232417321E-5	4.97729335594885E-5	0.9963428660391408	0.0012843895144051443	5.962740278436762E-4	3.1828051556075505E-4	9.967777881934796E-5	1.368879354663767E-4	7.513116309022546E-5	2.4905246462952426E-5	1.321511395774271E-4	2.570214610899225E-5
8	8	9.886556114395733E-5	3.4591542110615914E-4	3.306793364095791E-5	0.9192838444447832	9.917853443227582E-5	3.189186171597508E-5	6.771971922828345E-5	2.9391062322160777E-4	3.3171879672033734E-5	6.387540213701803E-5	1.7502106018510717E-4	0.05693339491845977	7.652199817969845E-4	0.007319097310606499	0.013949192965314154	1.7567322840576492E-4	9.641853337164152E-5	3.1961801713802395E-5	1.6959432727195882E-4	3.298449179279488E-5
9	9	9.492942469645449E-5	3.3214348393193247E-4	3.17513993762279E-5	0.9158618951274201	9.522993757335175E-5	3.0622150424940325E-5	6.502359277145812E-5	0.013553215430846182	3.185120700201116E-5	6.133232954893731E-5	1.6805294342024023E-4	0.0015826794872868934	0.06708978564825906	3.921988131570862E-4	1.2282720631580867E-4	1.6867914685524831E-4	9.25798204869164E-5	3.068930590031714E-5	1.6284226512675062E-4	3.167127959993703E-5
10	10	5.5514321243119736E-5	0.908211073216938	1.8568082452061257E-5	9.500709867439463E-5	5.56900598872663E-5	1.7907702498788707E-5	3.802551873709337E-5	1.650347053665321E-4	1.862644952442014E-5	3.5866883804003044E-5	9.827664200762276E-5	0.0242080271932523	0.05475547482321623	2.2935618723480966E-4	7.182882452531515E-5	9.864284309612344E-5	0.011695381784414418	1.7946974733348476E-5	9.522945964446937E-5	1.8521228749817087E-5
11	11	6.0185190130682175E-5	0.9846262170975711	2.0130365421300944E-5	1.0300081437439165E-4	0.008474184589931434	1.9414422360912267E-5	4.1224913207300005E-5	1.789204100532323E-4	2.0193643387573945E-5	3.888465485663387E-5	1.0654545083475775E-4	0.005210322146555139	4.658336994536296E-4	2.486537784713735E-4	7.787236453792149E-5	1.0694246338294248E-4	5.8695542673794315E-5	1.945699888622877E-5	1.0324188437150074E-4	2.007956953809916E-5
12	12	5.661272525437488E-5	0.9340952821600127	1.8935469745825348E-5	9.688690510892979E-5	5.679194105589887E-5	1.8262023542738626E-5	3.8777890041931356E-5	1.683000750641464E-4	1.8994991666608362E-5	3.65765444493887E-5	1.0022113948821182E-4	9.438569681214369E-4	0.0637532474069523	2.3389421905116952E-4	7.32500266082304E-5	1.0059458621595527E-4	5.521150010214797E-5	1.8302072816069748E-5	9.711366570375013E-5	1.8887688998210997E-5
13	13	8.430118937033669E-5	0.8841844491820542	2.8196533794948295E-5	1.4427288738343426E-4	8.45680570251713E-5	2.7193714806071567E-5	5.7743594520815396E-5	2.5061320463331844E-4	2.8285167025252415E-5	5.446560267653206E-5	1.4923784751474716E-4	0.11336481942979747	6.524916649337804E-4	3.4828849457898045E-4	1.090755538924606E-4	1.4979394162916714E-4	8.221464528722472E-5	2.725335159903748E-5	1.4461055330147277E-4	2.8125384175586304E-5
14	14	3.337098115144319E-5	0.07709286380578129	1.1161716754358677E-5	5.711103059752291E-5	3.347662183748729E-5	1.076474663061461E-5	2.2858045286947688E-5	9.920629341754025E-5	1.1196802592173808E-5	0.7137999781019314	5.907643099338031E-5	0.13118248231489768	2.582915758913451E-4	0.07711397533433025	4.317801777431781E-5	5.929656319257402E-5	3.254501388112037E-5	1.0788354106486098E-5	5.724469707447908E-5	1.1133551877630416E-5
15	15	2.840214779143858E-5	9.937475496941872E-5	9.499772494695177E-6	4.860737909355915E-5	2.8492058914045277E-5	9.161909964606605E-6	1.9454554767719424E-5	8.443479065535183E-5	9.529634162426475E-6	1.8350157433401082E-5	5.028013759769679E-5	0.29032602423024784	0.05977856540868666	1.1734284380773677E-4	0.06158077266547105	5.046749280990289E-5	2.769916443065161E-5	9.182002362119341E-6	4.8721143055608724E-5	0.587655637751284
16	16	6.822119100307907E-5	2.386954743505865E-4	2.2818196659118603E-5	1.1675361024282634E-4	6.843715508839031E-5	2.200665999762345E-5	4.672931450235319E-5	0.8299419089037275	2.2889923577551914E-5	4.407658196814202E-5	1.2077153093849987E-4	0.13942724508344911	0.02913972545272759	2.8185433788444536E-4	8.82699787683254E-5	1.2122155309214795E-4	6.653264397908637E-5	2.2054921393152113E-5	1.1702686820350039E-4	2.2760618446894725E-5
17	17	0.8193902091908187	3.661585288771649E-4	3.500308224554395E-5	1.7909987729730135E-4	1.0498250164097341E-4	3.3758186124612444E-5	7.168270408214368E-5	3.1111038957458735E-4	3.511311123962475E-5	6.761341602850963E-5	1.8526336211022285E-4	0.07489525904115883	8.100009589228626E-4	0.10284305891331494	1.3540602584847117E-4	1.8595369547406323E-4	1.0206098422255474E-4	3.383221903887868E-5	1.795190546325927E-4	3.4914757347300146E-5
18	18	0.42477410804974997	1.3287739378492152E-4	1.2702471679384119E-5	6.499459399578333E-5	3.8097709355156196E-5	1.2250704100489814E-5	2.6013352541861345E-5	1.129006550055016E-4	1.2742400739671384E-5	2.4536624981301358E-5	6.723129677336275E-5	0.3749318821560849	0.11975098267037833	0.008120705589809667	4.913827863765116E-5	6.748181585456832E-5	0.07171125953555668	1.2277570334446362E-5	6.514671169195724E-5	1.2670418944409064E-5
19	19	8.73909469598002E-5	3.0576750760002086E-4	2.9229976560586914E-5	1.4956069236075802E-4	8.766759569089322E-5	2.8190402840194734E-5	5.985997877050632E-5	2.5979853234718857E-4	2.9321858323895804E-5	5.646184389793686E-5	0.9958513892582788	0.0014569967064492117	6.764064055068264E-4	3.610537595471979E-4	1.130733269130006E-4	1.5528410103808325E-4	8.522792809068937E-5	2.825222540580578E-5	1.499107342113398E-4	2.915621920724094E-5
20	20	5.384286059427193E-5	1.8838790353809833E-4	1.8009022763530373E-5	9.214656425301535E-5	0.6097539498511722	1.7368525951769167E-5	3.688062212667226E-5	1.600657350263149E-4	1.806563248278736E-5	3.47869807531733E-5	9.531766608684621E-5	0.38854640240029215	4.1674403429373125E-4	2.224505846272615E-4	6.9666156389263E-5	9.567284135902981E-5	5.251019253786688E-5	1.740661575280207E-5	9.236223023694963E-5	1.7963579762485467E-5
21	21	2.4721234327453426E-5	0.006998486621833011	8.268603614887438E-6	4.230787113140267E-5	2.479949298404962E-5	7.97452801053108E-6	1.6933247819168126E-5	0.06055341171381437	8.29459521562182E-6	1.5971980189241615E-5	4.376384042139039E-5	0.13001198445378456	0.25420700504982063	1.0213523145229357E-4	3.1986290434487185E-5	4.3926914430350125E-5	2.4109357489197064E-5	0.5477832643428593	4.2406891303556514E-5	8.24773906450927E-6
22	22	1.5772418362197083E-4	5.518527054812946E-4	5.275459702283164E-5	2.6992885333292446E-4	1.582234824255617E-4	5.0878362446278356E-5	1.080359763986725E-4	4.688873715889093E-4	5.29204262833191E-5	1.0190298359725668E-4	2.7921809692813416E-4	0.002629604370465419	0.9934541076839449	6.516339672394293E-4	2.0407603758976385E-4	2.8025852697270405E-4	1.5382034235284764E-4	5.098994052192163E-5	2.7056061288053445E-4	5.262147890536849E-5
23	23	4.5315445671354885E-5	1.5855178780804479E-4	1.5156826432096616E-5	7.7552763358449E-5	0.5163510998297679	1.461776892000134E-5	3.1039618063769495E-5	0.33272423846943766	1.5204470532524175E-5	2.927755915997146E-5	8.022163888406667E-5	0.08627852708165983	0.06370112718670451	1.87219758961139E-4	5.863271174944989E-5	8.052056293031537E-5	4.4193840202376554E-5	1.4649826212097051E-5	7.77342730343887E-5	1.5118580510125431E-5
24	24	6.921131748931541E-5	2.421597749267608E-4	2.314936796451729E-5	1.1844811073696047E-4	6.943041596377756E-5	2.2326053086733566E-5	4.740751919641019E-5	0.6387986123776224	2.3222135889720973E-5	4.47162862973651E-5	1.2252434542044176E-4	0.26723426067651934	0.09245436504618734	2.859450235071487E-4	8.955108281580669E-5	1.22980898958945E-4	6.74982637818842E-5	2.2375014922774525E-5	1.1872533461995953E-4	2.3090954092403648E-5
25	25	1.3040752622839834E-4	0.1827642488802795	4.36178925573794E-5	2.231791803416975E-4	1.308203501868418E-4	4.206660787716237E-5	8.9324947527311E-5	3.876795606385868E-4	4.37550014213459E-5	8.425414353744141E-5	2.3085959592519296E-4	0.07509736560631045	0.137740334687495	5.387758029406836E-4	1.68731583283133E-4	2.3171983121194682E-4	1.2717980127840043E-4	4.215886145864762E-5	0.6018400123099916	4.350782950936795E-5
26	26	5.9189177280487726E-5	2.0709384488390596E-4	1.9797225281755148E-5	1.0129623996871761E-4	5.937654921498135E-5	0.6868082050916962	4.0542676543870594E-5	1.7595943199221544E-4	1.9859456052407346E-5	3.824114744511804E-5	0.053889471706701164	0.23681198901251285	0.02114454358954462	2.4453877346650215E-4	7.658364424666075E-5	1.051726580948047E-4	5.772418220080593E-5	1.9135002380529885E-5	1.0153332046584512E-4	1.9747270026493498E-5
27	27	3.7187737326026774E-5	1.301141840320604E-4	1.2438321453148271E-5	6.364301950371364E-5	3.730546050790508E-5	1.1995948463841176E-5	2.5472400108939354E-5	0.0676948984110958	1.2477420181310069E-5	0.0026234242869801277	0.04425559760503307	0.01361698979912967	2.878332894733438E-4	0.8709519386920176	4.8116439129042636E-5	6.60785191281745E-5	3.6267301281630385E-5	1.2022256009539498E-5	6.379197388452082E-5	1.2406935260670524E-5
28	28	6.423889341726419E-5	2.2476202643982848E-4	2.148622270597909E-5	1.099383140955604E-4	6.444225096136863E-5	2.0722058135770445E-5	4.4001569155293703E-5	1.9097138559546358E-4	2.1553762685868598E-5	4.150368543288831E-5	1.1372169541056475E-4	0.5039796266139218	4.972093849732E-4	2.654015637125899E-4	8.311736682795093E-5	1.1414544827589221E-4	6.264891249331038E-5	2.076750235329216E-5	0.4940383093378808	2.1432005525308063E-5
29	29	2.050479742461776E-5	7.174313839684973E-5	6.858316209536704E-6	3.509186942388445E-5	2.0569708338003896E-5	6.614397940125991E-6	1.404512459506547E-5	6.095730121156116E-5	0.7166426758799139	1.3247810117907809E-5	3.629950958263287E-5	0.2540309312501653	1.587072437607448E-4	8.471511588399968E-5	2.6530730506275288E-5	3.643476979960457E-5	1.9997281883481155E-5	6.628903552300073E-6	0.0287006058409914	6.84101030267165E-6
30	30	1.4642409410180448E-4	0.031217153438698023	4.8975013858926415E-5	2.5058990266161473E-4	1.468876208313334E-4	4.7233201399444905E-5	1.0029577970423534E-4	4.352941130780305E-4	4.912896234472517E-5	9.460218285397334E-5	2.5921362191052574E-4	0.0024412073592619916	0.9632182476530446	6.049478979563865E-4	1.8945508701180867E-4	2.6017951073780657E-4	1.4279994206486236E-4	4.733678550603218E-5	2.51176400035224E-4	4.88514329386739E-5
31	31	5.790971206313953E-4	0.0020261719250537712	1.936927776986496E-4	9.910656574712885E-4	5.809303366471915E-4	1.8680403041868127E-4	3.9666284155271173E-4	0.08267855890201299	1.943016332657507E-4	3.741450615230787E-4	0.0010251718680427929	0.6168323124472014	0.28783171809888347	0.0023925269129204145	7.492817083862483E-4	0.0010289918912579576	5.647638510817513E-4	1.8721369836462848E-4	9.933852138421062E-4	1.9320402374376118E-4
32	32	3.491855674432254E-5	0.009885309487053911	1.1679340145330833E-5	0.017145245479048523	3.502909650560194E-5	1.1263960575612715E-5	2.391808463150502E-5	0.07332731810583168	1.1716053085028646E-5	2.256030136561067E-5	6.181609400493137E-5	0.06160176071663975	0.005151837228172325	0.8275699410280777	4.5180393615567384E-5	0.004943613843572838	3.405428533237835E-5	1.1288662845589968E-5	5.9899413626329826E-5	1.1649869125531642E-5
33	33	3.013725317537979E-5	1.0544562234330275E-4	1.0080119675577421E-5	0.0021581506256479286	3.023265702600328E-5	9.721616907317657E-6	2.0643045968016054E-5	8.95929660487709E-5	1.0111805611699777E-5	1.947118029380816E-5	5.335178337926569E-5	0.244865013118751	2.3326250374177706E-4	1.2451139322705742E-4	3.899396446781992E-5	0.13066112560517773	0.6214686595688895	9.742936762252159E-6	5.1697548862955414E-5	1.0054684042841275E-5
34	34	4.056168828877594E-5	1.419191204989814E-4	1.3566819438220953E-5	6.941719245336863E-5	4.06900922022985E-5	1.3084311047287193E-5	2.778344764909015E-5	1.2058305183253766E-4	1.3609465496793502E-5	2.6206235223096124E-5	7.180609309304782E-5	0.17079034029972454	3.139476883036856E-4	0.0625427456623606	5.2481924038765176E-5	0.7655854739128182	3.95577433701796E-5	1.3113005411208905E-5	6.957966109486138E-5	1.3532585654522503E-5
