0	0	0.0237717905250689	0.1564238336909571	0.007628639982315032	0.004610174383651862	0.005481243704490786	0.00860372774787709	9.82186741118507E-4	0.15826874227543808	0.0067812789233856205	0.00684428269861755	8.459208912639574E-4	0.002404654646852185	0.007657164705414384	0.005848973905881091	0.5725267787127885	0.0038089100277958355	0.0036629817764227	0.009655855800481889	0.0069942568036346344	0.007198602056544404
1	1	0.003944754374020084	0.002462815810981036	0.0012659168818741936	7.650246432100981E-4	9.095722114645972E-4	0.0014277255485035767	1.6298668958259017E-4	0.01451625121386305	0.0011253035258856716	0.001135758540524297	1.403743707218618E-4	3.9903481086855924E-4	0.0012706503505666431	9.705943426693937E-4	0.0010283311294294	6.320606971759876E-4	0.952138039140505	0.013349604833748658	0.0011606456438382857	0.001194555240567063
2	2	0.00783494560850861	7.032252603694724E-4	3.6146622288715904E-4	0.0035727288720504365	2.5971660258963374E-4	0.007116240521717633	4.6538745084968076E-5	0.20875637178348722	3.2131589437474594E-4	3.2430118883267187E-4	4.008208935476996E-5	0.00682251116177622	3.628178037641604E-4	0.003631426645867615	2.936266784607677E-4	1.8047677230228592E-4	0.758242189583128	4.5752135807096737E-4	3.314073798964893E-4	3.410898274763265E-4
3	3	0.35716313400354394	8.38176471865539E-4	4.3083276507863307E-4	2.6036281457873523E-4	3.095570621696819E-4	4.8590152690319643E-4	5.546968142167378E-5	0.4087367708368524	0.004380961790134532	3.8653564027941E-4	4.777397248604124E-5	1.3580454877464528E-4	4.3244371871578016E-4	3.3032488183808753E-4	3.4997459173826805E-4	2.1511085108423541E-4	2.0686945128192113E-4	0.22443244378555724	3.9500553248883306E-4	4.0654607320721837E-4
4	4	0.06376920422378379	0.0918568032471838	0.005297104463798102	0.005093213195330746	0.04818829902661597	5.811644713921421E-4	6.63447350889679E-5	0.5940709697344425	0.17738485434790674	4.623175038961351E-4	5.71402515301918E-5	1.624295756061472E-4	5.172260453595528E-4	3.950864006635438E-4	4.185885150527057E-4	2.572841967750999E-4	2.4742703746512826E-4	0.005434038807130087	0.0052542531584684055	4.8625106251023374E-4
5	5	0.10330873424756137	0.00764990853435948	6.814974481021725E-4	4.1184563500810457E-4	4.89661801539491E-4	7.686060055182657E-4	8.774273778599845E-5	0.5896290667356354	6.057992370684537E-4	0.05752804832825813	7.556955499658491E-5	2.1481758336949143E-4	0.05760066638528068	5.225126366055784E-4	0.17762752591993114	3.402654300125868E-4	3.272290655823146E-4	8.62596885228031E-4	6.248254176495783E-4	6.430804105071046E-4
6	6	0.010563212276305457	9.481007366887005E-4	0.05023271956470204	0.04099527765783591	0.00939476986519515	0.018638856710758003	6.274435943390822E-5	0.2769267258444455	4.33203773150055E-4	0.009481843946924792	5.403938195467219E-5	0.07251053767320528	4.891573815932703E-4	3.736459735266102E-4	0.36670279423486146	2.43321977206984E-4	2.339997431832476E-4	0.04583991512376758	4.4680929245751187E-4	0.09542832448280392
7	7	0.0364251594025351	0.25277795206655007	0.017274767736675266	0.0010155549553097813	0.12596174556852538	0.0018952771894002744	2.163615796225787E-4	0.5494758370045931	0.001493817986235659	0.0015076968096413208	1.863441773416552E-4	5.297107526082338E-4	0.0016867629970315598	0.0012884446312180335	0.001365089064071533	8.390479689388865E-4	8.069020788989772E-4	0.0021270458316521206	0.0015407339429129698	0.0015857482562375259
8	8	0.001440428214519756	0.12958504938297485	0.13343752643756654	2.793489724329094E-4	3.3213055929805414E-4	5.213344020097855E-4	5.951463741624101E-5	0.27554069146449295	0.30496718338758694	4.1472256357136825E-4	0.030077933085236225	1.4570767800806575E-4	0.01762207854331106	3.544128083720158E-4	3.7549541296016156E-4	0.004520322197565823	2.2195477006524994E-4	5.850870642529376E-4	0.09908288622255408	4.3619219580500856E-4
9	9	0.19856087368020112	0.0033745874470344456	0.25927552726608893	0.19420395994482953	0.0012463095913604338	0.0019562911251050264	2.2332682543564514E-4	0.32572026353646216	0.0015419078989283904	0.0015562335180026048	1.9234308437164816E-4	5.467635288366975E-4	0.0017410643148681366	0.0013299230378215263	0.0014090348556698984	8.660591201923024E-4	8.328783697746942E-4	0.002195521006860951	0.0015903342031053944	0.0016367976450504702
10	10	0.09549470200473403	0.0017155085625597507	1.5282727921919986E-4	9.235727592505365E-5	1.0980771986050474E-4	1.7236156194275762E-4	1.967649904547761E-5	0.27120784005077386	0.004390410293075468	1.3711396860536338E-4	1.69466364314284E-5	4.817330847859759E-5	1.533987252216146E-4	0.004371733092479041	0.11357903821812287	7.630525987439709E-5	0.022764360502548677	0.052666327407772134	0.4326868994580228	1.4421217530697551E-4
11	11	0.03912160346388141	0.014013281018897823	2.431870037473848E-4	0.06333440333461278	0.004688120495043963	0.07248848753219427	3.1310305801130976E-5	0.34580615047077135	0.13561783067680586	2.181831369858099E-4	2.6966401276072672E-5	7.665596488638432E-5	2.440963194261082E-4	1.8645452432744278E-4	0.020507794358042064	0.031715140771851134	0.08135776270863136	3.078109133711412E-4	0.18978528241337947	2.294781860671247E-4
12	12	0.003021805880819176	0.0018865943466621156	0.0099685228328848	0.009584823629096517	6.967609126021162E-4	0.0010936826604661814	1.2485292882101587E-4	0.5420485560658861	8.620178824372511E-4	8.70026752375293E-4	1.0753118160087844E-4	0.41425004534795296	9.73358120113889E-4	7.435057837528275E-4	7.877339777615685E-4	4.841783671855416E-4	0.00946441906016953	0.0012274263401180446	8.890910560100275E-4	9.150668732842474E-4
13	13	0.008165174837335885	0.6616160450960269	0.0026202981706828178	0.0015835104988590487	0.0018827068632468603	0.19747916600386647	3.3736316394376967E-4	0.05436241542686485	0.026644738039888118	0.02666637868322285	2.90558339240001E-4	8.259548473748535E-4	0.0026300958908439132	0.0020090154551114132	0.002128523772675176	0.0013082908619709347	0.0012581671792423741	0.0033166096904604105	0.002402399162935469	0.0024725880162079364
14	14	0.10743779417546194	0.03757107837337408	4.3962074941967714E-4	2.656736092140747E-4	0.09414515088948484	0.004575346680632306	5.660113364919274E-5	0.2008587519563761	0.42874184827925327	3.944200665101098E-4	4.87484501863159E-5	1.3857464507374247E-4	0.008600332352728602	3.370627395971661E-4	0.016675248837729063	0.012458100296083043	0.08180176700569311	0.004635978369117259	4.0306272478130896E-4	4.1483866563482986E-4
15	15	0.27885393899782585	0.03989311639089588	3.254425224989247E-4	1.9667290422063977E-4	0.02439381757938096	3.670403725505739E-4	4.190069676057826E-5	0.4446515586407421	2.892935731285729E-4	0.19659185392573578	3.6087510922744733E-5	1.0258406161839225E-4	3.266594049131633E-4	2.4952086169659324E-4	0.009324357981407494	0.0031824885084258186	1.5626507895904625E-4	4.1192480912450674E-4	2.98379341856078E-4	3.07096837336505E-4
16	16	0.0018041609038147548	0.1354439679136924	5.789759080560876E-4	3.498893520023926E-4	4.159991896905869E-4	6.52980229378032E-4	7.454309832919489E-5	0.45794618397183307	5.146654097651271E-4	5.194470835707375E-4	6.420119671377346E-5	1.8250135161051838E-4	5.811407929499588E-4	4.439080866582204E-4	0.3282052143402481	2.8907736466255525E-4	2.780021347335426E-4	0.0705779741344947	5.308293737087517E-4	5.463381640874636E-4
17	17	0.25437236321063283	0.08796084205966136	4.4691354524347353E-4	2.7008082472955463E-4	3.2111124158385894E-4	5.040377418553357E-4	5.7540080483808415E-5	0.2871349366826212	3.9727204481543977E-4	0.008695380250326044	4.955713015514041E-5	1.408734369169662E-4	0.27416435271054923	3.42654217576621E-4	0.0045102459578095725	2.2313983724253276E-4	2.145908282024499E-4	0.07936263877843337	4.097490655873181E-4	4.21720355573907E-4
18	18	0.00683550537846389	0.004267589088182115	0.0021935920045437107	0.0013256414893054176	0.0015761147980505148	0.0024739754976989647	2.8242478178037945E-4	0.1472887009513215	0.04266153995204239	0.10374706252165404	2.432419550345583E-4	6.914510606414935E-4	0.24647141831103286	0.14417246855254348	0.0017819013047682152	0.021451042393079357	0.001053279163281707	0.16562292776214962	0.002011177069273945	0.10384894596515186
19	19	0.002916814662211565	0.01050717748132951	9.360392491126988E-4	5.656714929995347E-4	6.725522836638416E-4	0.9217856714099879	1.205149727574403E-4	0.010733549003658853	8.320674781068098E-4	8.397980836401782E-4	1.0379506146614232E-4	2.9505274009953013E-4	9.395392517937746E-4	0.03546220088434366	7.603645326265331E-4	4.673558184186192E-4	4.494503239718637E-4	0.0011847799914501617	0.009544331971547937	8.832733068134835E-4
20	20	0.17455853036425995	0.5870202452407615	0.0013121598337783838	7.929703940631156E-4	9.427981717392351E-4	0.001479879244229704	1.6894046566007828E-4	0.10028135709960562	0.013342815496595743	0.0011772469101923603	0.024498313165578555	4.136112398832142E-4	0.0013170662123737022	0.001006049393588764	0.0010658952599348589	6.551493792518325E-4	6.300490742814521E-4	0.0016608499249565372	0.0012030431198924488	0.08647303000937301
21	21	0.10916407902414799	0.0011836190814973034	6.083944119146314E-4	3.676676759511477E-4	4.371366387567371E-4	0.006331856166351049	7.833072816890281E-5	0.4642779217459335	5.408162152345105E-4	0.10216839007796322	6.746334135047966E-5	1.9177447790444247E-4	6.106692973693506E-4	4.664636223523387E-4	4.942116830107046E-4	3.0376575402282416E-4	2.9212777754448636E-4	0.2943463209494993	0.017494893028452616	5.740983025744692E-4
22	22	0.0014916147657275702	0.13863189429730485	4.7867627085309053E-4	2.8927581942059813E-4	0.13360261617748356	5.398603582468799E-4	6.162952867219753E-5	0.3297517697647648	0.018193331103672616	4.294599989557198E-4	5.30792197043848E-5	1.5088549488679036E-4	0.004922422223899209	3.6700709747408515E-4	0.21360273191531445	2.3899867503866166E-4	2.2984207683225279E-4	6.058785127080052E-4	0.13813950971143757	0.018219516987602682
23	23	0.0018139064851326332	0.11456869842494516	5.821033767763789E-4	3.517793581127064E-4	4.182463029734038E-4	6.565074491015695E-4	7.494575965774808E-5	0.50363368454002	5.174454908497797E-4	5.222529939430161E-4	6.454799393233431E-5	1.8348717375031887E-4	5.842799557834151E-4	4.463059561315275E-4	0.34078153898683916	2.906388811318015E-4	2.795038258548062E-4	0.03314714094429481	5.336967680838646E-4	5.492893326855176E-4
24	24	0.014098259680651261	2.8596687583934557E-4	0.004239056196810293	8.88299101311017E-5	1.0561387599635574E-4	1.6577862333072688E-4	1.8925002111613214E-5	0.3495111291579768	1.3066325635628442E-4	1.3187722772179688E-4	1.6299400086787093E-5	4.633344390044794E-5	1.4754002691373417E-4	1.1269938687373765E-4	1.1940342395890831E-4	7.339096253416395E-5	7.057918311405528E-5	1.8605127086673232E-4	0.6303128987594714	1.3870433535441976E-4
25	25	0.0367048724233893	0.3319306128145021	9.122670335907962E-4	5.513053596788128E-4	6.554717415261479E-4	0.02642547361322039	1.1745430205509333E-4	0.21363376297975525	0.017742003262161063	8.184700666172815E-4	1.011590196830427E-4	2.875594033247925E-4	0.017846745618070915	6.994465706912118E-4	0.17851726229252018	4.554865690774252E-4	0.16974871051304602	0.0011546906064916894	8.36404643713139E-4	8.608411668853578E-4
26	26	0.05353787956462768	0.04656977043100414	0.18060655195277484	2.1343153768048408E-4	2.5375835595274187E-4	3.983161351825178E-4	4.5471083955017857E-5	0.3842205993286413	3.139444774997793E-4	0.28216759818383874	3.916255255305457E-5	1.1132532007642596E-4	3.5449427751467374E-4	2.707827059670501E-4	2.86890489276109E-4	0.04933634864322246	1.695805338318251E-4	4.470252054728995E-4	3.238044508306513E-4	3.332647700977268E-4
27	27	0.012874729052551341	2.8912182390602114E-4	1.4861208709517589E-4	8.980993186406818E-5	1.0677906791905944E-4	1.6760758672251233E-4	1.9133793422315256E-5	0.37405319217012106	1.321048071891102E-4	1.3333217177228601E-4	1.6479224273210242E-5	4.684462061917484E-5	0.0015282383623353901	1.1394275015380011E-4	1.2072074996202637E-4	7.420065307849363E-5	7.135785251994245E-5	0.0015671744840799091	0.6083063842105033	1.402345999117449E-4
28	28	0.1545305909337178	0.017659391404323817	0.008853172929879569	5.204633588251075E-4	6.188022993434945E-4	9.713135923786434E-4	1.1088348676977666E-4	0.5053760961722029	7.655691329401375E-4	0.016756564690877006	9.549982098916085E-5	2.7147229804433377E-4	8.64451825464393E-4	6.603170187076295E-4	0.2804175452575047	4.300050153328333E-4	4.135305175076612E-4	0.001090093068945655	0.008781554554416598	8.126826218288563E-4
29	29	0.005584956436500671	0.003486837889335243	0.018424004702390532	0.0010831166911981006	0.0012877661560723296	0.0020213641295859564	2.3075544754908722E-4	0.6525576807962018	0.0015931970850462092	0.05150318377411042	1.9874108016612393E-4	5.64950773621182E-4	0.018430706315199427	0.018005889058223132	0.0014559042251109482	8.94867239947995E-4	8.605827830866488E-4	0.03553200799099866	0.0016432342154792164	0.1846402532101764
30	30	0.20038651768865506	0.007722644687283329	0.04930611124501056	0.09808657488626571	0.04221016782078385	0.007414692509644545	0.15732183612876094	0.11615758810534242	3.347917412261829E-4	3.379022376166174E-4	0.0035367263493708127	1.1871780019119778E-4	3.7803422238551324E-4	0.1365923300024122	0.03176061036566057	1.8804588850962416E-4	0.13298944433585785	0.0074666360717224505	0.007335232928942493	3.5539498435814955E-4
31	31	0.05915226323544319	0.03291234069621381	0.002397100340842887	1.4092155487274214E-4	1.6754797567145578E-4	0.08465555499123012	3.0023003733791868E-5	0.3705389767635527	2.0728681615559056E-4	2.0921268473011144E-4	2.5857695908202063E-5	7.350430668480419E-5	0.31832909601064996	1.7878857254287808E-4	0.08890980805570337	1.1642889808914048E-4	1.1196823470159355E-4	0.011114714507841588	0.03050856230993195	2.2004334550026038E-4
32	32	0.007971347591727835	0.5034807062891673	0.002558096786485517	0.0015459206756770845	0.0018380146315604199	0.002885071042107512	3.293547410821016E-4	0.07681022971286779	0.0022739528752686593	0.0022950798068489785	2.836609826364633E-4	0.02454463288099501	0.0025676619255751844	0.001961324874100499	0.0020779962691877553	0.02501551906591454	0.3335642874385281	0.003237879065107548	0.002345370327438445	0.0024138930177231973
33	33	0.1346617841085279	8.730821598207976E-4	4.487747075734691E-4	2.712055708071588E-4	3.2244850279004677E-4	0.11711156483647993	5.777970497360326E-5	0.5340349990591204	0.02122132434037106	0.18780421361622174	4.976350981136046E-5	1.414601014673638E-4	4.5045274904576324E-4	3.4408119406626906E-4	3.645492121213665E-4	2.240690985366179E-4	2.1548448732301953E-4	5.680309823610047E-4	4.114554572009501E-4	4.2347660138014875E-4
34	34	0.10387805735831322	0.011084886186704708	0.010151220245535093	0.018924204233790362	0.055691823225981874	0.019441157879088143	1.271411622373213E-4	0.45118204394190103	8.778164555478064E-4	0.010049687520154334	1.0950195189323319E-4	3.112754161515136E-4	0.019318628099045956	7.571323345727808E-4	8.021711177477458E-4	0.2845682299051372	0.009637877545796604	0.0012499219114597306	9.053858108364597E-4	9.31837698104904E-4
35	35	0.07901181065720247	0.0013428237873322991	6.902275412504605E-4	4.171214445747422E-4	0.08376199160269596	7.78451973454307E-4	8.886673652743282E-5	0.2384977570837644	0.019828803582400516	0.013429422746966978	7.653761328665197E-5	2.175694315501828E-4	0.410618012863735	5.292061084614559E-4	5.606864694043174E-4	3.4462428551149517E-4	3.314209231326492E-4	0.14178543592119616	0.007037910852396884	6.513183751556892E-4
36	36	0.004088853160760005	0.0025527805430473815	0.0013121598337783838	7.929703940631156E-4	0.0740012312589535	0.001479879244229704	1.6894046566007828E-4	0.5142791445938197	0.001166409982060034	0.0011772469101923603	0.07320393522372139	4.136112398832142E-4	0.1109047158431951	0.1714757265970887	0.0010658952599348589	6.551493792518325E-4	6.300490742814521E-4	0.0016608499249565372	0.03773225966349958	0.001238191407623038
37	37	0.017780802507207105	0.04272353029592462	0.0014344226137478853	8.668567928964775E-4	0.0010306450349487901	0.001617769572649288	1.8468178805787372E-4	0.4024664405197095	0.001275092265513409	0.0012869389433162253	1.590595517266183E-4	4.521501881980236E-4	0.37414675925810603	0.1342094230515814	0.0011652119089292832	7.161940647700379E-4	6.887549951272745E-4	0.01512656583722704	0.0013151387598250418	0.0013535620505381073
38	38	0.057254568792404724	0.009441092052399545	8.410662836175612E-4	5.082769988721206E-4	0.3362113380983478	0.008753385353218991	1.0828721162435799E-4	0.23598411665043326	0.11001504715179367	7.545899959493612E-4	9.326374581828454E-5	2.6511592523703213E-4	8.442111669655773E-4	0.024059299647580978	6.83215978664378E-4	0.008224751215312201	4.0384793053502727E-4	0.16496567423747116	0.039795197453326034	7.93654110427977E-4
39	39	0.034689327103580865	0.023073388588737653	0.22334428090746009	0.06340940975173724	0.03744501341998627	4.515974182545494E-4	5.155358346182105E-5	0.40217479479112267	0.0263660571945705	3.592466529711629E-4	4.440118303797447E-5	1.2621689831831314E-4	4.0191367200899863E-4	0.011454197534582437	0.04862977073969158	1.999242636822027E-4	1.9226469756136985E-4	0.09711583005316828	0.030092967174528553	3.778443715376131E-4
40	40	0.16148066560675842	0.0015867406580851063	8.156037399426825E-4	4.928893587600336E-4	5.86018330303132E-4	0.00848838429301631	1.0500891131780355E-4	0.10774341472574588	7.250094989840351E-4	0.023437337297831838	9.044026775545368E-5	2.570897732478944E-4	8.186534147070696E-4	6.253336116952408E-4	6.625322144534386E-4	4.0722347246392596E-4	3.9162178882711255E-4	0.25079385061974163	0.31105753499394734	0.1294346474224157
41	41	0.02683228522940196	0.6573169479619622	0.008926429587979954	0.05956616794931046	3.2791081434222337E-4	5.14710807307054E-4	5.875849925308599E-5	0.0899337945658953	4.056843325954095E-4	0.00887950607034439	5.060650890165687E-5	1.4385645046489776E-4	4.5808346599291084E-4	3.4990996568397655E-4	0.0766011980210431	2.2786485263326292E-4	0.06374452923964058	5.776534869473107E-4	4.1842555592253803E-4	0.004665676634377695
42	42	0.010469762540402236	0.07294795942416218	0.002674940429315652	1.572553130414948E-4	0.029163653177565012	0.10895604711292724	3.350287225305533E-5	0.37243663787031417	2.3131275547845425E-4	0.063016279913009	2.8854777171938612E-5	0.004911471495003025	0.03648204622737537	0.13300931882445077	2.113795092798387E-4	0.002544647564069179	1.2494610788678161E-4	3.293659849338527E-4	0.16202507024879426	2.455478525665512E-4
43	43	0.13088799529756445	0.006328850250498681	0.003253104978146371	0.3340309495850576	0.0023373840190189857	0.0036689147255762056	4.1883698593839724E-4	0.4901192435575951	0.0028917621325695725	0.0029186290309058615	3.607287103426391E-4	0.0010254244558049986	0.003265268865671522	0.0024941963671610908	0.002642566162303627	0.0016242455013552866	0.001562016857443049	0.004117577005289326	0.002982582960932071	0.0030697225508252123
44	44	0.06743419919840171	0.0026495671554143414	0.0013619093140230887	8.230352260588355E-4	9.785436029071935E-4	0.026812115859526035	1.7534570695959726E-4	0.45794923840217866	0.0012106334744013815	0.06441220174859588	1.5101873248834097E-4	4.2929297596280917E-4	0.11510957856483324	0.0010441929437440987	0.0011063078177742187	6.799888387912749E-4	0.08912038553779114	0.16601865293734708	0.0012486555280655266	0.001285136434735573
45	45	0.10960441441374344	4.657579080701652E-4	2.394051540775052E-4	1.4467841072602383E-4	0.002393614633701164	2.700057640544664E-4	3.08233929816415E-5	0.23601325168665546	2.1281291675308606E-4	2.147901274422563E-4	2.6547041383511582E-5	7.546387266503758E-5	2.4030032880648043E-4	1.835549327768689E-4	1.9447388371917338E-4	1.1953279931753895E-4	0.6488221424465846	3.030240843746081E-4	2.1949667720767794E-4	2.259095249592144E-4
46	46	0.12959881408174115	4.657579080701652E-4	2.394051540775052E-4	1.4467841072602383E-4	1.7201467059030782E-4	2.700057640544664E-4	3.08233929816415E-5	0.21157565209243603	2.1281291675308606E-4	2.147901274422563E-4	2.6547041383511582E-5	7.546387266503758E-5	2.4030032880648043E-4	1.835549327768689E-4	1.9447388371917338E-4	1.1953279931753895E-4	0.6554869423359172	3.030240843746081E-4	2.1949667720767794E-4	2.259095249592144E-4
47	47	0.0157593272013661	0.0625518747376474	0.11306731337422975	0.01841019290506113	0.03662840559085196	4.417488976190442E-4	5.042929330861253E-5	0.24801618318665886	3.4817727578513927E-4	0.5019396973207986	4.343287376579025E-5	1.23464336684011E-4	3.931486637683156E-4	3.003091044766097E-4	3.1817329548308927E-4	1.955642780914469E-4	1.8807175321564952E-4	4.95769250309414E-4	3.5911238979318734E-4	3.6960427108601984E-4
48	48	0.0047885395539329885	0.0029896134985245596	0.0015366972151090968	0.043708776364347654	0.0011041302192201714	0.3439740170029938	1.978496341802541E-4	0.3313421106587131	0.25804668170048844	0.0013786979313176648	1.704005275935758E-4	4.843885814094384E-4	0.0015424431754179002	0.0011782050186205887	0.0012482917365511479	7.672588358978692E-4	7.37863355443857E-4	0.0019450553116274695	0.0014089084000319448	0.0014500712785784709
49	49	0.0090448996051183	0.005646973079725664	0.08370842307023038	0.00175411963260594	0.0020855517368800385	0.0032736218850343965	3.737110360924092E-4	0.3565074550417272	0.0025802005529051274	0.0026041727825575505	3.2186340895465685E-4	9.149441159185116E-4	0.0029134652666273067	0.0022254689530374697	0.0023578532259863035	0.0014492475343836908	0.0013937234718681413	0.2730266486079294	0.24507866966918748	0.0027389873232299797
50	50	0.2678464421231639	0.001464791172849202	7.529202410761944E-4	4.5500818185014114E-4	5.409796950635741E-4	8.491580131062541E-4	9.693841623397367E-5	0.23221288299279583	6.692886508783696E-4	6.755069044263552E-4	8.348945065678237E-5	2.3733105253493812E-4	7.557355320641535E-4	5.772733873237462E-4	6.11613078996038E-4	3.7592617596502354E-4	0.4894409297172306	9.529993935943442E-4	6.903088271237719E-4	7.104769930668853E-4
51	51	0.07286419784870855	0.001636277524247634	8.410662836175612E-4	5.082769988721206E-4	6.043133878155848E-4	9.485708250670786E-4	1.0828721162435799E-4	0.18135041495336987	7.4764375766691E-4	7.545899959493612E-4	9.326374581828454E-5	2.6511592523703213E-4	8.442111669655773E-4	6.448560631252437E-4	6.83215978664378E-4	4.1993668716028965E-4	0.7340564135768147	0.0010645691462810207	7.711248125664787E-4	7.93654110427977E-4
52	52	0.1211508666958046	0.0010025043331508459	0.03876974090581024	3.114079893290115E-4	3.70246966598623E-4	0.16794434668145283	0.22481118941717046	0.3836715406703662	4.5806172584255734E-4	4.623175038961351E-4	5.71402515301918E-5	1.624295756061472E-4	5.172260453595528E-4	0.005176891606665278	4.185885150527057E-4	0.05285714146279418	2.4742703746512826E-4	6.522336011283527E-4	4.7244795246667126E-4	4.8625106251023374E-4
53	53	0.029955200523949618	0.0011769742413429375	6.049788843338592E-4	3.6560358880113994E-4	4.346825526951295E-4	6.82306889050935E-4	7.789097928685622E-5	0.3044794022254637	5.377800718001073E-4	5.427765002247014E-4	6.708460200218674E-5	1.906978555592282E-4	0.017449247666701626	4.6384489453964005E-4	4.914371775237941E-4	3.020604124045573E-4	0.6402867411603038	7.657444686086017E-4	5.546699919797901E-4	5.70875313427763E-4
54	54	0.25361708013962475	0.01437901658393074	0.00128096474149388	7.741184341228023E-4	0.06035501155340041	0.0014446968156830728	1.649241002134407E-4	0.45450504701398614	0.0011386799250233432	0.0011492592176417132	1.4204299040382473E-4	4.037781079232825E-4	0.04883345633645836	9.82131725277427E-4	0.0010405548249182365	0.0244134248855139	0.012501995846481559	0.0016213651264236164	0.12004369680180407	0.0012087548296754738
55	55	0.04291587400492455	0.006735509734870694	0.035589570541208405	0.002092251847979253	0.0024875723379602886	0.7107082899596567	4.4574930428946196E-4	0.16820997970361076	0.0030775719481303996	0.0031061651756720994	3.8390728868466256E-4	0.0010913129764612197	0.0034750783098348335	0.0026544606439959477	0.002812363921840858	0.0017286111936897918	0.0016623840560156696	0.004382151402779782	0.003174228457504504	0.003266967190890026
56	56	0.04655841911503826	0.0022512474257791273	0.0011571681929532498	6.993051412960864E-4	8.314353393745002E-4	0.033519481054338225	1.4898530524412538E-4	0.2817226013571662	0.09767184738114774	0.0010381911141148145	1.283154994067844E-4	3.6475569417684814E-4	0.033375899413586776	8.872153596171152E-4	9.399922631868737E-4	0.011315898267110304	5.556280035327404E-4	0.2162273670638614	0.2695143101300351	0.001091936879033734
57	57	0.09576272099009346	0.02050025927048084	0.004359106538523786	2.562646464138863E-4	3.046845656903342E-4	4.7825332962883496E-4	5.459657639365961E-5	0.34721239138606186	3.7694930840312136E-4	0.14991254818165992	4.7021999615155505E-5	1.33666955204187E-4	0.3152300510594962	3.251254952935971E-4	3.444659144231592E-4	2.1172495881212534E-4	2.0361328046161777E-4	0.06349762053682832	3.887880582277558E-4	4.0014694828817844E-4
58	58	0.09733547746759907	0.007942199770379908	2.6665565496639034E-4	1.6114655726732861E-4	1.9159439080094684E-4	3.007394061171112E-4	3.4331892625608025E-5	0.418769624110531	0.010134938614826682	0.05467770025152247	2.9568781569541385E-5	8.405361392211836E-5	0.40113268703818883	2.044482334164031E-4	2.1661004349223583E-4	1.3313872466448867E-4	1.28037868740207E-4	3.375160656037614E-4	0.0076679076396966766	2.5162387406932465E-4
59	59	0.25132010363405743	0.005097737344878585	0.0026202981706828178	0.07452998913787552	0.0018827068632468603	0.0029552229664892254	3.3736316394376967E-4	0.540672273020308	0.0023292451602159644	0.002350885803550694	2.90558339240001E-4	8.259548473748535E-4	0.026945588770516074	0.0020090154551114132	0.002128523772675176	0.0013082908619709347	0.0012581671792423741	0.02763210257013257	0.05103338492227978	0.0024725880162079364
60	60	0.02468837749164881	9.700347138384017E-4	4.986094838179885E-4	0.02806289997690396	0.05588141127514011	5.623414214361264E-4	6.419592812575689E-5	0.22781017221206581	0.06522024118792313	4.473437298618556E-4	5.528956405358868E-5	1.5716872404609726E-4	0.037515911235787125	3.8229014173391906E-4	0.4816057168700474	0.06039903687212918	0.009493272587502214	0.005258038399389193	4.5714606832087144E-4	4.705021162285192E-4
61	61	0.03238499216123387	0.0029067138028265205	0.01535870334998255	9.029127066694592E-4	0.0010735135327389475	0.02941429398858948	1.923634151504009E-4	0.4885296582378908	0.0013281282654094588	0.0013404676921840255	1.6567545129482874E-4	4.709568565332077E-4	0.3065212590185139	0.0011455342946083533	0.0012136775614567626	7.459833352189501E-4	0.02844663811555537	0.08507882585532024	0.001369840447707438	0.0014098619111154365
62	62	0.014231753170907748	0.0012773704923052713	6.565837621340673E-4	3.967896830797439E-4	4.7176110302902125E-4	7.405078685288944E-4	8.453510286195039E-5	0.689931403417485	5.836528710122474E-4	5.890754962595167E-4	7.280693839812611E-5	2.069644390511984E-4	6.590388353908763E-4	5.034110012597533E-4	5.333569141448813E-4	3.2782625493901426E-4	3.15266464398323E-4	8.31062698305566E-4	0.2869672623399677	6.195711465410682E-4
63	63	0.15561073611120552	0.0022756840276154104	0.001169728899548627	0.02241628380566729	8.404603155313871E-4	0.09901148852613134	1.506024951371678E-4	0.45845571734528434	0.0010397997481822428	0.0010494603609310816	1.2970832488323872E-4	3.687150056075017E-4	0.0011741027057628783	8.968458108228483E-4	9.501955915290414E-4	5.84034919149677E-4	0.022271047096544393	0.22942914291977137	0.0010724564710148069	0.001103789519679871
64	64	0.12452266216523614	0.02787944141033302	9.360392491126988E-4	5.656714929995347E-4	6.725522836638416E-4	0.001055683172801795	1.205149727574403E-4	0.4363540152642449	0.09637951908762611	8.397980836401782E-4	1.0379506146614232E-4	2.9505274009953013E-4	0.00962567121629553	0.12232352052936121	7.603645326265331E-4	4.673558184186192E-4	4.494503239718637E-4	0.009870911955951918	8.582000070461821E-4	0.16591978063234683
65	65	0.11515168716840557	0.02106863664724601	2.465249929764358E-4	1.4898110412663927E-4	1.7713033632263002E-4	0.0025657053489776707	3.174007162706727E-5	0.43290880091470885	0.0025068116032118185	2.2117792268568933E-4	2.733654258962453E-5	7.770814605227861E-5	2.4744678993867606E-4	0.3936682009778585	2.0025747984710646E-4	1.2308766962748874E-4	1.1837189312889604E-4	3.1203593155708224E-4	0.023102721372656548	0.007095637086455513
66	66	0.18471544200322493	0.005984630913975716	5.331450274717975E-4	3.221926259621394E-4	0.010277885296525388	6.01291275657996E-4	6.864237639867655E-5	0.4464328781566833	4.739252535555093E-4	0.04005759237833224	5.91191244910508E-5	1.6805481327317027E-4	0.050009218494802575	0.2329369447482151	4.3308501221506494E-4	2.661944260201629E-4	2.5599589498873364E-4	0.025411861637027976	4.888097019079649E-4	5.030908392704399E-4
67	67	0.05423816860956126	0.007027697521074284	0.012245459552629854	3.7834786327338226E-4	4.4983479389168636E-4	7.060908631002068E-4	8.060611680013531E-5	0.5881487158822315	5.565261045269649E-4	5.616966993360651E-4	6.942304890742767E-5	1.9734523508983977E-4	0.07034476155751546	0.23867755393540568	5.085677814567711E-4	3.1258968761081426E-4	3.00613645599468E-4	7.924369245430467E-4	0.023812789191513438	5.90774985932641E-4
68	68	0.10292448673175462	0.07619158015904678	0.002558096786485517	0.0015459206756770845	0.0730528689865805	0.002885071042107512	3.293547410821016E-4	0.40914621670296153	0.026012237660275352	0.23967792765691592	2.836609826364633E-4	8.063480959883125E-4	0.05004423149558858	0.001961324874100499	0.0020779962691877553	0.0012772342809078466	0.0012283004484343702	0.003237879065107548	0.002345370327438445	0.0024138930177231973
69	69	0.012853126383072927	0.008024551055763234	0.11895266813581581	0.002492666841338447	0.002963643735458111	0.042927918178166866	5.31056770926098E-4	0.5448858501126571	0.0036665574244072	0.08025259121790995	4.5737943526093824E-4	0.0013001683676726388	0.004140138522207982	0.003162471112317168	0.0033505939070002312	0.040335416865528634	0.001980530985312369	0.0052208071920136455	0.00378171204890857	0.11872015170826208
70	70	0.03129543841778009	4.919900287853773E-4	2.5288877892378257E-4	1.5282689617155353E-4	1.8170277148033638E-4	2.8521285699643494E-4	3.255940852005085E-5	0.512138872353339	2.247988305192187E-4	0.014307228421298822	2.804220696661339E-5	7.971410091255978E-5	0.00260055787459581	0.2137457318137664	0.004898873925091309	1.262650496278279E-4	1.2142754027022468E-4	3.200908141567546E-4	0.21847714485323358	2.38633057564384E-4
71	71	0.031365110035383614	1.6716801732595006E-4	0.004870134489162362	0.01360718375872464	0.023185411427134532	0.018436373887218728	0.7439554260076818	0.13255103981033622	0.009644798228898745	7.709163735830971E-5	9.528160868678224E-6	2.7085199745555056E-5	0.0064651918225141275	6.588082274297032E-5	6.979981015827231E-5	4.290224754342425E-5	4.125856210105315E-5	1.0876022609428986E-4	0.015228773280728022	8.108256827877612E-5
72	72	0.047609871298075514	0.055071969716252646	2.7981097785236957E-4	1.6909664178019166E-4	0.02357001935735085	3.155762337572634E-4	3.6025639314886256E-5	0.3407604172382217	0.02102115083665134	2.5104152759048706E-4	3.102754256578329E-5	8.820035677299949E-5	2.8085723651471317E-4	0.008004192168870626	0.3040239421861516	1.3970705681484036E-4	0.01571366972169292	0.18211284422258334	2.565424295959097E-4	2.64037611590174E-4
73	73	0.020248827623051493	0.1083924657852738	5.032666425398471E-4	3.0413638459310225E-4	3.6160142862904287E-4	5.675938551352407E-4	6.479553691034995E-5	0.1925768135874599	0.6682783223790396	4.515220514157139E-4	5.58059847872824E-5	1.5863672599501698E-4	0.005175294988762003	3.858608437073829E-4	4.088141665043177E-4	2.512764222546852E-4	2.4164943483746248E-4	6.370034686160068E-4	4.614159465890134E-4	4.748967438987912E-4
74	74	0.126205070579229	0.003606812954676788	0.0018539451422756215	0.018324376989087326	0.01853606802965267	0.0020909151959741805	2.3869527749710275E-4	0.4857669588172335	0.0016480157862439353	0.001663327236686877	2.0557936024559324E-4	5.843895912924216E-4	0.00186087734407665	0.0014214429813496627	0.0015059989556612172	9.256578184010808E-4	8.901937024667619E-4	0.19159052470085652	0.0016997745935038362	0.13938137494358926
75	75	0.010452620386592934	0.006525850867629387	0.09673654852048437	0.00202712549975948	0.0024101406929791427	0.0037831184808446287	4.3187428994168406E-4	0.31861101277741044	0.002981775152654307	0.0030094783475283784	3.719572551401186E-4	0.0010573432471523822	0.003366908177106373	0.3138457770709983	0.0027248223611671596	0.001674804031494873	0.001610638372047633	0.2221375064573012	0.003075422996750718	0.0031652750150164707
76	76	0.09385428796052653	0.0019037255746560523	0.019139546302748014	5.913544049975242E-4	7.030878530343129E-4	0.42788731387568624	1.25986656372531E-4	0.2382334855870651	0.055352870974615075	0.1552464993835315	1.085076189530423E-4	3.0844887841040687E-4	9.821967026660539E-4	7.502571911864476E-4	7.948869994991138E-4	4.885749509093627E-4	4.6985650186997244E-4	0.0012385719902232345	8.971644511279688E-4	9.233761419214966E-4
77	77	0.057389100838566284	0.003606812954676788	0.29432181654009215	0.001120384553921648	0.0013320755944869912	0.0020909151959741805	2.3869527749710275E-4	0.3137270344655767	0.0016480157862439353	0.001663327236686877	2.0557936024559324E-4	5.843895912924216E-4	0.00186087734407665	0.0014214429813496627	0.0015059989556612172	9.256578184010808E-4	0.15572612561895785	0.01955060034919976	0.13933171407482925	0.0017494354622638513
78	78	0.01224366696019823	5.920201813153974E-4	3.043054777364159E-4	1.838992692691776E-4	2.1864611358663407E-4	0.0031670549201725643	3.91793040666915E-5	0.44401058389919146	2.705043529683679E-4	0.06804549713995789	3.374367666321246E-5	9.592136774022799E-5	0.325048574619387	2.333148245064836E-4	2.4719379296763366E-4	1.5193693611842172E-4	1.4611587674843087E-4	3.851708586499452E-4	0.14429551910913288	2.8715131962307207E-4
79	79	0.37460177643406256	9.655671027610321E-4	0.09260870892611894	2.99934174935689E-4	3.5660523253908035E-4	5.597514906554735E-4	6.390026608858939E-5	0.3695351787384286	0.028074903215039596	0.05571272094353057	5.5034921343070287E-5	1.5644486465988421E-4	0.05115998658967089	3.8052945869070977E-4	0.01882564480825598	2.4780457126358593E-4	2.383105985777331E-4	6.282020812673501E-4	0.005060660419741009	4.683351623696508E-4
80	80	0.022871750107186787	0.2958075036141509	0.001055191131523054	6.376779000819963E-4	7.58163940112963E-4	0.00119006497077395	1.3585576736225373E-4	0.34502179921913234	9.379844109735071E-4	9.466990737484345E-4	1.1700751700186138E-4	3.326110897376654E-4	0.04022642339691231	8.090282682500583E-4	8.571541335608987E-4	5.26847261296466E-4	5.066625105355746E-4	0.030711060049648194	0.030342908496598812	0.22620760714141203
81	81	0.052727736545876654	0.10932280874137287	7.745673813561128E-4	0.04359445147718792	5.565333522887935E-4	8.735720766772553E-4	9.972548368182247E-5	0.36108057142672023	6.885313070362284E-4	6.949283410173936E-4	8.588984813803138E-5	2.4415453569652914E-4	7.774636145151284E-4	0.04372023191828656	0.2809505465915587	0.007574461294238071	3.7191769556516567E-4	0.022543579689673132	0.07258742482766826	7.309038514451249E-4
82	82	0.005982986025721682	0.11063758387782921	0.07318817241197682	0.4109522493404677	0.001379542885209244	0.03779950485755014	2.4720096454510193E-4	0.34272345018957295	0.0017067413156089783	0.0017225983755297625	2.1290499198876054E-4	6.052137778023614E-4	0.0019271879996094977	0.0014720947968472774	0.0015596638456656848	9.586427848378333E-4	9.219149376946934E-4	0.0024302271324384956	0.0017603445004416018	0.0018117749886621844
83	83	0.0050782008948370245	0.01829309170005426	0.0016296528586573274	9.848392217543217E-4	0.0011709196518289715	0.001837954019581659	2.0981766528630502E-4	0.3362625388143113	0.0014486370583049087	0.01658473098114196	1.8070814743415342E-4	5.136895080133381E-4	0.03188101613158284	0.0012494752758064561	0.0013238015771145097	8.136707367965698E-4	7.824971078718336E-4	0.017185347624921084	0.0014941340292175742	0.5610752769954835
84	84	0.05479613510386467	0.04056375943902546	0.06455222978670828	8.230352260588355E-4	0.013616607697444232	0.001535987670451954	1.7534570695959726E-4	0.5211395588748639	0.0012106334744013815	0.0012218812759106806	1.5101873248834097E-4	4.2929297596280917E-4	0.2667663476992777	0.0010441929437440987	0.0011063078177742187	0.013318052933328313	6.539368760318703E-4	0.0017238197083655604	0.0012486555280655266	0.013923200529272614
85	85	0.0019855092926470276	0.6812058502706767	6.371726841178385E-4	3.850590921963176E-4	0.006370564020544671	7.186156792354427E-4	8.203592823809152E-5	0.07825944961099805	5.66397903608254E-4	5.716602157198688E-4	7.06544922931915E-5	2.0084579417342953E-4	6.395551762033304E-4	4.885282844104663E-4	0.05964508833077052	3.181344815852133E-4	0.15995019451231016	8.06493368688345E-4	0.006496936561354282	6.012543002288421E-4
86	86	0.004039664566851322	0.002522070786415621	0.0012963746503371148	7.8343102026767E-4	9.314563811235726E-4	0.037551849243625736	1.6690812465066114E-4	0.0509552828543207	0.0011523781582984975	0.0011630847190059837	1.4375175682263398E-4	4.086355279868005E-4	0.0013012220055694512	9.939466955637471E-4	0.0010530726206693342	6.472679818285133E-4	0.8908368662195367	0.001640870026121831	0.001188570602256715	0.0012232960587473963
87	87	0.0011263736855168537	7.032252603694724E-4	3.6146622288715904E-4	2.1844291055455898E-4	2.5971660258963374E-4	4.0766859872587793E-4	4.6538745084968076E-5	0.24565351735994184	3.2131589437474594E-4	3.2430118883267187E-4	4.008208935476996E-5	1.1393923878446569E-4	0.007071389726755916	2.7714068437173804E-4	2.936266784607677E-4	1.8047677230228592E-4	0.7414707597756486	4.5752135807096737E-4	3.314073798964893E-4	3.410898274763265E-4
88	88	0.18429513648762053	0.04104203923800413	0.09558869681705862	0.17598147373300613	0.003944802451155114	4.4498365980538435E-4	5.079856818843177E-5	0.25715493956855756	0.055270425636798265	0.06259631068889224	4.375091647842385E-5	1.2436841990825807E-4	3.9602754459410237E-4	3.0250815588479764E-4	3.2050315968983485E-4	1.9699632225766612E-4	0.11735147301533252	4.99399583362184E-4	0.004023055288288023	3.723107451179028E-4
89	89	0.0047885395539329885	0.0029896134985245596	0.0015366972151090968	0.015188701351311815	0.0011041302192201714	0.0017331168465636996	1.978496341802541E-4	0.21726181060656977	0.0013660065831658697	0.0013786979313176648	1.704005275935758E-4	4.843885814094384E-4	0.0015424431754179002	0.015438242525138509	0.0012482917365511479	7.672588358978692E-4	7.37863355443857E-4	0.01620509281814539	0.0014089084000319448	0.7144519466044744
90	90	0.2030538463986569	3.033451947596061E-4	1.5592307040153134E-4	9.422813852166405E-5	1.1203207255874585E-4	0.10145983841912597	2.0075081893744993E-5	0.302746095610549	1.386037135629259E-4	0.08406090790290022	1.7289921006686366E-5	4.9149145412773944E-5	1.5650609206965504E-4	0.3068653324179606	1.2665961674570764E-4	7.785096003926001E-5	7.48683076837715E-5	1.9735767938398413E-4	1.4295680468965624E-4	1.4713345207759598E-4
91	91	0.06696775538662193	4.954782803633567E-4	0.0758822649744618	1.5391045199695153E-4	1.8299105974281255E-4	0.04282775058636521	3.2790257524101886E-5	0.5299501528120589	2.2639267354327862E-4	0.016772029874905635	2.8241028623513244E-5	8.02792807374069E-5	0.26258881327713646	1.95267714983797E-4	2.0688341262955736E-4	0.0024905222544403653	1.2228847196431506E-4	3.223602855327001E-4	2.3350292992115398E-4	2.4032498644689017E-4
92	92	0.14320163225785815	0.0022512474257791273	0.0011571681929532498	6.993051412960864E-4	8.314353393745002E-4	0.033519481054338225	1.4898530524412538E-4	0.42131835367457277	0.001028634238327862	0.03325259549505478	1.283154994067844E-4	3.6475569417684814E-4	0.14075724735005332	8.872153596171152E-4	9.399922631868737E-4	0.04353030264805027	5.556280035327404E-4	0.0014646711909283238	0.011799075082515384	0.16216395878373355
93	93	0.006977538776305616	0.17058642873015786	0.0022391721494830165	0.35459228601311565	0.0016088645257972068	0.0025253816669081135	2.882932215181871E-4	0.19190672016964608	0.0019904532050696267	0.20979665167106445	2.482962238059753E-4	7.058185635760384E-4	0.002247544777590235	0.0017168013569212094	0.0018189270231199592	0.0011179981325503338	0.0010751650093389902	0.0028342041881627518	0.022831737404568342	0.022891717191300367
