0	0	0.083453565962255	1.2477471324752253E-4	0.008942293963237405	0.0025525552696907734	7.510944156815715E-5	1.1274397615948608E-4	1.1075256488496545E-4	0.017760621560069863	0.06837781547691382	0.030751073024903455	0.36604872353332074	1.0842651491890856E-4	5.854222392137594E-4	0.2666616166811581	1.2947021150781513E-4	3.5132706442330184E-4	0.0373682379524514	0.05475830309453952	0.06136488378618502	3.622829693509097E-4
1	1	2.8487502673560686E-4	1.451106373701741E-4	0.04605184198650896	0.1532168055137281	8.735086344660097E-5	1.3111911712187873E-4	1.2880314338176214E-4	2.826261701823357E-4	5.781230591382907E-4	1.1079492206926797E-4	0.01825492693628845	0.04851112182155291	0.20186067094536989	0.4119856371334264	0.08928087846924886	0.028420968964999887	1.666922813115743E-4	1.836832870525251E-5	6.195642128680564E-5	4.213282581269614E-4
2	2	0.07313153153306838	1.97387635648381E-4	2.902764266188108E-4	0.06292604359102334	1.1881954844967866E-4	1.78355584304741E-4	1.752052668016955E-4	0.29828856081448507	0.007714398158606131	0.024398718982652074	0.014439372398279552	1.7152556687492301E-4	0.10138214941221316	0.3040698925026147	2.0481568958388978E-4	0.04212379893437419	2.267441993586702E-4	0.03120099785840625	8.427660254734166E-5	0.03867712929408892
3	3	0.1349749384129098	2.641952407736183E-4	0.190481886658216	7.683010330979368E-4	1.5903508397656282E-4	2.3872162196952136E-4	2.3450505142042638E-4	0.009787409481767831	0.36733001465769516	2.0171843803506686E-4	0.16305563528872186	2.2957992424650303E-4	0.0012395602074956554	0.12416322497291005	0.004910560887911605	7.438922195034233E-4	3.0348779520464623E-4	3.3442241815213716E-5	1.1280077006059465E-4	7.670900122685347E-4
4	4	0.0471543583814759	1.6676998800336458E-4	2.4525039790796886E-4	0.003411665718355859	0.003027074100701041	1.5069008024302109E-4	1.4802842207753406E-4	3.2481121897706434E-4	0.18504557964536514	1.273322766627399E-4	0.08536674818204674	0.19330614038419577	0.15882345600452497	0.31836468826140146	1.7304584445021853E-4	4.69572790785754E-4	1.9157292847987004E-4	2.1110002776725745E-5	7.120409517859167E-5	0.003410901276390138
5	5	0.03911638522149622	4.360348170043114E-4	6.412287585574347E-4	0.04718048063123707	2.624757112805282E-4	3.9399248239920166E-4	3.8703334277815217E-4	8.492475302256074E-4	0.0017371695615551745	3.3292144838590503E-4	0.0012886739672642437	0.7043699009836523	0.18569562806596432	0.005968295148889617	0.008104519641910508	0.0012277394053439592	5.008842886707822E-4	5.519396090335157E-5	1.8616937605421189E-4	0.0012660256564271367
6	6	0.28147300244992296	0.04608616202763655	1.101614704707047E-4	0.040970666874883994	0.005303521500414683	0.02504522389931664	6.649134430207349E-5	0.02249422113883495	0.14753444884898131	5.7195058418676855E-5	0.0015359981214051275	6.509487832119478E-5	0.05162114494420806	0.32836253325591513	0.040830552173662306	0.0015255297185862518	8.605064735365268E-5	9.482182158976246E-6	0.006605019476155431	2.1749998905134962E-4
7	7	8.184289115601984E-4	4.1689418114176154E-4	0.015245425899879216	0.008528534438430796	2.5095380565175207E-4	3.766973803933666E-4	3.700437263716513E-4	0.4178338057947375	0.0016609129675573054	3.183071837311532E-4	0.03781296795764015	3.622719858430201E-4	0.03122068865018636	0.422728142398109	4.3258266361812675E-4	0.02312236305941955	4.788969532451689E-4	5.277110963949844E-5	0.022126514866732092	0.015842796066112358
8	8	4.5164786634072936E-4	2.3006196963838902E-4	3.383269991970476E-4	6.690387322350693E-4	1.3848820498854424E-4	2.078794696859779E-4	2.0420766801837993E-4	0.10542076372344732	0.02514103540531764	1.7565699151443967E-4	0.07335332865128137	1.999188532197694E-4	0.15046361280592804	0.4957131291090524	2.387196178916339E-4	0.053134124092466546	0.09312472683583936	2.912159961172033E-5	9.822723248487387E-5	6.679841718407581E-4
9	9	6.057158647729489E-4	3.085416654791756E-4	0.011283076883456394	8.972640069036398E-4	1.857298774045483E-4	2.787921788927293E-4	2.7386783697037426E-4	6.009342308490346E-4	0.017473242399755826	0.09769962317661154	9.118758333361139E-4	2.681160038317858E-4	0.3154984390372649	0.39949406313411634	3.201526467090925E-4	0.06584478828589858	3.54429661604998E-4	0.08667376265113265	1.3173491452728997E-4	8.958497104820254E-4
10	10	6.515811151961791E-4	3.3190466713756454E-4	4.880959257570818E-4	0.08833528423155154	1.9979348021513112E-4	2.9990252756379495E-4	0.02941796488906644	6.464374124375071E-4	0.02462100107105269	2.5341596175423555E-4	9.809237415769356E-4	0.05271046518546698	0.013206585426028695	0.5462374854970169	0.046941770165542004	0.17567469852603418	0.01785528308298184	4.201300562989106E-5	1.4170997906772732E-4	9.63684108922684E-4
11	11	0.00540845485863755	0.0027549776500876188	0.004051444585448541	0.008011696836498829	0.001658387564636968	0.5343144967007061	0.0024453740105390867	0.005365759508008564	0.01097587424182618	0.0021034814509523405	0.15318538983809835	0.002394015722447801	0.012925897747396173	0.2311001547237064	0.002858652444654925	0.007757166377429505	0.0031647129237259877	3.487293279771278E-4	0.0011762649452716515	0.007999068541950358
12	12	8.626057177250275E-4	0.06212805175894577	0.1086013189491133	0.0012778021968337823	0.03881990883408535	0.008108112420894814	3.900177885553394E-4	0.06254445078921199	0.0017505650181972995	3.3548863291744523E-4	0.0012986110376782968	3.8182654833645137E-4	0.24110511506105906	0.46867922697456993	4.559324258405942E-4	0.0012372066043647562	5.047466484081959E-4	5.561956605241146E-5	1.8760494334724753E-4	0.0012757880838630085
13	13	0.0053280004179938195	2.730573059487052E-4	0.029153231166961713	0.0678813157569189	1.6436969664861085E-4	2.467292097156198E-4	2.4237120011973503E-4	5.31822766540001E-4	0.18797375615866702	2.0848480498266559E-4	0.015182841813095288	2.372808663437431E-4	0.0012811395459996506	0.43980459513956704	0.1440417110709162	0.034312466620958014	0.05302507318723638	3.456401571886018E-5	1.1658451640345008E-4	0.019960604739264552
14	14	0.1536247963488614	8.572885042219962E-5	0.0016305475144196802	0.0047627327857356965	0.006069507224506361	7.746290267168805E-5	7.609466551177735E-5	0.0016714461066097948	0.10114140103750702	6.545572036449351E-5	0.0017578417837973643	0.05874903952442367	0.03500516115811576	0.2163134181844506	0.006106856829996919	2.4138597133433013E-4	0.412324755485539	1.0851690355830863E-5	3.660278026098076E-5	2.4891343511551726E-4
15	15	5.546597782099018E-4	2.8253453755473784E-4	4.1549267099932555E-4	8.216331848125744E-4	1.700746151774886E-4	2.552926497463641E-4	2.507833830136742E-4	5.502811905486501E-4	0.04079173460525631	2.1572086400805727E-4	0.020668069657594185	0.1142855900097015	0.4971520122519505	0.0980742532779705	0.2234150500224044	7.955300164095714E-4	3.2455461203831804E-4	3.576365833989932E-5	1.206309141359479E-4	8.203381001282236E-4
16	16	6.515811151961791E-4	3.3190466713756454E-4	0.04708547125089993	0.11163397189412297	1.9979348021513112E-4	0.006124574443206651	2.946053108521638E-4	0.03559446890629464	0.04209501681798126	2.5341596175423555E-4	9.809237415769356E-4	2.8841794468127994E-4	0.013206585426028695	0.3190752807869456	3.4439484039915986E-4	0.24557076151374843	0.04697864266119612	0.12818479514977268	1.4170997906772732E-4	9.63684108922684E-4
17	17	0.0015181924778428842	7.733421937151804E-4	0.0011372698589139619	0.002248941368624869	4.6552140893975667E-4	6.98776792044282E-4	6.864342081701611E-4	0.4222246098543072	0.003081007449859293	5.904624887490241E-4	0.0022855650832532505	6.720175644719054E-4	0.0714861999989935	0.4720183292898431	8.024444599571955E-4	0.0021774928239959345	8.883578546763168E-4	9.789084985937203E-5	3.301860953890915E-4	0.015816957878393805
18	18	0.010792252960999199	2.9119754345865664E-4	0.3377075815721888	8.468259035240275E-4	1.7528940204263022E-4	2.631203714511888E-4	2.584728426686068E-4	5.67153779803742E-4	0.2822262598923876	2.2233524515478066E-4	0.046853254874576915	2.530443386195998E-4	0.02691771637455466	0.2901622296567445	3.021558339898413E-4	8.199223660619236E-4	3.345060273398449E-4	3.686023501341224E-5	1.2432967015494392E-4	8.454911092651811E-4
19	19	0.19341720695844922	3.660153791297294E-4	5.382588225058289E-4	0.0010644021939670949	2.2032677949141393E-4	3.307242958494784E-4	3.248826703015122E-4	7.128734785127E-4	0.0014582110209766944	2.794601839104532E-4	0.0010817358438103143	0.6940332395356439	0.0017172833922826413	0.07566606883176667	0.006803077905058401	0.020300452403510215	4.204511788244389E-4	4.633079226219666E-5	1.5627388479428188E-4	0.0010627244489528028
20	20	0.03876004766361521	1.9876467787675387E-4	0.04215031019212514	5.78023687742894E-4	1.196484733984676E-4	1.7959985257132716E-4	1.7642755739870661E-4	3.871259936136077E-4	0.3007742772826341	0.04898610435621123	5.874367275329374E-4	1.7272218665334278E-4	0.049766914352598085	0.40385987283685104	0.017647081510726022	0.09125201214138963	0.003716493434468118	2.5159940059530494E-5	8.486454434111348E-5	5.771125881926019E-4
21	21	0.00540845485863755	0.0027549776500876188	0.004051444585448541	0.008011696836498829	0.001658387564636968	0.5826622378912153	0.0024453740105390867	0.005365759508008564	0.01097587424182618	0.0021034814509523405	0.05648990745707977	0.002394015722447801	0.06127363893790546	0.1344046723426878	0.002858652444654925	0.10445264875844808	0.0031647129237259877	3.487293279771278E-4	0.0011762649452716515	0.007999068541950358
22	22	0.3906359814297974	5.549339207340187E-4	8.160806779568849E-4	0.001613792524621472	3.340482683448501E-4	5.014273733910473E-4	4.925705975459976E-4	0.0010808225472901136	0.0022108654588564136	4.2370333157916554E-4	0.011378736893223858	4.8222552045552544E-4	0.24607025706051824	0.1731530328150471	5.758170884173207E-4	0.05999450638420025	0.10776277037805772	7.024439317797454E-5	2.3693452390832412E-4	0.00161124881287639
23	23	0.025048995020064677	1.4115650733422663E-4	0.12654418457361155	4.1049448921114844E-4	0.0075165354055145685	1.2754624301220232E-4	1.2529337740457158E-4	0.20340436196915784	0.1442392886669915	0.007539340635323274	0.0202346853965084	0.017462979739241723	0.010571035926575023	0.3710331522383289	0.00757803325408473	3.9745313818194487E-4	1.6215007153123068E-4	1.7867808815326617E-5	0.05703559808452871	4.098474545784017E-4
24	24	0.016323468504219875	0.002426033064805744	0.35595518703175144	0.007266077149423682	7.87297262719371E-5	1.1817825025088821E-4	1.1609085269787103E-4	0.05763583709885788	0.016587774275335247	9.985996179839133E-5	0.03940568973227471	1.1365268682552422E-4	0.03733754677649814	0.46542952050609837	1.3571069228534248E-4	3.682610739273057E-4	1.5024050320152447E-4	1.6555457312926737E-5	5.5841601287443626E-5	3.797450548756824E-4
25	25	3.9020635530523E-4	1.9876467787675387E-4	0.07703198410877057	5.78023687742894E-4	1.196484733984676E-4	1.7959985257132716E-4	1.7642755739870661E-4	3.871259936136077E-4	0.11241323813274877	1.5176087290761568E-4	0.1401141323941147	1.7272218665334278E-4	0.018373407827617195	0.3096793532619084	2.0624455240330543E-4	5.596599581115021E-4	2.2832604280357418E-4	0.3383773969315203	8.486454434111348E-5	5.771125881926019E-4
26	26	0.05359168278765474	3.0200072930708745E-4	0.026943523377263162	0.27117216227069574	1.8179249257366587E-4	2.7288191764946194E-4	2.680619694275611E-4	0.04298724096001703	0.0012031756503392908	2.305836972039805E-4	8.925445005209555E-4	2.624320724086004E-4	0.0014169372831530347	0.33802617169438215	3.1336556327192673E-4	0.2605444990723729	3.469159217979198E-4	3.822771897133671E-5	1.2894219716051136E-4	8.768581238289026E-4
27	27	0.0105207135405044	5.391812069545389E-4	0.275197177286534	0.0015679823645465562	3.24565757791509E-4	4.871935311278503E-4	4.785881694596661E-4	0.0010501416182682418	0.07784583395922072	4.1167581431918225E-4	0.0583668124209526	4.685367544293853E-4	0.24854736327565882	0.2723221740453813	5.594715715111393E-4	0.0015181677897810127	6.193711712416022E-4	6.825039032645981E-5	2.3020874701822465E-4	0.04887659058497289
28	28	0.004355549869478125	0.0022186452245396156	0.003262719093821473	0.006451998957665574	0.001335536660560812	0.002004724176810069	0.0019693144772057526	0.004321166347063694	0.0088391174320418	0.0016939807391594072	0.006557068912758554	0.0019279544971672077	0.3218936684146056	0.38078772805389427	0.002302136859349997	0.20092461572951126	0.002548614220169866	2.8083954080308316E-4	9.472725136399212E-4	0.04537734827975392
29	29	0.0015390801992099252	7.839820542726839E-4	0.0011529167391869301	0.0022798829398447402	0.13805475360477187	7.083907607228214E-4	6.958783640899928E-4	0.015285213155345196	0.22325592069454958	0.11066484817515017	0.02983357601802713	6.812633721315447E-4	0.003678313640402861	0.34092966350298526	8.134847177220916E-4	0.1260319960645362	9.005801332170893E-4	9.923765984959845E-5	3.347288890469536E-4	0.0022762893149375634
30	30	2.3418376818906981E-4	1.1928934681664572E-4	1.7542580726439714E-4	3.469030256882617E-4	7.180746796552053E-5	1.0778750696783196E-4	1.0588364244273688E-4	2.323350778781058E-4	0.002568687022016355	9.10798417246886E-5	0.006632861466247766	0.8877206892639149	5.596858106114228E-4	0.05606213784281646	1.2377842081145307E-4	0.040111173378717904	1.3703070786126476E-4	1.5099829847576571E-5	5.093176599828686E-5	0.004533229006219277
31	31	0.26512566875118015	0.0012473335992357305	0.0018343172245738255	0.025517092918302026	7.5084548502984E-4	0.0011270661010952187	0.001107158588363221	0.0024293816392829196	0.07063863578670161	9.523645642129018E-4	0.003686417403253382	0.001083905797788513	0.1809702531769579	0.4329782560118594	0.0012942730198344965	0.003512106262321878	0.0014328438423351362	1.5788941438814734E-4	5.325614121747398E-4	0.003621629001108929
32	32	0.19387102496367906	0.001553356895514427	0.0022843522463425166	0.004517286928026721	9.350594037967179E-4	0.0014035827311230402	0.0013787910697794048	0.030285631061147848	0.11522947874769204	0.0011860195730878586	0.0045908503519801564	0.001349833393499934	0.11632897313331657	0.5119457789798066	0.001611812526552684	0.004373773370411758	0.001784380589162689	1.9662631610247564E-4	6.632210840735892E-4	0.004510166634903897
33	33	5.438731121647942E-4	2.770399878820581E-4	0.21919016499067173	8.056545919447905E-4	1.6676711362655498E-4	0.019697683665288783	2.459063093398606E-4	0.06860532491531306	0.05458396006629935	2.1152566361597766E-4	8.187745710941237E-4	2.4074173041487349E-4	0.04019453719347964	0.5920745408359005	2.8746550397642194E-4	7.80059061144772E-4	3.1824288302714765E-4	3.506814975207843E-5	1.1828496183037421E-4	8.043846932330648E-4
34	34	0.002534551096759638	1.298944519473432E-4	1.910215765289901E-4	0.011775482713218925	0.029712313210255258	0.00467646574648264	1.1529694874118094E-4	0.007091633728662824	0.09397896287805152	9.917705511845687E-5	0.24429551364985022	1.1287545661606003E-4	6.094432032042167E-4	0.5534285274381778	0.025209808828598912	0.020881673205925898	1.4921306195895545E-4	1.6442240442173343E-5	5.5459720483058555E-5	0.004936243788975841
35	35	4.5347874633659983E-4	2.3099458969355323E-4	3.396985016020328E-4	6.717508664497976E-4	1.3904960536940256E-4	2.0872216682010555E-4	2.050354804852192E-4	0.020718786814365023	9.202860745306024E-4	1.7636906588889482E-4	0.05743557639957472	2.0072927978532148E-4	0.0010837882646654656	0.6760888535204603	0.07320768382368818	0.10604862658938585	2.6534936255861096E-4	2.9239652099400244E-5	0.0122599581720981	0.049316023024142855
36	36	0.5130246167535225	2.679218380942338E-4	3.940033706755414E-4	0.02428825038848796	1.6127834814777005E-4	2.420889019939443E-4	2.3781285474699346E-4	5.218206217068748E-4	0.015172872078518836	2.0456377085975754E-4	7.918264426352238E-4	0.15069113576238227	0.0012570447834269573	0.15882736223287397	0.04729622844234543	0.07128172149780646	0.014413235898555843	3.391396026244623E-5	1.1439187763028543E-4	7.7791017532681E-4
37	37	0.0026208194491147657	0.0013350021763970125	0.001963241821200864	0.26159318190321496	8.036185005093167E-4	0.001206281702687506	0.001184974994650336	0.0026001302119407666	0.052175194750688846	0.001019301305381846	0.003945516467660717	0.07144487554487591	0.14683318388846098	0.20569915271604788	0.001385240724205364	0.2380415794326967	0.0015335509675410898	1.6898663835190344E-4	5.699923779444183E-4	0.0038761744264288237
38	38	0.04218841163524291	2.377408287893125E-4	3.496194582587178E-4	0.10916776076755003	1.4311057443901337E-4	2.1481793574621512E-4	2.1102357906494006E-4	0.17569413190973948	9.471631970793062E-4	1.815199566052561E-4	0.05076865508530746	2.0659161498870365E-4	0.29316726321472164	0.3119946132922769	2.4668744640859124E-4	6.694047639798555E-4	2.730989390577945E-4	3.0093601468522108E-5	1.015057973177401E-4	0.01320678640195764
39	39	3.3524499439488155E-4	0.042126694881225606	2.511302308774417E-4	4.966078725342534E-4	1.0279574191570782E-4	1.5430284707048983E-4	1.5157737614233905E-4	0.2580618619913351	6.803434612759025E-4	1.303850444657123E-4	5.046950664734281E-4	0.006142097716362657	8.012163605200653E-4	0.6886165028484941	1.7719458659338306E-4	4.80830711671434E-4	1.9616585403898408E-4	2.1616111192333018E-5	7.291120020253407E-5	4.958251032136669E-4
40	40	0.038853405369027226	1.3741215382177629E-4	2.020770391942569E-4	0.16438009123713024	0.024197493979330388	1.2416291884216043E-4	1.2196981332218216E-4	0.009913543061824579	0.005370407639418463	1.0491697335197019E-4	4.0611313250721917E-4	1.1940817621307588E-4	6.447150122953866E-4	0.04287597187862758	1.4258322184044808E-4	0.06067385344098982	1.5784883738093782E-4	0.6511163809007833	5.86694776234177E-5	3.989757364755596E-4
41	41	0.0014217178243674286	7.241995973412167E-4	0.0010650012123832552	0.7773639704151051	4.35939509893148E-4	6.543725087580494E-4	6.428142434203631E-4	0.0014104945188960138	0.015594369125846146	5.529411172340926E-4	0.002140327175266937	6.293137159098549E-4	0.016106970829709254	0.1751315010863242	7.514525387499023E-4	0.0020391224469151707	8.31906503847686E-4	9.167030407454558E-5	3.0920417801038284E-4	0.002102711147947427
42	42	3.7832927281065737E-4	1.9271468805969228E-4	0.03748534633568025	0.00732441926702106	1.1600661885257823E-4	1.741332007959245E-4	1.7105746379297517E-4	3.753426710217817E-4	0.027823736092238687	1.471415826719091E-4	0.03777149825879707	0.0035494595953510766	0.3796875937828473	0.35436526332220875	1.9996689052095566E-4	0.14935039266472297	2.2137626556605048E-4	2.439412299996006E-5	8.228144137444016E-5	5.59546462665871E-4
43	43	3.8884998147958356E-4	0.007150158511441	0.055907963423833924	5.760144529111219E-4	1.1923257023494971E-4	1.7897555587342444E-4	1.7581428773324678E-4	3.857803272557286E-4	0.00426517135949188	0.027959572337710677	0.125722920236702	1.7212179701360522E-4	0.09478247331153056	0.5554019032618646	2.0552763759974413E-4	0.05269835016643458	0.07322442222587722	2.5072483041756178E-5	8.456955158893327E-5	5.751065203814736E-4
44	44	7.574693685930698E-4	3.8584239596030926E-4	5.674162496019416E-4	0.292285278316773	0.034088449947845746	0.07483225339297052	3.424815323694055E-4	0.08877757879441733	0.10310576643313851	2.945985143900192E-4	0.007911570985021456	3.3528865916082205E-4	0.0018103084635313416	0.3776993474641315	4.0036234356687875E-4	0.014628888281572251	4.432269775321609E-4	4.8840526689588264E-5	1.6473922565335577E-4	0.0011202921270808512
45	45	2.3418376818906981E-4	1.1928934681664572E-4	1.7542580726439714E-4	0.00453377580593943	7.180746796552053E-5	1.0778750696783196E-4	1.0588364244273688E-4	2.323350778781058E-4	0.004662123412141939	9.10798417246886E-5	3.5255229587101324E-4	0.8856272528737893	5.596858106114228E-4	0.07490306535394672	1.2377842081145307E-4	0.027550555037964403	1.3703070786126476E-4	1.5099829847576571E-5	5.093176599828686E-5	3.4635622596810884E-4
46	46	0.14399503233226074	1.1071377382513954E-4	0.02736399806394612	0.07221080645090334	0.031153712072028907	0.0020429804604084386	0.007870038479956761	2.1563277820088982E-4	0.3851435365665626	8.453221738430696E-5	0.0702731079291093	9.620786405308378E-5	5.19450645868792E-4	0.22301076285862512	0.009829588495918683	3.1173580076317256E-4	1.271797289708509E-4	1.4014320567219381E-5	0.023362570410156096	0.002264398750490518
47	47	0.055783143591068576	1.7550184498792742E-4	2.5809138581939277E-4	5.10373496585269E-4	1.0564516822471032E-4	1.5858001442978743E-4	1.5577899534738077E-4	3.418179067213366E-4	6.992021077683519E-4	1.339992270094378E-4	5.18684861903013E-4	0.4067022834438481	0.364254286020431	0.15947825898837795	1.821062970148714E-4	0.006654004097057038	0.0032815259813874426	2.2215294726416205E-5	7.493224784717686E-5	5.09569029444769E-4
48	48	0.026708766494713706	0.032866435446973465	0.03446912300963977	2.58645416261931E-4	5.353851384204225E-5	8.03646625803242E-5	7.894517126391796E-5	0.16249986823103033	0.0362535007673285	6.790769128984856E-5	0.14229866993144374	7.728714724316935E-5	4.172928995769957E-4	0.5599956351068955	9.2287235349144E-5	2.5042828849476315E-4	1.0216793123993548E-4	1.125819461696014E-5	3.797392020852564E-5	0.003379903940007403
49	49	6.29578583047961E-4	0.011576666783093822	0.011727583789423183	9.326125250129946E-4	1.9304687205090547E-4	2.897754461457469E-4	2.8465710536878527E-4	6.246085723786838E-4	0.1138373600762172	2.448586344847207E-4	0.7944936739097513	2.786786736189776E-4	0.0015046568014581772	0.04941346918990473	3.327653465865875E-4	0.006530968480257936	3.683927351433777E-4	4.05943142567738E-5	1.369247293153274E-4	0.006559127432482904
50	50	7.785565337483839E-4	3.965838498921688E-4	0.04234166382335123	0.0011532977683091417	2.3872778967049316E-4	3.583453646475735E-4	3.520158646277949E-4	0.21652440880124857	0.07813715698929731	3.027998328657633E-4	0.008131820952764726	3.446227492555285E-4	0.008820447463929302	0.5830868800256076	4.115080178486581E-4	0.05679459271860797	4.555659589669765E-4	5.0200196526124144E-5	1.6932539560681977E-4	0.0011514799032279332
51	51	0.024564098529945275	4.4980250902259714E-4	6.614753987724045E-4	0.04867019269383859	2.7076331725662406E-4	0.00830012116132198	3.992538253093087E-4	0.008769750775223878	0.02547308565267552	0.00823712182444216	0.0013293635305774898	3.908686077951735E-4	0.017897775621777783	0.503459115785215	0.18991525250993563	0.15914027424028457	5.166995867944393E-4	5.693669663305165E-5	1.920476282781059E-4	0.0013060001049005128
52	52	0.10161913463376497	1.6975083144413626E-4	0.03301859744848391	0.01836762914968616	1.021832855685012E-4	1.5338351173306054E-4	1.506742791425876E-4	3.3061688822947976E-4	0.04834023681560488	1.2960821123725696E-4	0.01539667148291821	0.04781145662061705	0.12591430316366242	0.39555105260655116	1.7613886242400298E-4	0.018351945989042915	1.9499709918423632E-4	2.148732254549856E-5	0.1907282641403564	0.0034718676578030937
53	53	0.0010016316648967358	5.102146403244088E-4	7.503169188661689E-4	0.0014837452564061453	3.071290305323575E-4	4.6101991138896144E-4	0.009406751812463867	9.937245978597312E-4	0.190064077192846	3.895592517393312E-4	0.7446795290970929	4.433654373641968E-4	0.002393842385562757	0.04279914296855405	5.294149405588527E-4	0.0014366068824808499	5.860965391343592E-4	6.458375756288416E-5	2.1784118501248063E-4	0.0014814065293530406
54	54	0.2013005885787412	0.022697530050030383	6.221847388140088E-4	0.060628885357293875	2.5468037683694925E-4	3.822911971504682E-4	3.7553873882774147E-4	8.24025506857447E-4	0.2170052133076715	3.230339276665684E-4	0.030949661496486067	3.6765159082705534E-4	0.0019850441353154776	0.06518956158371432	0.007863821404328728	0.008616091501465627	0.37915157585251413	5.355474109741837E-5	1.8064028331486913E-4	0.0012284256310462996
55	55	4.7263845820269177E-4	2.407542307283494E-4	3.5405093920713965E-4	7.001326884226016E-4	1.4492452320291453E-4	2.1754078645475379E-4	2.136983357130728E-4	0.07229478770488548	0.026309479346957	0.6846422098988861	7.115342572409428E-4	0.004434261980671736	0.009579682449822088	0.19764774350924968	2.4981424811585073E-4	6.778895733584124E-4	2.765605105375297E-4	3.0475042542315172E-5	1.0279239906813543E-4	6.990291167332519E-4
56	56	5.805672288969119E-4	0.04181459745198781	0.016004474586112333	0.343390655837205	1.7801858349630827E-4	2.6721704375129066E-4	0.15076838671884604	5.759841229915597E-4	0.05307678101423649	2.2579691038099794E-4	0.021633448826024124	0.021016417174672918	0.07923539638087149	0.26873064088630993	3.068602718431072E-4	8.326882086561484E-4	3.397141439477012E-4	3.743413319895316E-5	1.2626543025210177E-4	8.58655046318803E-4
57	57	7.139598428821673E-4	3.636793615942158E-4	5.348234967798766E-4	0.03296907582583457	2.1892058934263123E-4	3.2861351636157346E-4	3.2280917378173934E-4	7.083237108216052E-4	0.10994789195086489	0.013042263370607906	0.0010748318882826998	0.14710877747501616	0.0910584306709137	0.33685717484412	3.7736527410985824E-4	0.001024008784911179	0.2620917967994854	4.60350955529052E-5	1.552764990120498E-4	0.0010559418297249564
58	58	5.162632363682837E-4	2.62975972792868E-4	3.867300270261151E-4	7.64755303634792E-4	1.5830113288364854E-4	2.3761991540914614E-4	2.3342280444397113E-4	0.005127214043952003	0.0010477004072626957	0.7893702823718383	7.772092432490504E-4	2.2852040686141626E-4	0.02892399731928146	0.1651254449980212	2.728722345482296E-4	7.40459137356622E-4	3.0208719105236103E-4	3.328790499018083E-5	1.1228019154170791E-4	0.005378576157486052
59	59	3.312738793743034E-4	1.6874544719116597E-4	2.481554898712151E-4	4.907253477689911E-4	0.003062931040045936	1.5247506630130755E-4	1.4978187969871533E-4	0.006251364653684907	6.722845127952505E-4	1.288405799183113E-4	0.0034600697015924396	0.020876106819583348	0.31469513896162987	0.49389432055367666	1.7509564374218188E-4	0.1366973710511153	0.01796195992487397	2.136005945322412E-5	7.204753700954506E-5	4.899518506733701E-4
60	60	0.12413293939713062	5.01238585097492E-4	0.29981308758821423	0.001457642165056769	3.0172580035829784E-4	4.529093244745906E-4	4.4490952913458625E-4	0.00977259437654675	0.01958964656117837	3.8270585106947726E-4	0.027870435920819243	4.3556544038849906E-4	0.0727225448771146	0.4290856818963715	5.201011001300684E-4	0.010207685164155444	5.757855161103437E-4	6.344755462233808E-5	2.1400876949001396E-4	0.0014553445825368277
61	61	0.011043178225967459	5.659572558046999E-4	0.21933882217455006	0.0016458492706029266	3.4068387999907273E-4	5.113878420954832E-4	5.023551332174397E-4	0.16001613275121268	0.0022547825989673183	4.3211987203569985E-4	0.0016726517096744033	4.91804559135633E-4	0.03245172257593254	0.563945070704278	5.872552515352868E-4	0.0015935608754034216	6.501294998399224E-4	7.163974396462905E-5	2.4164104580087504E-4	0.0016432550299825285
62	62	0.027050627443816207	1.0922820559787085E-4	0.18993086803644899	0.046322550610883	0.001982622150363725	9.869645769844565E-5	9.695316953963615E-5	0.14972868452696123	0.05027381526401391	8.339795583772619E-5	0.006073430488735055	9.491693753949226E-5	0.0695198398973523	0.4557935269119809	1.1333866064129181E-4	3.0755289935067656E-4	1.2547321894970266E-4	1.3826275045491424E-5	4.6636062283704567E-5	0.002234014826960745
63	63	1.6555935036903014E-4	0.31088073898223123	0.01936379712394318	2.4524773863759264E-4	5.076525089654525E-5	7.620182120002488E-5	7.485585868348144E-5	0.05344363624223397	0.0018159676819404565	6.43901135602161E-5	2.4924156583043365E-4	7.328371931379079E-5	0.004835626031371902	0.4407092407010907	8.750681184147535E-5	0.0979163266415919	9.687569360402073E-5	0.0695698706065162	3.600689388948603E-5	2.448611712544195E-4
64	64	0.0012201293834588514	6.21513772325559E-4	9.139923903157618E-4	0.0018074120940410427	3.741267052538659E-4	5.615876174434438E-4	5.516682235112479E-4	0.12118847880332581	0.0024761206336433874	0.04410289525603482	0.04546520241650145	5.40081964954565E-4	0.002916039434811074	0.48841899292137125	0.2515079543710537	0.0017499908711200872	0.0334352163244673	7.86721736725264E-5	2.6536144979864016E-4	0.0018045631928956527
65	65	4.358119011834536E-4	2.2199539032578082E-4	0.0353891012914902	0.0863542485188135	1.336324433380779E-4	2.0059066731537928E-4	1.970476086965277E-4	4.323715208131532E-4	0.1956768605063576	0.05081552911390589	0.17596927830833356	0.004088757718723977	0.001041565515296679	0.0848514163274867	2.303494786016629E-4	0.004520919018831353	0.01194255739628088	2.810051953774202E-5	0.3468253038693186	6.445628853491672E-4
66	66	0.09354634564124642	2.524887911218223E-4	3.713076749077877E-4	0.2621623316977525	1.5198826436698458E-4	2.2814390436871158E-4	2.241141693988333E-4	0.013784715208272914	0.01872985652853933	1.9278032570654136E-4	7.462150256260258E-4	2.1940727383696091E-4	0.027770541315986958	0.415537520360937	0.01798592761907239	7.10930472015165E-4	0.14651252234564657	3.1960421329323724E-5	1.0780258564390538E-4	7.331003742238744E-4
67	67	0.001181470181442562	0.08509384887675066	8.850329890116132E-4	0.04399615885890555	0.03204678298278761	5.437939887947777E-4	0.011095692318994948	0.0011721434356394011	0.1713817208918158	4.5950288510751753E-4	0.4348002867630376	5.22969732373669E-4	0.0028236461533065723	0.2089060904851078	6.24469041666086E-4	0.0016945432673409627	6.913275695066192E-4	7.617948437555613E-5	2.5695360220954306E-4	0.0017473864918251911
68	68	0.008458171276507985	2.282191407829695E-4	0.06041167575220034	6.636796375394358E-4	1.3737889491574393E-4	0.02023156725912996	2.025719357688747E-4	0.012459705030042728	0.21317796973590328	1.742499542143253E-4	0.4131967580000848	0.01221352923498819	0.0010707663191625006	0.25544323234996236	2.368074400514768E-4	6.425946306719397E-4	2.621611337770867E-4	2.8888331487637048E-5	9.744041848560381E-5	6.626335243227589E-4
69	69	0.02672630950068158	2.491764996449252E-4	3.664366497765765E-4	7.246253245907849E-4	1.4999439592468909E-4	2.2515098295390748E-4	2.211741123378707E-4	0.004858167211376926	0.009738435356979255	0.01768167585890455	0.06195641162557551	0.004589385098279188	0.4734375572149156	0.3095105719000176	0.022122834131112285	0.06629444608856651	2.862353851364345E-4	3.154114635598013E-5	1.0638837005029715E-4	7.234831468195885E-4
70	70	0.40866503338509796	7.733421937151804E-4	0.0011372698589139619	0.05653518682292555	4.6552140893975667E-4	6.98776792044282E-4	6.864342081701611E-4	0.0015062075834769322	0.08451037563131031	5.904624887490241E-4	0.0022855650832532505	6.720175644719054E-4	0.003628393181117658	0.010585242928287372	0.29937679445861093	0.015749054187571103	0.10946084876327766	9.789084985937203E-5	3.301860953890915E-4	0.0022453965148186376
71	71	6.91880908142447E-4	3.5243271660308136E-4	5.182842849454923E-4	0.18657260509759738	2.1215055394993365E-4	3.1845126920626023E-4	3.1282642369801183E-4	6.86419071307576E-4	0.001404097480071231	2.6908954490420176E-4	0.007226516536394445	0.7672367595440456	0.007838479207392324	0.023378748486480812	3.6569539751501545E-4	9.923417053683235E-4	4.0484842878567734E-4	4.461147785145818E-5	1.5047463274116892E-4	0.0010232872329995688
72	72	0.0013360459152884877	0.0013013247528961588	0.007644666431710403	0.056409591443799714	2.1700259476751062E-5	3.257344863736432E-5	3.1998099646880734E-5	0.001335487239978291	0.05265255184236835	2.7524382275617722E-5	1.0654151324760254E-4	3.132606845126175E-5	0.007128152312281491	0.0934911755662185	3.740591230038569E-5	1.015037297577653E-4	4.141076131942346E-5	0.7781489596531623	1.5391609940942167E-5	1.0466905724213978E-4
73	73	3.180863557942589E-4	1.6202794031117357E-4	0.16231583144190292	0.0033146561680168006	9.753441060665057E-5	1.464052592401073E-4	1.438192844161625E-4	0.15386273236473821	6.455218598455781E-4	1.2371162683288088E-4	0.12274789602823546	1.407987598623338E-4	7.60208195742289E-4	0.46570271991797124	1.6812534492183906E-4	0.06585593568511222	0.022933852586813287	2.050974705237144E-5	6.917943103332964E-5	4.704475915508421E-4
74	74	0.012089669864887674	3.2620456345896267E-4	0.006204352881449978	0.0123979080870523	1.9636224328388628E-4	2.9475202601968783E-4	0.2807968800732634	6.353355490488442E-4	0.0012996041058705185	0.011698342767310984	9.640774372570474E-4	2.834646784267528E-4	0.1675450424384957	0.06743601050483136	3.3848023150383775E-4	0.3787446966950618	3.7471948192543074E-4	4.12914776983757E-5	1.3927626344707966E-4	0.05819352862970641
75	75	0.014918506299096067	0.0538390809337363	2.04543297224486E-4	4.0448261175440143E-4	8.37262002213406E-5	1.2567827059549244E-4	1.2345839922363238E-4	2.70898470590879E-4	0.3129904490879769	1.0619743712493694E-4	0.12489741401665964	0.109961757667971	0.04458894033254328	0.2948128511780527	0.03919886282301751	3.916322572094836E-4	0.0026006840252719905	1.760612667380809E-5	5.9385511819559135E-5	4.0384505323649806E-4
76	76	7.23191078160459E-4	3.683816005033154E-4	0.065189879286253	0.0010712833562489781	2.2175115115592028E-4	3.3286236693125617E-4	3.269829763602438E-4	0.04597118057738409	0.10490466323696437	2.812668420399762E-4	0.23382203565884888	3.201156072672218E-4	0.15688392303941162	0.38646631135690496	3.822444667785978E-4	0.00103724883771638	4.2316931752191467E-4	4.663031221998271E-5	1.5728416640379446E-4	0.0010695947649251084
77	77	0.47323677770182515	4.7216526190661475E-4	0.09184187540891733	0.03451764498319529	2.842248098726258E-4	4.266392416076649E-4	4.191034581021357E-4	9.196173491085113E-4	0.0018811138216969217	3.605077776848863E-4	0.04282614324404421	0.016982576545668242	0.05193214659348959	0.2716192393606751	4.899336951744598E-4	0.00132947158178786	5.423882500254788E-4	5.976740844834134E-5	2.0159562671519154E-4	0.009657067880054437
78	78	0.2069213995150335	2.8680063744333816E-4	0.06585246736389673	8.34039346793816E-4	1.7264263855311523E-4	2.5914741367741957E-4	2.5457005975626593E-4	5.58590102252033E-4	0.11187149687101484	2.1897811801274773E-4	0.015947014107782546	2.4922352282079905E-4	0.0013456209756775085	0.517304975195091	0.020430116850893628	0.056171981349140414	3.294551895260991E-4	3.630366785583408E-5	1.2245236766092595E-4	8.327247071174439E-4
79	79	0.0640592250405186	0.005163985398841498	0.22514663059340137	8.095906914987408E-4	1.6758186968718206E-4	2.5155088263609E-4	2.4710770721456235E-4	5.422158425558932E-4	0.0011091240468263286	2.1255909168618587E-4	0.07410665336906447	2.4191789626457815E-4	0.07459005464554092	0.5509968482610027	2.8886994311608645E-4	7.838701113805997E-4	3.1979768788080985E-4	3.523947842068791E-5	1.1886285388256952E-4	8.083145885801468E-4
80	80	6.553985969976631E-4	3.3384922936792287E-4	4.909555809412183E-4	9.708604404502133E-4	2.0096402975530123E-4	0.017878052062245724	2.963313437075821E-4	0.0065090222471617	0.0013300605749583365	2.549006745545921E-4	0.1123038230630056	0.076454475081873	0.4585525692870579	0.32094467824076967	3.4641258002525834E-4	9.400163435450154E-4	3.835011041643206E-4	4.22591513217739E-5	1.4254022913723225E-4	9.69330138960071E-4
81	81	7.62633340154441E-4	3.884728378534398E-4	5.712845530580229E-4	0.0011297102922040556	2.3384528127656082E-4	3.5101641373979075E-4	3.4481636591750714E-4	7.566129704351214E-4	0.02199988144548448	2.9660691025843296E-4	0.08977430555236392	0.04124197356825606	0.21997944532546215	0.4620830731641288	0.15720328837066821	0.00109381955829859	4.462486330632088E-4	4.9173492089015415E-5	1.6586231882595014E-4	0.0011279296064622539
82	82	8.560049931755709E-4	4.360348170043114E-4	6.412287585574347E-4	0.0012680243572522935	2.624757112805282E-4	3.9399248239920166E-4	3.8703334277815217E-4	8.492475302256074E-4	0.0017371695615551745	3.3292144838590503E-4	0.0012886739672642437	3.789047825523274E-4	0.0020458029700252123	0.7864800518066308	0.14584188846386484	0.054792271724992875	5.008842886707822E-4	5.519396090335157E-5	1.8616937605421189E-4	0.0012660256564271367
83	83	0.08623248335681698	0.0011950163879395788	0.001757380018776595	0.003475203878519772	7.19352593380696E-4	0.0010797932982204645	0.00106072077105337	0.0023274855045045152	0.1725339201630144	9.124193096575665E-4	0.0035317971169643012	0.0010384432778317257	0.04755005751783265	0.6664771796750676	0.0012399870172004948	0.003364797149881537	0.0013727457305711555	1.5126702094101204E-4	5.102240615686193E-4	0.0034697261502570145
84	84	0.012746386047502882	3.43924138770825E-4	5.057716492849938E-4	0.001000159088222792	2.0702872667510586E-4	3.1076308566887914E-4	3.0527403753001985E-4	6.698472554158542E-4	0.025512616806704098	2.6259307273007493E-4	0.4235087551494645	2.9886260439190436E-4	0.2973582509815027	0.22802487886911796	3.5686662650123144E-4	0.007003988586080329	3.9507440893930444E-4	4.353444892188066E-5	1.4684181131414923E-4	9.985826052605477E-4
85	85	8.184289115601984E-4	4.1689418114176154E-4	6.130807169481304E-4	0.001212361846965254	2.5095380565175207E-4	3.766973803933666E-4	3.700437263716513E-4	0.015444313264132654	0.13335201961393708	3.183071837311532E-4	0.2426658005186753	3.622719858430201E-4	0.009272170875789732	0.3641987616663847	0.22723393299904993	0.001173845285022921	4.788969532451689E-4	5.277110963949844E-5	1.779970923354635E-4	0.0012104508831812704
86	86	0.32886204007443937	1.429267901654922E-4	0.0077349528950944975	0.0029238979751705294	8.603627381746316E-5	1.2914583575122004E-4	1.2686471633240016E-4	2.7837277854331926E-4	0.04571801907454479	1.0912751032579471E-4	0.002930666660518764	1.2420027538310657E-4	0.025753142379903043	0.44090102108880413	0.002656560744872811	0.08568311998007946	0.055345801581216415	1.809189395157339E-5	6.102400613178066E-5	4.1498746495397806E-4
87	87	5.438731121647942E-4	2.770399878820581E-4	0.4185255617616114	8.056545919447905E-4	1.6676711362655498E-4	2.5032788275808153E-4	2.459063093398606E-4	5.395796764556159E-4	0.0011037316643399307	2.1152566361597766E-4	8.187745710941237E-4	2.4074173041487349E-4	0.09367476559543905	0.48025224508634906	2.8746550397642194E-4	7.80059061144772E-4	3.1824288302714765E-4	3.506814975207843E-5	1.1828496183037421E-4	8.043846932330648E-4
88	88	3.3324760694614114E-4	1.6975083144413626E-4	2.4963399863075516E-4	0.0928425460811706	1.021832855685012E-4	1.5338351173306054E-4	0.06866759785610828	0.20588138761912653	0.05429823017012363	1.2960821123725696E-4	5.01688096621321E-4	1.4750978446700794E-4	0.19145223006336873	0.38363506589751367	1.7613886242400298E-4	4.7796592548664707E-4	1.9499709918423632E-4	2.148732254549856E-5	7.247679575625739E-5	4.928709805437163E-4
89	89	8.184289115601984E-4	4.1689418114176154E-4	6.130807169481304E-4	0.15485198626774166	2.5095380565175207E-4	3.766973803933666E-4	3.700437263716513E-4	8.119680812015691E-4	0.1040873292480749	3.183071837311532E-4	0.0012321050003124407	3.622719858430201E-4	0.24338969380268707	0.1886106194712117	4.3258266361812675E-4	0.001173845285022921	0.30044197320333244	5.277110963949844E-5	1.779970923354635E-4	0.0012104508831812704
90	90	0.0010292797925649665	5.242981402857883E-4	0.05597720533810235	0.0015247012082933871	3.156067403975443E-4	4.7374548488507537E-4	4.653776577781191E-4	0.0010211544660553612	0.3609289648343529	4.0031229031019136E-4	0.010750560326223065	0.01885766281111111	0.0024599198292111508	0.14519185665767723	0.009745057987241665	0.1946978824114125	6.022746138775988E-4	6.636646875001177E-5	0.19344547501631998	0.0015222979251500435
91	91	3.0590858701799007E-4	0.011094245891093651	2.291544851367145E-4	0.0031877563005699543	9.380035701251999E-5	1.4080021091854736E-4	1.3831323878017395E-4	0.4569825748309413	0.017028440052914786	1.1897539228819228E-4	4.6053052913888387E-4	1.354083534196949E-4	0.02807715678801106	0.4615465626884109	0.019303925688698778	4.387544812347202E-4	1.7899989629542132E-4	1.9724542177299434E-5	6.653093291371011E-5	4.5243675302570805E-4
92	92	5.162632363682837E-4	2.62975972792868E-4	0.31420851746058986	7.64755303634792E-4	1.5830113288364854E-4	2.3761991540914614E-4	2.3342280444397113E-4	0.10204276604549374	0.0010477004072626957	0.018660892645292016	0.03769741952955066	2.2852040686141626E-4	0.0012338396045552464	0.4743322061457972	2.728722345482296E-4	0.04689072199523364	3.0208719105236103E-4	3.328790499018083E-5	1.1228019154170791E-4	7.635498716983502E-4
93	93	3.7080491130118227E-4	1.888819024801515E-4	2.777679742948518E-4	0.027067141989936486	1.1369943355006653E-4	1.706699711498107E-4	1.676554056151602E-4	0.023571003640928994	0.017326169847536807	1.4421517295247442E-4	0.31214306274878106	1.64134269549865E-4	0.07381031260210595	0.47990679851105694	1.9598987028398787E-4	0.00716129766641092	0.03336429620825684	2.390896307882924E-5	8.064499567775251E-5	0.023751543915051826
