0	0	0.0012387156124240373	5.084584979162233E-4	0.1258828843959095	4.6423892433114657E-4	0.2557186442709156	0.0020488564786625323	7.121175356116977E-4	2.0564353276438787E-4	0.0018207024330303705	0.0012407462427749232	0.005655005987377138	8.487470404872072E-4	0.0018483339841052259	0.0018626190103310071	0.0013868966264701807	0.0010691435754367341	7.181762685797121E-4	0.0014903385185661073	0.5840131409310176	0.011266590133288625
1	1	1.4774975406911574E-4	6.064718751260666E-5	0.14950958955775423	5.5372828283815644E-5	1.314704062948973E-4	2.443805808283275E-4	8.493893973697317E-5	2.4528455996759872E-5	0.004555706193675514	1.4799196069987063E-4	0.057075517332557245	1.0123563894821324E-4	2.204629447228211E-4	2.2216681370659843E-4	0.6878238630198338	1.2752378249776812E-4	8.566160464651023E-5	1.777624721843699E-4	2.4246172933148946E-4	0.09896096879671905
2	2	0.0017172615654637894	4.494873443933776E-5	0.3149943043332791	4.103963688616076E-5	9.743944643686554E-5	1.8112295524834113E-4	6.29525952048889E-5	1.8179294045188182E-5	1.6095368745085357E-4	0.004932954399702402	0.11143512331356066	7.503091301528248E-5	1.6339637108481913E-4	0.0033801725180975374	0.549975382547265	9.451440156232369E-5	6.348819915355771E-5	1.3174886558151597E-4	1.7970079620193902E-4	0.012250285426320551
3	3	9.206011175981508E-4	3.7788129635175406E-4	0.49904430227820984	3.450177492600428E-4	8.191675426379932E-4	0.0015226897482658525	5.292386667045195E-4	1.5283222734171922E-4	0.0013531279317464957	0.0549873629503921	0.19343112859080827	0.027663406699488722	0.041922602941955794	0.001384279914915047	0.0010307277727960747	7.945768669968213E-4	0.10866424683380532	0.0011076047577269616	0.0015107337430350918	0.06243847036996337
4	4	0.01420522271355648	0.13439822892125913	0.3191042606097347	1.1818442870215454E-4	2.8060251464063194E-4	5.215911887877723E-4	1.812885557502748E-4	5.235205874015806E-5	4.63508477222879E-4	0.02809561420458799	0.09403879654814377	2.160712487371562E-4	4.705428272241012E-4	4.74179462531926E-4	0.14851173336998724	2.721790785760095E-4	1.8283096819558052E-4	0.08834861092984216	0.019037328427476942	0.1510268734663029
5	5	0.006473997598807869	1.694546740473598E-4	0.10256485593179489	1.5471755497258524E-4	3.6734225871471485E-4	6.828252614214064E-4	2.3732840610399627E-4	6.85351075011014E-5	0.4127662879217911	0.01859701258152655	0.03825166644201869	2.828631121002886E-4	6.159968494789818E-4	0.06123244879865074	4.62212976553713E-4	3.5631497325335594E-4	2.39347608505849E-4	4.966872004673539E-4	6.774637868291282E-4	0.35530264095546027
6	6	0.05897122128100611	4.052700831687771E-4	0.027855885622437633	0.014865998369267693	8.785406987305137E-4	0.001633054101586211	5.675978158808329E-4	1.639094871422061E-4	0.0014512024668361235	0.04447686602908128	0.004507358528211436	6.764992326751884E-4	0.0014732263705531069	0.23342019280206408	0.001105434786633611	8.521676941428578E-4	5.724269675695302E-4	0.0011878838053532453	0.00162023152666383	0.6033150323309957
7	7	0.1561712004266507	0.0034847825008498283	0.19296470120485523	8.6533394780915E-5	0.13580572013210232	0.013941930171006606	1.3273757242196206E-4	3.8331626393631344E-5	3.393760285029574E-4	0.13583153904426612	0.1366543500175069	1.582050941321406E-4	3.4452650553590844E-4	3.471892116319822E-4	2.5851531831711915E-4	1.9928665659399295E-4	1.338669105802147E-4	2.7779672195753566E-4	3.7890491047280436E-4	0.22245050655144108
8	8	4.2308606778533624E-4	1.7366512891077776E-4	0.7014433583338128	1.5856183537058942E-4	3.764696434176711E-4	0.1000881355800194	0.018878539844286793	7.023800521292395E-5	6.218649585683271E-4	0.006635551140377065	0.00814325135727522	2.8989143617998516E-4	6.313025761892054E-4	6.361816586141449E-4	4.7369762214408227E-4	3.6516836204582997E-4	0.08099832428085149	5.090284300649556E-4	0.07523555486325988	0.003848128875613462
9	9	0.2915416168656745	3.25144274300849E-4	0.545697598359102	2.9686715586908725E-4	7.048447191043511E-4	0.0013101835363779973	4.5537824676405465E-4	1.3150299876855763E-4	0.001164285725839103	0.02405338034675027	0.03850614957660744	5.427488018691272E-4	0.012811935075789958	0.059340989069138664	8.868796548626914E-4	6.836859121903573E-4	4.592526285319689E-4	9.530277064257483E-4	0.0012998961083369063	0.018834633237696397
10	10	0.012486217608310686	5.752737782640526E-5	0.40108596067308844	5.2524341929913325E-5	0.02070148796191913	0.004347165296792313	8.056951490796519E-5	2.326666434994444E-5	0.12778203567547347	1.4037896541669415E-4	0.037678016811053594	0.22849829309405156	2.091219005853371E-4	0.020787518769128217	1.5691453002377142E-4	1.2096371024751124E-4	8.125500452418495E-5	1.6861802368956338E-4	0.055787296779523696	0.08975486729715763
11	11	1.876398017926814E-4	7.702094880527338E-5	0.4240444319254682	7.032259775549237E-5	1.6696529299966136E-4	3.103593913743978E-4	0.3417200918764851	3.1150743028374334E-5	2.7579877110673126E-4	1.8794740030256762E-4	0.033915863649613985	1.2856762670286506E-4	2.7998437974434593E-4	2.821482658395276E-4	2.1008616141403636E-4	0.013936639466871424	0.0028637261191032225	0.1352176814283156	0.0058177970099046695	0.04027577714337179
12	12	1.0760192930464145E-4	0.07745520479978776	0.1420597260607295	4.0326450571322026E-5	9.57461449118789E-5	1.779754027165149E-4	0.2954876535729444	1.78633744925269E-5	1.5815663621155548E-4	1.0777832148156115E-4	0.003650860363748044	7.37270267138323E-5	1.6055687091879058E-4	1.6179775007349305E-4	0.10438840141594387	9.28719314318886E-5	6.238490199438275E-5	0.0017092764207704187	1.7657795793286885E-4	0.3738155126673208
13	13	3.892362175498616E-4	1.5977070162432586E-4	0.31958015763506126	1.4587577740500388E-4	3.463494338002832E-4	0.21780568099477676	0.06308641441373405	6.46184725969214E-5	5.721114041097393E-4	3.898742936902552E-4	0.001776947927895338	2.666980898459766E-4	5.80793946186016E-4	0.02344442769283155	4.3579849289501136E-4	3.359523341329077E-4	2.256694042702906E-4	4.6830258859848617E-4	6.387481794483376E-4	0.3692865719995475
14	14	3.440184090087472E-4	1.4121004187379063E-4	0.31781060839857805	1.2892929946673056E-4	3.0611380905681146E-4	0.26321560710257963	0.14667375620558012	5.711170526550642E-5	5.056488737263523E-4	0.005395478414493455	0.001570518804477992	2.357156102585228E-4	5.133227595996513E-4	0.010619082133788815	0.1367593650024924	2.96924546792393E-4	1.9945325208354256E-4	0.010515691701636814	5.64544414274352E-4	0.10414689951496624
15	15	5.008680083527392E-4	2.0559246418389796E-4	0.3597584075625698	1.877125169792098E-4	4.4568142243706896E-4	0.4199933327712445	2.879409028170012E-4	8.315085856127981E-5	7.361912551100837E-4	5.016890828345232E-4	0.0022865713144421163	3.431863096745933E-4	7.473639244586817E-4	7.531399981298389E-4	0.1844050336149399	4.323024654740617E-4	2.903907189688232E-4	6.02610379718092E-4	8.219392596431334E-4	0.02661689516946045
16	16	4.571636190993211E-4	1.8765302119209373E-4	0.37535155997671393	1.7133322987564895E-4	4.067924655774225E-4	0.24910385170993687	0.040535415209471244	7.589533928531363E-5	6.719531950988038E-4	4.5791304884005657E-4	0.0020870512789925785	3.1324079945166936E-4	6.821509675043594E-4	6.874230365917322E-4	0.2085869478261062	3.945809202541385E-4	2.650520093572174E-4	5.500282260086425E-4	7.502190604148943E-4	0.11826377506022775
17	17	0.018243901390160248	1.2537823150178903E-4	0.2283638091672135	0.34991430235792603	2.7179375849291414E-4	5.052172457505404E-4	1.7559749242526755E-4	5.070860761191833E-5	0.05874892921853384	3.059493946883364E-4	0.23010971173120298	2.0928827694841057E-4	4.557714092723298E-4	4.592938822617383E-4	3.419878849802982E-4	2.636347533950426E-4	1.77091485008309E-4	3.6749510247658843E-4	0.027408929408898445	0.08350120920125141
18	18	2.30894613728495E-4	9.477585274282362E-5	0.3421249937215634	8.6533394780915E-5	2.054542078221564E-4	0.003771910226685595	1.3273757242196206E-4	3.8331626393631344E-5	3.393760285029574E-4	2.3127311998593665E-4	0.0688542170553668	1.582050941321406E-4	3.4452650553590844E-4	3.471892116319822E-4	0.5528295989597588	1.9928665659399295E-4	1.338669105802147E-4	0.013837823314385555	3.7890491047280436E-4	0.01566010101691379
19	19	0.12044711277308258	4.173704658260771E-4	0.10333153701859803	3.8107262814321706E-4	9.047717951675624E-4	0.001681813139940979	0.07522848706147715	1.6880342725264969E-4	0.001494531856029211	0.06073362590507637	0.16885861006230612	6.966978605105684E-4	0.001517213340144183	0.0015289392687590578	0.0011384403907393227	8.776113565683995E-4	5.895182497505161E-4	0.001223351137372416	0.1210989151542952	0.3376815771089604
20	20	5.363668760151268E-4	2.2016376751479166E-4	0.15688215583476212	2.010165844933917E-4	4.772689576176669E-4	8.871598435036005E-4	3.083486266748415E-4	8.904415035643472E-5	0.04803816569900216	5.37246143900929E-4	0.30169734640778095	3.675095349305809E-4	0.04805013022789066	0.22918053794449772	6.005296158656004E-4	4.629417711515366E-4	3.109720728008691E-4	6.453202069876513E-4	8.801939545288242E-4	0.20962758177972454
21	21	0.0016222675636591612	6.658959654364827E-4	0.06958799446406695	6.079843841288657E-4	0.0014435230505597519	0.02650147404902913	9.326153379750019E-4	2.6931834033084375E-4	0.19293018840971582	0.0016249269519150158	0.05504243637480821	0.0011115503669479596	0.002420646223514596	0.0024393544196975405	0.0018163308742577616	0.025218405967331707	9.405500776943536E-4	0.0019518021838849688	0.002662189195517599	0.6102105457995284
22	22	0.05863427666842385	1.0879023878680785E-4	0.2020417353540406	9.932897894143904E-5	0.3154297302404696	4.383751800138481E-4	1.5236531016978779E-4	4.399967573771705E-5	3.895591346409792E-4	0.06641727647176603	0.17631767005766194	0.0040728813461779236	0.008178036534070425	3.9852764332428433E-4	2.967416530250799E-4	2.2875492364827813E-4	1.536616421399231E-4	3.188741735509326E-4	4.349331026298962E-4	0.1658444816707806
23	23	0.003596516829908661	9.41375985728262E-5	0.1714621456886468	8.595064824300917E-5	0.07428196773724877	0.017215217416135003	1.3184367058239178E-4	3.8073487641190834E-5	0.35725786763510237	0.01369842421410514	0.2603196254754769	1.5713968497862267E-4	3.4220634198718657E-4	3.448511164770535E-4	2.567743845755696E-4	1.9794458964429102E-4	1.3296540337737962E-4	0.0036431030827241916	3.763532305654972E-4	0.09636689176400712
24	24	6.366367305204787E-4	2.6132176947805177E-4	0.16751585777377132	2.385951609895039E-4	5.664908896202219E-4	0.001053007871055153	0.3835984603040918	1.056903013401144E-4	9.357483126791687E-4	0.2530102813562555	0.0029063850384773364	4.36212747684121E-4	9.499495225122161E-4	9.572912983811614E-4	7.127942241060624E-4	5.494853406998272E-4	3.691060215760568E-4	7.659580878067318E-4	0.02908613986967745	0.1553445873792778
25	25	1.4279362821714725E-4	5.861283492925274E-5	0.3268902298388511	5.351539909563809E-5	1.2706035577730293E-4	2.3618306522504753E-4	0.052494675418914984	2.370567212385037E-5	2.0988248126414683E-4	1.430277102553993E-4	0.15788964097380087	0.0021943432121495393	2.1306772361652572E-4	0.002311217864950882	0.4026885332655113	1.2324611774522755E-4	8.278816708321606E-5	0.02742634414939785	0.021199362850040017	0.005491769271050653
26	26	3.2129856952640225E-4	1.3188417616238286E-4	0.4006026862245688	1.2041448481801557E-4	2.8589728452505853E-4	5.314332435602061E-4	1.847093418633539E-4	5.333990485536526E-5	4.722545525369908E-4	3.2182527526937725E-4	0.05335734197654598	0.43893111276616203	4.794216357198478E-4	0.00520044908967031	0.014511700416196262	2.773149042127145E-4	0.0049036030564553095	3.8656462332652824E-4	5.272604837139917E-4	0.07839948799031105
27	27	8.733815247680776E-4	3.584989595169004E-4	0.8709612694969883	3.2732105377729966E-4	7.771506939903447E-4	0.0014445877467092725	5.020928878498096E-4	1.4499313676444786E-4	0.0012837231170415467	8.748132618143448E-4	0.003987176477224654	5.984262868153431E-4	0.0013032053016264642	0.0013132772486184052	9.7785954917599E-4	7.538213264977246E-4	5.063647202096294E-4	0.0010507933497493442	0.0014332449904612455	0.1105279988704009
28	28	2.961517882430136E-4	1.2156211796715391E-4	0.4214264724413183	1.1099011446512567E-4	0.27854293600023255	4.898400439321195E-4	1.7025286473778506E-4	4.916519930640573E-5	4.352930373947442E-4	2.966372707893251E-4	0.14049170466607253	2.0291820922025078E-4	4.418991810330996E-4	0.009141546152959016	3.3157886436386105E-4	2.556105522352371E-4	0.03930474408796594	0.052533699994188957	0.004834109725554961	0.05052288768801956
29	29	0.005967608055801209	1.56200100865716E-4	0.6476623259734792	1.4261570433672736E-4	3.386091188457979E-4	0.00621648595938724	2.187648182627478E-4	6.317436072328582E-5	5.593256968883563E-4	3.8116127287567456E-4	0.16934935416860317	0.12317629102714281	5.678141990623916E-4	0.022920485002124527	4.2605914510776327E-4	3.2844437649789493E-4	2.2062608069537649E-4	4.578368301014094E-4	6.244732547536861E-4	0.020222344854444973
30	30	0.0014732868332876419	3.8562779226083765E-5	0.3419680975765456	0.012449264612932966	8.359603240727018E-5	0.036018217628101805	5.400879604010754E-5	1.5596525942165766E-5	0.1946249570899411	0.06492305813825	0.141121519623236	0.004202389642812657	1.4018232689044696E-4	0.1091090867491823	1.0518574993859591E-4	8.108655441794934E-5	5.446830568109663E-5	1.1303104481314601E-4	1.5417035022508065E-4	0.09327023364012811
31	31	2.6097460578029314E-4	1.0712285751340177E-4	0.5591195371152203	0.14186858449046738	2.322199293714948E-4	0.031084797556012702	1.500300724892118E-4	4.332531160193481E-5	3.8358852906801474E-4	2.614024222621335E-4	0.12380397045093511	0.007842100688270435	0.004221052634391164	0.00805570487230416	2.921936211353514E-4	0.11900617090619495	1.5130653613590903E-4	3.1398692602320553E-4	4.282670697339611E-4	0.002373663405088833
32	32	4.1034133473067785E-4	1.6843376849171124E-4	0.18629207577749465	1.5378543544082343E-4	0.030488392534751923	6.787114763821843E-4	0.1026549940957894	6.812220728221874E-5	6.031323566311233E-4	0.07270684613389823	0.025971908083160956	2.8115896009471737E-4	6.122856824106758E-4	6.170177909506489E-4	0.09082921846058588	0.006378820976407768	2.3790562229550392E-4	4.936948325953709E-4	0.31997997418974383	0.16037318028086164
33	33	0.002726086269457678	0.0011189830142255453	0.5171822553075569	0.001021667398613295	0.002425720920475348	0.004508992587605617	0.0015671828276000966	4.5256716347889423E-4	0.004006885723947113	0.0027305551511463987	0.012445176294922288	0.00186786832272763	0.004067695478206669	0.0040991330523054885	0.28322396976323044	0.0023529029519321594	0.0015805165004696047	0.0032798419036283093	0.004473588435824684	0.14486841093264588
34	34	4.4231916697189984E-4	1.8155978416868393E-4	0.22029224496967278	1.6576990894968312E-4	3.9358360330409324E-4	0.16308542490521802	2.5428212252968945E-4	7.3430959611063E-5	0.2149571788150765	4.430442621561561E-4	0.0604666588889354	3.0306963128002787E-4	6.600010042138802E-4	6.651018851884848E-4	4.952314755248535E-4	3.817685761908769E-4	2.564455680311739E-4	5.32168389117418E-4	7.258588741224057E-4	0.33522485720973677
35	35	1.1389986251340412E-4	4.675274326534031E-5	0.2958631505980954	4.268675483246226E-5	1.013501599100144E-4	0.001860675956423891	0.0017377628516702845	1.8908916521039546E-5	0.0018396971989361032	1.1408657891179428E-4	0.2162445705594824	0.003422609596591345	1.6995425306415754E-4	1.7126776078683236E-4	0.001799808768347882	9.830771892107807E-5	6.603628583605594E-5	1.3703658100419695E-4	0.42494696425386447	0.051204472601021914
36	36	9.899983924289032E-5	4.063669582470404E-5	0.2949507995252431	3.710260726361375E-5	8.809184942740258E-5	1.6374740092474916E-4	0.037848453024873524	1.6435311285997793E-5	1.4551301878436567E-4	0.0030062036393185615	0.1152800954009086	6.783301972087254E-5	1.4772136998863382E-4	1.488630487450397E-4	0.00883196719574706	8.54474110394701E-5	5.739762575391807E-5	1.1910988468677256E-4	0.437672208827388	0.10119337330383282
37	37	0.19309350635253852	5.8004798633655914E-5	0.4832552621536262	5.296024244671002E-5	1.2574226037827816E-4	2.3373295551383017E-4	8.123816285091904E-5	2.345975484173602E-5	0.05415132934615834	0.04993565856232677	0.16247599386513853	0.004246334366417294	2.108574072321465E-4	2.1248703889942855E-4	0.002232971541255019	1.2196759038904437E-4	8.192934135855542E-5	0.0312913390061354	2.318977080893912E-4	0.017883327545770236
38	38	4.865559268849524E-4	1.9971775059170793E-4	0.08516381792784128	1.823487149580639E-4	4.3294627321566724E-4	8.0477169499712E-4	0.4074671507569912	8.077485961145799E-5	7.151549161079981E-4	4.873535395271331E-4	0.002221233552020779	3.3337991289783455E-4	7.260083313791482E-4	7.316193563037954E-4	0.014832038559272872	4.199496140213642E-4	0.02171301070322643	5.853910550576411E-4	0.20796399115675948	0.254452785398334
39	39	6.136916979265919E-4	2.519034682228539E-4	0.20652968266797844	2.2999594972317915E-4	5.460739841805226E-4	0.0010150564008293823	3.528014139562181E-4	1.0188111582999774E-4	9.020229957051625E-4	0.3430043199252226	0.047852902056945035	4.204911984337371E-4	9.157123795519436E-4	9.227895503823575E-4	6.87104398306227E-4	0.06360145384310242	3.5580306670454225E-4	7.383521825114021E-4	0.0010070862810780314	0.32995087542340934
40	40	7.246965949545129E-4	2.974679082267317E-4	0.47796760968304125	2.7159774554690936E-4	6.448481513859526E-4	0.0011986603694544814	0.4260179302955721	1.2030942895531458E-4	0.0010651814188895764	7.258845923335227E-4	0.0033083974581380434	4.965498812234583E-4	0.0010813469461311953	0.0010897042395735545	0.0540115524711804	6.254903876768636E-4	4.201609241029661E-4	8.719057376058085E-4	0.0011892486099917116	0.02787145715601557
41	41	0.001310201046048832	5.378012912411778E-4	0.2293296970996589	0.05820034818806417	0.0011658406129830946	0.002167094589446934	7.532133531782534E-4	2.1751108086368856E-4	0.0596350922812196	0.0013123488626930924	0.005981352528184345	0.0778434854561235	0.001955000078414511	0.001970109483766421	0.059176251837265735	0.0011308431223954558	7.596217314959278E-4	0.0015763449385860745	0.3676424283446249	0.1273354140737454
42	42	4.006853738887637E-4	1.6447026363524962E-4	0.4231065553729581	1.501666283234563E-4	3.565371004065175E-4	6.627403545764675E-4	2.3034752944701094E-4	6.651918728323767E-5	5.889397274095415E-4	4.013422186667046E-4	0.07242381614866933	2.7454285862200137E-4	5.978776613973832E-4	6.024984161669845E-4	0.08869186766863431	3.4583417611595493E-4	2.3230733818780042E-4	0.329923545660441	6.575365846325399E-4	0.08012186973053753
43	43	0.011619598170272548	0.022630923062380005	0.4939842742118916	1.434169851579234E-4	3.4051158108917476E-4	6.329517060948981E-4	2.1999393993656075E-4	6.352930342664597E-5	0.07360246565787314	3.8330281275137317E-4	0.17591929830716013	2.6220279112476494E-4	5.710044411877415E-4	5.754175037010909E-4	0.1071792183890531	3.302897285293659E-4	2.218656598002095E-4	0.03978963854388221	6.2798183359296E-4	0.07090211537109445
44	44	0.0014811537981837273	6.079726677002628E-4	0.45496962614667996	5.550985546167664E-4	0.0013179574670652467	0.002449853319734794	0.21831525721923475	2.4589154812527356E-4	0.2413871880484706	0.00148358185820554	0.006761788995752252	0.0010148615954349378	0.02395646167591225	0.0022271659403099416	0.0016583364134441134	0.0012783935648174932	8.587358529296724E-4	0.0017820236826062176	0.024176993910188002	0.013471657740588215
45	45	0.0023949486124204985	6.2686961229739E-5	0.6411019188182484	5.7235207141089624E-5	0.24678114000678053	2.5259994113497876E-4	8.779572871503667E-5	2.5353432420499682E-5	2.2447122685138358E-4	1.5296943985699935E-4	0.05675293395925999	1.046405420283559E-4	2.2787787258165597E-4	2.2963904854557683E-4	0.004655447116585618	1.3181284635244692E-4	8.854269933353117E-5	0.01812157743963615	2.5061655205592365E-4	0.02829579254882159
46	46	3.701959034019249E-4	1.5195517929263603E-4	0.36373480640096156	0.02731491685572195	3.294070175317544E-4	0.23976266698581053	2.128196268619253E-4	6.145752312066253E-5	0.10924883296678498	0.005806038146895224	0.08865379083886156	2.536519878021154E-4	0.005987618560140802	5.56652326254079E-4	4.144804864100279E-4	0.07641281383680643	0.03282604258849159	4.4539457541478266E-4	6.075024591125597E-4	0.04684895573432278
47	47	9.118041438404225E-5	3.742703819350786E-5	0.4015097501778617	3.417208685283426E-5	8.113398361123156E-5	1.508139405559769E-4	0.1566821380652351	1.513718108078267E-5	1.3401978682489854E-4	0.2705118719748508	0.03522286283557332	6.247528172137156E-5	1.3605371313680546E-4	0.016201691875990538	1.0208784634748939E-4	7.86984141207279E-5	5.2864119183691224E-5	1.0970208361985151E-4	0.009520638649056331	0.10926528053179903
48	48	4.0545587310793685E-4	1.6642842161999048E-4	0.20193288284240354	1.519544893981203E-4	3.60781976985336E-4	6.706308406037895E-4	2.3309001215532786E-4	6.73111546263801E-5	5.959515543761211E-4	4.061205381800649E-4	0.0673331590293354	2.778115242086055E-4	6.049959020488352E-4	6.096716708230818E-4	4.539584202830117E-4	0.3575253962546488	2.3507315408139665E-4	4.8781697688392224E-4	6.653651153650795E-4	0.36681614424886516
49	49	2.240585732524737E-4	9.196984720186621E-5	0.039217862702466834	8.397142168116371E-5	1.9937137523476362E-4	3.705966525358263E-4	1.288076435114837E-4	3.719675128629465E-5	0.059542840080935154	0.013382984067762916	0.02405035292328252	0.5067580116464444	0.0036239657420212364	3.3691006537894314E-4	0.03972653610216767	1.9338642519054654E-4	1.299035456305137E-4	2.69572062210207E-4	0.16813930374635597	0.14349239862544913
50	50	8.623239170076799E-4	3.539601173678164E-4	0.06231119279059638	3.231769452499862E-4	7.673114343985551E-4	0.0014262982773014675	4.957360483064006E-4	1.4315742443389825E-4	0.0012674703039253432	8.637375272832007E-4	0.003936696094589651	0.06389427131114782	0.0012867058307217151	0.0012966502599724835	9.654791781320539E-4	7.442774326627274E-4	4.999537963453211E-4	0.0010374895868813948	0.26728946947274673	0.5902346422509294
51	51	1.3928938026037808E-4	5.71744380651508E-5	0.3638593175588006	5.2202096602536665E-5	1.239422124982353E-4	0.004320494735053633	0.13709868499868855	2.31239196035102E-5	2.0473182947866882E-4	0.03490543363483693	0.008816101803288632	0.0021404926110153498	2.0783890392436658E-4	2.094452067997284E-4	0.11876907672752819	1.2022157833348519E-4	8.075649193798581E-5	0.03084339168697438	0.17814826534520253	0.11988001484110719
52	52	0.013028171519217015	0.012538409872359605	0.40155834302051074	3.11351187956557E-4	7.392338164711645E-4	0.00137410687719291	4.7759597279965174E-4	1.379189784958745E-4	0.0012210907697068492	8.321314659195823E-4	0.06477965338316159	5.692293030168353E-4	0.001239622426147837	0.0012492029667968045	9.301501653411898E-4	7.170426796674675E-4	0.2078374923038662	9.995255543931584E-4	0.001363317529572981	0.288096410207406
53	53	0.0467784006969844	0.13189914395980543	0.5966309075665538	9.894396002509375E-5	2.349203215384103E-4	0.06245586438041739	1.517747118646872E-4	4.382912422643989E-5	3.8804912580498477E-4	0.0041406414427750254	0.0012052601732240606	1.8089476957662467E-4	3.939382810259107E-4	3.9698287076141706E-4	0.0041717907001166624	2.2786822397865167E-4	1.530660189937773E-4	3.176381537100012E-4	0.03919523998397657	0.11093484553464066
54	54	0.002129469122967305	8.740881771112182E-4	0.7166441776931181	7.980705539895304E-4	0.0018948401813108052	0.003522177782328498	0.001224197296618536	3.535206539479486E-4	0.0031299594308515115	0.0021329599683146965	0.009721489355211726	0.0014590763188901232	0.0031774606766931247	0.0032020179858635897	0.0023842062804362053	0.0018379587768786658	0.001234612830781735	0.0025620326620772126	0.0034945220001593802	0.2382231622524502
55	55	3.274778435288253E-4	1.3442059723108675E-4	0.5573565969478722	1.227303186440046E-4	0.005099442332494209	5.416538667979484E-4	1.8826170636925034E-4	5.436574785195971E-5	4.813370401537866E-4	0.0195602011512998	0.015919147382456658	0.3704439718860862	4.88641962016879E-4	4.924184782214476E-4	3.6665229038736235E-4	2.826482761620883E-4	0.00499791006482332	3.939991062459481E-4	5.374008556562675E-4	0.022210722145700693
56	56	7.324903159781839E-4	3.006670151445165E-4	0.3755632869013852	2.745186328177864E-4	6.517831454641951E-4	0.0012115513152471064	4.210968146700466E-4	1.2160329197650586E-4	0.24842923213931847	7.33691089628275E-4	0.3044688760765171	5.018900073887199E-4	0.0010929762493273472	0.001101423420953289	8.201142683301072E-4	6.322171994467564E-4	4.2467952823372214E-4	0.011635743277422596	0.02271095966510564	0.028171199645644376
57	57	0.01650932711034539	9.107107417978694E-5	0.3548112951152496	8.315081307161564E-5	1.9742302347723004E-4	3.669750060559643E-4	1.2754887405010118E-4	3.68332469684965E-5	3.261098536406955E-4	0.0425696238510282	0.004270371680684811	1.5202087289496123E-4	3.310589990438181E-4	3.3361762022607766E-4	0.13706305838902713	0.179353536143811	1.2863406649319507E-4	0.03935683722129762	3.640935555852033E-4	0.22352741348286903
58	58	2.7801891167184673E-4	1.1411907366238925E-4	0.13846429178165626	1.0419437617782432E-4	2.473862613542122E-4	4.598479607880947E-4	0.21649989390465532	4.615489673180729E-5	4.086407758426702E-4	0.2737649723589365	0.0624975371334708	1.904938680955106E-4	4.148424364018709E-4	4.180485859043574E-4	3.112768474258984E-4	0.10228716057804761	0.11037216507858823	3.3449347759778114E-4	0.02902945345787776	0.06375700823511317
59	59	9.206011175981508E-4	3.7788129635175406E-4	0.2287180388355974	3.450177492600428E-4	8.191675426379932E-4	0.0015226897482658525	5.292386667045195E-4	1.5283222734171922E-4	0.4744240889563183	9.22110261869608E-4	0.004202744180979538	6.307803552274688E-4	0.0013736634255639211	0.001384279914915047	0.0010307277727960747	0.02782720321125807	5.33741456760316E-4	0.0011076047577269616	0.0015107337430350918	0.2516668547797921
60	60	9.461788159855435E-4	3.88380234099667E-4	0.749070982170782	3.5460361632035477E-4	8.419270417672157E-4	0.0015649956920391248	5.439428710913569E-4	1.5707847095373955E-4	0.0013907228221460052	9.477298898574112E-4	0.2126972058532379	6.483057626664627E-4	0.0014118288678094555	0.0014227403224363836	0.0010593651963100388	8.166531463551041E-4	5.485707652815578E-4	0.0011383781077523173	0.0015527075048352328	0.022497702848273085
61	61	6.81208133452382E-4	2.7961709760459874E-4	0.039222303296142506	2.552993826409492E-4	0.06061534939384369	0.061135927784828493	3.916155188223262E-4	1.1308975660430135E-4	0.0010012607361505165	0.23071758408115792	0.2631497214523458	4.6675232105301297E-4	0.001016456183066102	0.001024311962031009	7.626974688406085E-4	5.87955211116326E-4	3.9494740399018233E-4	8.195833735056472E-4	0.0011178827546086969	0.3362464366881949
62	62	3.2282142218725054E-4	1.3250926505988E-4	0.17499673671504073	1.2098521103967316E-4	2.87252346395113E-4	5.339520675008536E-4	1.855848051844473E-4	0.03797103911391181	0.005214173687738758	0.5074691961565837	0.0014737499527838192	2.2119179248182962E-4	4.816939412414701E-4	0.005225097558368703	0.014580481244025069	2.786292883395897E-4	0.004926844569709706	3.883968162494234E-4	0.010009121128838304	0.2351805429173198
63	63	4.571636190993211E-4	0.013611852771834397	0.5028814576078158	1.7133322987564895E-4	4.067924655774225E-4	7.561563230542505E-4	0.3694283091002077	7.589533928531363E-5	6.719531950988038E-4	4.5791304884005657E-4	0.04907175040624064	3.1324079945166936E-4	6.821509675043594E-4	6.874230365917322E-4	5.118516911504809E-4	3.945809202541385E-4	2.650520093572174E-4	5.500282260086425E-4	7.502190604148943E-4	0.057854876182337374
64	64	4.936082453630696E-4	2.0261253227060613E-4	0.3183080296178918	1.8499174352045925E-4	4.392215538852063E-4	8.164363484967286E-4	2.8376738269868143E-4	8.194563979011545E-5	7.255206314367054E-4	4.944174188928359E-4	0.002253428918591319	3.3821204254635165E-4	0.0224780766432485	7.42223713213889E-4	5.52655995795716E-4	4.2603651638796784E-4	0.5583191772923103	0.02958260297007125	8.100257732207559E-4	0.06246700902036762
65	65	1.835934933420984E-4	7.536005110102707E-5	0.25855954791691677	6.88061448555933E-5	1.633648144787714E-4	3.036667290712073E-4	1.0554492469605103E-4	3.047900114017454E-5	2.6985138207984144E-4	0.0028794236134716635	0.11405036869777736	1.2579516441379277E-4	2.7394673127655175E-4	2.7606395482727655E-4	0.12419989693273095	1.5846074912592454E-4	0.4583463992131628	2.2088722555970737E-4	3.012823687605674E-4	0.0394072608912118
66	66	2.0829836299727662E-4	8.550071679547702E-5	0.19854639880833638	7.80648980346362E-5	1.8534765479882637E-4	0.018694012963938963	1.1974735398652112E-4	3.4580343386465256E-5	3.061633618738634E-4	0.021616371119082548	0.13857205703152273	1.4272252433010334E-4	3.1080979306294393E-4	3.1321191631735303E-4	0.030815689271502574	1.797836842765909E-4	0.4741491019206111	2.506104473177806E-4	0.015633060429813397	0.0997584673980144
67	67	2.3406859003380552E-4	9.607868222881176E-5	0.26778602645491156	0.0035243300521150935	0.010518099866028328	3.8715338882642516E-4	1.3456223997435093E-4	3.8858549356245206E-5	3.4404123682317143E-4	0.11364248766224683	0.12134982361213893	1.6037984915152486E-4	3.4926251452054534E-4	3.5196182331566204E-4	0.010571890377286371	2.0202613637561174E-4	1.357071024988809E-4	2.816154347414682E-4	3.841134997438414E-4	0.4695075129276825
68	68	4.311201269463932E-4	1.7696288798657337E-4	0.13875794928870966	1.6157279522734233E-4	3.8361849472206855E-4	7.130799485504171E-4	2.478439758685892E-4	7.157176761306417E-5	6.336736666486439E-4	4.318268635095515E-4	0.008297885055118708	2.953962379824767E-4	6.432904969264232E-4	6.482622291449586E-4	0.013142148709370242	3.721026112395685E-4	2.4995264528399535E-4	5.186944645510563E-4	0.6463397346706883	0.18748331306391186
69	69	2.0151911476169523E-4	8.271802289843348E-5	0.11219925710795138	7.552420921381686E-5	0.07414716672120097	0.06542502520922372	1.1585007401491002E-4	3.345489655858232E-5	2.961990136143901E-4	0.02978899001136273	0.19619510615766556	1.3807749780507384E-4	3.0069422272958066E-4	0.029890158712520112	2.2562578337519056E-4	0.023843644907180855	0.3699560925535885	2.4245411613807016E-4	3.306988452624768E-4	0.09651174282293391
70	70	0.17245740870422815	6.821434045146067E-4	0.12008462847630466	6.228188173651588E-4	0.001478744097148409	0.0027487276531799605	9.55370560522627E-4	2.758895369655593E-4	0.051241369309600916	0.00166457413860481	0.0075867058031066975	0.0011386714906769725	0.002479708455586335	0.17329443196115207	0.0018606481952162612	0.0014343535243332654	9.634989028569254E-4	0.001999424918848431	0.44191572480039853	0.01511515724938966
71	71	8.963698854193609E-4	3.6793504574127156E-4	0.025289694394705416	3.359365032911748E-4	7.976061535200035E-4	0.014643159851628127	5.153085239252358E-4	1.4880951531766613E-4	0.053959707996358	8.978393073566454E-4	0.030413221278493927	6.141775237197103E-4	0.0013375070960048247	0.29087992147354635	0.01416414685549681	7.73662731460762E-4	5.196927956029763E-4	0.014239000353778099	0.0014709695722253462	0.5477353331424083
72	72	2.961517882430136E-4	1.2156211796715391E-4	0.3301160394676167	1.1099011446512567E-4	0.02200410050268984	0.21354751698256927	1.7025286473778506E-4	4.916519930640573E-5	0.07870137844342472	2.966372707893251E-4	0.15788416808963474	0.06107654019168801	4.418991810330996E-4	4.453144411779078E-4	0.004679694720254415	2.556105522352371E-4	1.7170138495095416E-4	0.1134073219766567	4.859938696644078E-4	0.015737960840895127
73	73	4.6655837839978275E-4	1.9150931004022524E-4	0.1296138070441338	1.7485414533699648E-4	4.1515209250239643E-4	7.716954131126688E-4	2.6821685244999503E-4	7.745499629830419E-5	6.857619022342637E-4	0.4388695130815036	0.008979974613770153	3.1967793003465496E-4	0.05549644297397269	7.015496505578551E-4	5.223702959453395E-4	4.0268959866920055E-4	2.704988553571695E-4	5.613313625136679E-4	7.656361391166123E-4	0.3604453053640505
74	74	0.008816797453062148	8.03409635192143E-5	0.32737542261508046	7.335387772402477E-5	1.7416238986843404E-4	0.16412405561862284	1.1252090226525989E-4	3.2493506611641366E-5	2.876871727995767E-4	1.9604893818454122E-4	8.9354122626477E-4	1.3410957884719843E-4	2.92053203549347E-4	2.9431036470523275E-4	0.07780876635102445	1.6893419097721083E-4	0.0029871680267867682	0.046214523390437565	3.2119558630773444E-4	0.3696125146433616
75	75	4.7303904569756435E-4	0.014084536862425612	0.5342348455598298	1.7728293366023613E-4	4.209187076014838E-4	0.28553494660888823	2.7194248307814585E-4	7.853087465522461E-5	6.952873870173619E-4	0.02130936562663196	0.050775812013672136	3.2411837393816773E-4	7.058392864368056E-4	7.112944329658663E-4	0.08387183071751422	4.082831051500039E-4	2.742561838441493E-4	5.691284613820638E-4	7.762711063972152E-4	0.004302470229213547
76	76	3.9373645693521856E-4	1.6161792542225981E-4	0.1903152962196625	1.4756235200738774E-4	3.503538282857076E-4	0.017993823739185587	2.263527096784562E-4	6.536557315511913E-5	0.012140444001663322	3.9438191033201427E-4	0.0017974924987504861	0.0060506405813691225	5.875089220118931E-4	0.006372908544401444	0.02356427308583921	3.3983652028388893E-4	2.2827853028523318E-4	4.7371697106973076E-4	0.006426992209191882	0.7319694174204695
77	77	0.0042727034516231496	0.1481209111396153	0.24370145814406152	1.0211036088116378E-4	2.424382327584465E-4	4.506504376628062E-4	1.5663180043741303E-4	4.5231742197624805E-5	0.30441910715218745	2.7290483406627045E-4	0.08924922656417392	1.866837571318099E-4	4.06545078954383E-4	4.096871015351327E-4	3.05050928759955E-4	2.3516045424004577E-4	1.5796443192827282E-4	0.020329029493448475	4.471119762026976E-4	0.1864893929181341
78	78	1.7830655757346075E-4	7.318991019657801E-5	0.5364655810282262	6.682473657299549E-5	0.0027765664939447617	0.0029128281389330627	1.0250555098287725E-4	2.9601298350239194E-5	0.0054978926620100075	0.05777253285008128	0.06364375436292484	1.221726452157857E-4	0.0028839639869340503	2.681141502310522E-4	1.9963643042507362E-4	0.19649685435793862	1.0337767353299948E-4	2.1452634341520403E-4	0.0029105124409675967	0.1272812583815434
79	79	3.197900169806261E-4	1.3126495706660345E-4	0.2860376218514696	1.1984911791368015E-4	2.845549471563099E-4	5.289380722506527E-4	1.8384209944672153E-4	5.3089464744848656E-5	0.0051652107869555285	3.2031424974872727E-4	0.010850258032190514	2.1911472477408907E-4	4.7717066793579756E-4	4.808585271453637E-4	3.580448097052383E-4	0.21625399623175562	1.8540623757438334E-4	3.8474963533113876E-4	0.019305479110248852	0.4583404464596057
80	80	5.363668760151268E-4	2.2016376751479166E-4	0.07025752779475364	0.1813252388499657	4.772689576176669E-4	8.871598435036005E-4	3.083486266748415E-4	8.904415035643472E-5	7.883685862702623E-4	5.37246143900929E-4	0.002448631360478891	3.675095349305809E-4	8.003331151587535E-4	0.024431417122659466	6.005296158656004E-4	4.629417711515366E-4	3.109720728008691E-4	6.453202069876513E-4	8.801939545288242E-4	0.7136254176488649
81	81	9.461788159855435E-4	3.88380234099667E-4	0.721287289648091	3.5460361632035477E-4	8.419270417672157E-4	0.0015649956920391248	5.439428710913569E-4	1.5707847095373955E-4	0.02917441534483701	9.477298898574112E-4	0.2265890521145834	6.483057626664627E-4	0.0014118288678094555	0.0014227403224363836	0.0010593651963100388	8.166531463551041E-4	5.485707652815578E-4	0.0011383781077523173	0.0015527075048352328	0.008605856586927585
82	82	0.001016805332789697	4.173704658260771E-4	0.3869785171892936	3.8107262814321706E-4	9.047717951675624E-4	0.001681813139940979	5.845449112941046E-4	1.6880342725264969E-4	0.001494531856029211	0.015947260614966537	0.004641937331903415	6.966978605105684E-4	0.001517213340144183	0.21053197728927162	0.016067228820775933	0.07552155350675145	5.895182497505161E-4	0.13558244700770192	0.001668607714002309	0.14360732751848446
83	83	0.1303812978557214	8.875804545922827E-5	0.40612017158816766	8.103894362783632E-5	1.9240886143384754E-4	3.576545523731743E-4	1.2430937993399593E-4	3.589775390577745E-5	3.1782729560213524E-4	2.165883978159578E-4	0.19464737193015813	0.16206080033680326	3.2265074230715044E-4	3.251443794718952E-4	0.04786346570134234	0.028759451831465412	0.01599915529484296	2.601579765558853E-4	0.006704361598857976	0.005141487534153953
84	84	7.246965949545129E-4	2.974679082267317E-4	0.041726262869077387	2.7159774554690936E-4	6.448481513859526E-4	0.0011986603694544814	4.16616330729297E-4	1.2030942895531458E-4	0.0010651814188895764	7.258845923335227E-4	0.04586852885462232	4.965498812234583E-4	0.2564421353250369	0.0010897042395735545	8.11388225575042E-4	0.11766585172800864	4.201609241029661E-4	8.719057376058085E-4	0.09694954425208135	0.43219270542261623
85	85	0.0010644795005449363	4.3693939309486255E-4	0.3113500224474912	3.9893968667957026E-4	9.471931328140562E-4	0.001760667016077263	6.119520179081592E-4	1.7671798341102756E-4	0.0015646048189870301	0.016694967529237492	0.0048595802689868715	0.1570167936374032	0.0015883497523619195	0.376690458044937	0.0011918175676848255	9.187592436690255E-4	6.171585374506927E-4	0.0012807094590352684	0.0017468424375130336	0.11908304752471253
86	86	0.17212248889198997	8.011075007458822E-5	0.17170275345989994	7.314368546184844E-5	1.736633353146965E-4	3.228098851204154E-4	1.1219847864263647E-4	3.240039791892252E-5	2.8686281804797987E-4	1.9548716870359696E-4	0.3132256151755535	1.3372529383552585E-4	2.9121633813153185E-4	0.0031589223925184403	0.0030839694176846098	1.6845011759401466E-4	1.1315306912457044E-4	0.040351187014580084	3.202752146930112E-4	0.2940515670951101
87	87	0.010271805919990619	2.688610085938661E-4	0.4127688072974276	2.4547872822605274E-4	5.828343817154563E-4	0.001083387575534332	0.15424538254556577	1.0873950943179815E-4	9.627450313054007E-4	0.019889681631408227	0.0414574432720685	4.4879766250666196E-4	0.010594157913200024	9.84909540888853E-4	7.333586267834226E-4	0.09673335782974489	3.7975488011282154E-4	0.04887206609649946	0.0010748809263401798	0.19829354962265608
88	88	3.405779612469567E-4	1.397978332251114E-4	0.3746368574087223	0.1101360708190744	0.020304585329331794	0.0305656210215428	1.9579275179411857E-4	5.654054443978516E-5	5.00591997436283E-4	3.4113627175666087E-4	0.14156554266361243	0.08023948984543416	5.08189138569226E-4	5.121167269999678E-4	3.8131950608030486E-4	0.010294721520240394	0.005197841789938813	4.0976027841271845E-4	0.0755646468861338	0.14810879970600788
89	89	0.04282912469775558	2.9433616179653236E-4	0.009702924882234638	2.6873836056270326E-4	6.38059180743162E-4	0.043298098574798424	4.1223018798770844E-4	1.1904280955123775E-4	0.0010539671735412027	7.182424688711004E-4	0.08749768203997928	4.913221969088459E-4	0.8011990591710676	0.0010782318176151618	8.028459186280566E-4	6.189052158497301E-4	4.1573746383119194E-4	8.627263014189105E-4	0.0011767281834651558	0.006521997193393841
90	90	4.865559268849524E-4	0.3216634843068461	0.2423238815775656	1.823487149580639E-4	0.03615114255724393	8.0477169499712E-4	2.7971311906898683E-4	8.077485961145799E-5	7.151549161079981E-4	0.014774632053138437	0.052226708349660346	3.3337991289783455E-4	7.260083313791482E-4	7.316193563037954E-4	0.029119317072884177	4.199496140213642E-4	0.014569371446420778	5.853910550576411E-4	0.015085731223006852	0.26874006391194527
91	91	0.0047056497753347705	1.231687742681923E-4	0.5151080378396107	1.124570432233639E-4	2.6700411775101195E-4	4.963141380516141E-4	1.725030545376593E-4	4.981500352649006E-5	4.410461972855366E-4	3.005578518733539E-4	0.08067037509475519	0.11915636333652664	4.47739652682519E-4	4.5120005147185804E-4	3.359612598060439E-4	2.589888933766083E-4	1.7397071948248156E-4	3.610189805632986E-4	0.10622642887009173	0.1701413993457809
92	92	9.216750294280273E-5	3.783221074551557E-5	0.12303587957183006	0.01762624654382599	8.201231288282262E-5	0.01774415112308309	5.2985604121573555E-5	1.5301051121927615E-5	0.04208491988346357	0.03256931155605987	0.0924389114096773	6.315161814963961E-5	0.002843942665185102	1.3858947234874787E-4	0.00686923321565396	0.1597580991097304	0.008172684649053397	1.1088968155242125E-4	1.5124960642048422E-4	0.49611244121215137
93	93	4.452104315703802E-4	1.8274656831839271E-4	0.2740250282893544	1.6685348096063775E-4	0.01346936141979391	7.3638554963079E-4	2.559442637023853E-4	7.391094860952616E-5	0.23597207613542873	4.45940266413673E-4	0.015105687496974551	3.050506770072416E-4	0.007200917726917352	6.694493918728382E-4	4.984686068547946E-4	0.17687253312381293	2.5812185078726984E-4	5.356469623712496E-4	7.306035250960683E-4	0.27205006328452275
