0	0	0.1479132565334599	2.4492492770375533E-4	7.417793955431382E-5	0.0012852692479230596	1.3664637980704732E-5	0.012986239242330907	0.12318184437538741	2.1894836511366557E-4	1.7075058981272086E-4	2.529032508455121E-4	7.365057419692348E-5	8.728933995976455E-5	1.2103086179418492E-4	0.0613527073074043	4.1429506147478296E-4	0.4350586559662114	0.20545554129334395	4.7641776220668517E-4	0.010497225623057684	1.2120710023838749E-4
1	1	0.0012711147638127137	7.692150878465344E-4	2.3296440597324938E-4	0.027998653566340324	4.291537739038279E-5	8.479264362678115E-4	0.019447718829232238	6.876326859978533E-4	5.362619933137405E-4	7.942719352401056E-4	2.3130815402080262E-4	2.74142276716029E-4	3.8011143193951126E-4	9.883457703987663E-4	0.4326192423986441	5.114187128382883E-4	0.022241876379136136	0.0014962451321031695	0.48824796973361345	3.8066492917480775E-4
2	2	0.20394964760913775	5.285683668279161E-4	0.07699972443523188	0.397949021056511	2.948942538626325E-5	5.826550969807678E-4	0.0023864643478204045	0.005961054660569069	3.6849397584135516E-4	5.457862518043463E-4	1.589440653680316E-4	1.8837765635609528E-4	2.611946670928697E-4	0.017144782277163085	0.03382535846294348	3.5142284398885894E-4	0.03174920715218414	0.050425062048105276	0.1763331705963725	2.615750043149638E-4
3	3	0.17925361482953953	7.453999406798615E-4	2.257517528408444E-4	0.00391156437256676	4.1586703467557736E-5	8.216743603721562E-4	0.1659071429041264	0.17094811692810752	5.196591490736286E-4	7.696810199981062E-4	2.24146778982933E-4	2.6565474342689837E-4	3.6834305943304234E-4	0.14801927798774417	0.0012608578356743875	4.955850245728494E-4	0.3234164047732668	0.0014499209003226768	9.867375155885405E-4	3.688794202154491E-4
4	4	0.009890478465703196	0.2823974044122408	2.4886673603847636E-4	0.20056179180848654	4.584481415684749E-5	9.058065489151948E-4	0.17436197081476046	0.009267167451146719	5.728676506607726E-4	8.484895502571614E-4	2.47097427050089E-4	2.928554400036072E-4	0.00893865455905819	0.001055811015116266	0.0013899585284462533	5.463285486954529E-4	0.2200098418522348	0.0015983799790545356	0.03521815642178892	0.05160222797618564
5	5	0.04394551552495614	2.98896989407071E-4	9.052391286207223E-5	0.010879549024264993	1.6675800181148892E-5	0.0468847607810461	0.12239323194315428	2.6719618856938177E-4	2.0837747187674855E-4	0.1989444888211781	0.04974884418444351	1.0652456312189381E-4	0.018769812865466383	3.840454769191179E-4	0.12775668466627127	1.9872401881994945E-4	0.27866323096537066	0.006788772448369778	0.09350622785663121	1.4791649709022093E-4
6	6	4.80500263731523E-4	2.9077473025951306E-4	8.806400625419619E-5	0.11324164928197095	1.622265018176994E-5	3.205287892570215E-4	0.29720868135379963	0.10895636839465277	2.0271499989784583E-4	3.0024659080558837E-4	8.743791841176612E-5	1.0362985311169005E-4	1.4368776800802922E-4	0.08491527951351631	4.918508535557744E-4	1.9332387081945698E-4	0.28920687833084063	0.08208792765554117	0.02152033617719894	1.4389699818543418E-4
7	7	0.0010666426403215055	0.02745555779411317	1.95489641189354E-4	0.02349477688062526	3.60119894389145E-5	0.014116568092737765	0.0029143100540062585	5.770197661492877E-4	4.4999863484908775E-4	6.665049752050598E-4	1.9409981471114014E-4	2.3004362012368066E-4	3.189665268022067E-4	0.04104447851616477	0.5372934195437308	4.291516562481151E-4	0.22644214992793504	0.007958078183331399	0.11479730075410739	3.194309882098426E-4
8	8	0.015973178376920798	2.148692772484539E-4	6.507528820869191E-5	0.0502130394476091	1.198779934040491E-5	0.013623808092435996	0.3780359383620003	0.026965984237954314	0.004612114455815068	0.0024530272041734667	6.461263781924119E-5	7.657773981803494E-5	0.24107131329640863	0.004738397618967726	0.01821272459918285	0.06707761713850678	0.17578100899813567	4.179547634999941E-4	2.84437340597407E-4	1.0633332535716374E-4
9	9	8.546862386439514E-4	5.172133695998815E-4	1.5664319033000874E-4	0.034937958845072684	2.885591728299386E-5	5.701381787799651E-4	0.10974795513221683	4.6235808968287306E-4	3.6057778498162424E-4	0.011275337183268534	1.5552954127818165E-4	0.19352729545394032	0.3493470474550138	0.011405830700386867	8.748760151238665E-4	3.438733846004566E-4	0.2029275661751876	0.0815656304878186	6.846711510101318E-4	2.559557057808036E-4
10	10	0.29834497149531003	3.186785474934767E-4	9.651495360169985E-5	0.09432690019519124	1.7779435619481907E-5	3.512879159035123E-4	0.0014388204813928476	2.848797287587176E-4	2.2216828011474798E-4	3.290593627664892E-4	9.582878405714942E-5	1.1357455662368476E-4	1.574765770069193E-4	4.0946232010836275E-4	5.390506783539622E-4	0.12264831310024843	0.13165103651906662	6.198802297647514E-4	0.3478766109529329	1.5770588568504175E-4
11	11	4.467759885145707E-4	2.7036648541641336E-4	8.188316722497282E-5	0.1698645956293872	1.5084051182406976E-5	0.008720323190172425	0.057369299895882825	2.416916094185858E-4	1.8848729397721135E-4	0.03958319802198026	0.07588191963431087	9.63565133222582E-5	0.21349830717563095	0.022806829877628432	0.011687051204511299	1.7975528841142574E-4	0.38401331744195477	0.014563057214904562	3.5790283787099947E-4	1.3379747829753177E-4
12	12	8.456033795163348E-4	5.117168774807979E-4	0.9140878929157648	0.007998851443544223	2.8549261787878563E-5	5.640792479969558E-4	0.002310380569337941	4.5744455158523565E-4	0.010983872790639818	0.011155512744051525	0.0054674401648748625	1.823719165719108E-4	2.5286742046542907E-4	6.574925784616343E-4	0.00617914205244962	3.402189985008065E-4	0.004169181312091289	0.03287675107907168	6.773950637956764E-4	2.53235632011738E-4
13	13	0.04893778612984853	2.916553384529105E-4	8.833070716517851E-5	0.15295496284278898	1.627178030616533E-5	0.02454941484537987	0.09822847316086489	2.60722581934066E-4	2.0332892012975623E-4	3.0115588442841137E-4	8.770272322234336E-5	1.0394369502515096E-4	1.4412292489283119E-4	0.1941980635602316	0.0065503192531798015	0.07893463419886547	0.38699439965357085	5.673158097220437E-4	0.00644306320126955	1.443327887216142E-4
14	14	6.943376794231076E-4	4.201784404349018E-4	1.272552012113061E-4	0.019657118585440315	2.3442229133919253E-5	0.17062200840909844	0.1458776405223279	0.23598015460544408	2.9292941801998797E-4	4.338655706360538E-4	1.263504849968925E-4	1.497483293135763E-4	2.076332500327733E-4	5.398770655671768E-4	0.053067304073462274	2.7935894727599116E-4	0.36991932870632227	8.173135915410606E-4	5.562192962350527E-4	2.0793559408294397E-4
15	15	0.10260760470962949	3.927603316179879E-4	1.1895135546729673E-4	0.09994128302239721	2.1912541916651364E-5	4.3295025482215625E-4	0.022165011674469225	0.02889950544784102	2.738147517590673E-4	4.055543288329305E-4	1.1810567514151546E-4	1.399767285050698E-4	1.94084456245268E-4	0.03313139219935498	0.29430505734991746	2.611298015647934E-4	0.4110342902238224	7.639810289107146E-4	5.199240470679249E-4	0.004272710070716878
16	16	0.05825792718932308	2.6515564346737925E-4	8.030501214395937E-5	0.1831106841386111	1.4793332432479062E-5	0.09390523622750083	0.14161658884786923	2.3703342563834325E-4	1.848545304828617E-4	2.737929733883335E-4	7.973408658733178E-5	9.449940976554717E-5	0.0028843499711622626	0.18756658813202245	4.4851569270880386E-4	0.03596947683636242	0.2912591491907236	5.157697074019208E-4	0.0031043268868956035	1.3121876551249872E-4
17	17	8.237189645763455E-4	0.005674520704041111	0.39353055332736536	0.18377744340341914	2.781040015802832E-5	5.494807439923203E-4	0.007426634555247653	0.005621652958742585	3.4751321159159E-4	5.147110825190827E-4	1.4989434357333496E-4	1.7765208834943656E-4	2.4632315197227873E-4	0.03687280677587417	8.431772184069557E-4	3.314140505618355E-4	0.33015225426023564	0.02684984582544557	0.005835911099810623	2.4668183411690804E-4
18	18	0.02448071190718075	0.0010919103942863947	3.3069587479503116E-4	0.11911165769268489	6.0918912522203744E-5	0.0012036421333635635	0.07295897635925479	9.761031591230656E-4	7.612305762219228E-4	0.0011274789011310588	3.283448045274202E-4	0.011727322711985313	5.395729102035551E-4	0.2621809788771528	0.0018469866998307184	7.259652302765368E-4	0.17896888682279813	0.04747663594192186	0.0014454373966286658	0.2726565426941113
19	19	0.0011113351136257659	0.007655880685763666	2.0368068403710775E-4	0.33873024259304924	3.752089674843933E-5	7.41341733432043E-4	0.003036420046017972	6.01196973697342E-4	4.688536395288974E-4	0.06354463789138619	2.022326236383407E-4	2.3968247944032494E-4	0.20983301882169805	0.03578089155826217	0.07097115008123706	0.06329733943572631	0.20101332588920992	0.0013081665017485996	8.902671612115508E-4	3.3281519054101773E-4
20	20	0.052782960058370604	3.3532275993566186E-4	0.0035834788140312675	0.0922896392472248	1.8708035005541517E-5	0.08393578717920028	0.08856204331030153	0.0037816816638217903	2.3377187276706E-4	0.02123778372850199	0.010546602798411336	1.1950642453051428E-4	1.657013967288209E-4	4.308480641333607E-4	0.004049127668531253	2.2294197940367556E-4	0.37877970480735557	0.13992917569351268	0.11882927181629795	1.65942681934336E-4
21	21	0.0011947701710610227	7.230151582320338E-4	2.1897229982673636E-4	0.09388579721836249	4.033783120578302E-5	7.969990138955885E-4	0.055817874862327775	0.05319982396929351	5.040534904678246E-4	7.465670629844185E-4	2.174155242429099E-4	2.5767698100258047E-4	3.5728150871161947E-4	0.1360665336131325	0.0012229935606605372	4.807023255625082E-4	0.4188110095026867	0.05395987023581431	9.57105229061373E-4	0.18054120044146788
22	22	7.194496196733218E-4	0.18126914641131023	1.3185760880641517E-4	0.006805519902454607	2.4290058475158397E-5	4.799254712879062E-4	0.24157044704462236	0.16766043799661765	3.035237243076141E-4	4.495570801267816E-4	1.309201719429672E-4	0.009196852814369091	2.1514267077040765E-4	0.00508024695375913	0.0911533305171351	2.894624536825368E-4	0.28383953586276633	8.468731713891825E-4	0.009618024516879712	2.154559496235537E-4
23	23	0.006770774845669003	5.625305913620395E-4	0.671908675456728	0.1898704238455384	3.138421620085737E-5	6.200925685955885E-4	0.008381005062933811	0.006344071673216632	3.921709038083108E-4	5.808547810518628E-4	1.6915673486392089E-4	2.0048152912618204E-4	2.7797726795897803E-4	7.227818843869463E-4	9.515309369067903E-4	3.7400289660456063E-4	0.10388362832965703	0.0010942110630472873	0.0065858633692678645	2.783820430758576E-4
24	24	0.0038863294624540833	0.0028932076084279756	2.7253461210038776E-5	0.06961832409898573	5.0204775623846726E-6	0.014115298034399804	0.13963291006339792	0.5756750697624903	6.273488592447164E-5	9.29183120780016E-5	2.7059703720985953E-5	3.207067566094162E-5	4.446753195011816E-5	1.1562213979916585E-4	0.03379086173600397	5.982858194237064E-5	0.09510825667267982	0.019797583100610777	1.1912205450090686E-4	0.04489606163620031
25	25	0.07390155799083978	1.4477486964759585E-4	4.3846502805514014E-5	0.0037663466196994843	8.077153277068346E-6	0.003166214530430902	0.011176841128697214	0.01365923402760828	1.0093049578149469E-4	1.4949084814632716E-4	0.1699178645673204	5.1596637928111674E-5	7.154121633867752E-5	1.8601771121886965E-4	0.043840956316462	0.0316658204260785	0.3138685760371175	0.22878513329984046	0.10542353423006234	7.164539069947261E-5
26	26	6.437786239093083E-4	3.895826284471378E-4	1.1798895659700297E-4	0.03845249311877509	2.1735254272445846E-5	4.294473873306732E-4	0.09075656982232563	0.012484302911377233	2.71599400729838E-4	0.01658365863037399	1.171501184109095E-4	1.3884421980139443E-4	1.925141785405858E-4	0.3443550074868996	0.04920314279843677	2.5901708057024297E-4	0.3915273525513982	7.577998931324705E-4	0.05310522043163606	1.9279450703540082E-4
27	27	0.17269234755529644	0.003371192865292895	8.96888153051698E-5	0.13378131338097882	1.652196326060074E-5	3.264426478246085E-4	0.25964153100298115	2.6473126104655236E-4	2.0645515641140938E-4	3.0578623633178357E-4	8.905117594201797E-5	1.0554185701031934E-4	1.463388532346057E-4	0.003455555844405591	5.009256589453876E-4	0.015572156999803292	0.22996671941922822	0.08052742289871083	3.920205166809711E-4	0.09854825589130933
28	28	6.913214115867747E-4	0.009106540250673336	1.2670239271222157E-4	0.006539445566297057	2.3340393897485972E-5	0.27413905569878844	0.15827621506174192	0.10463222816695548	2.916569052238748E-4	0.05256110344616224	1.258016066696817E-4	1.4909780856173056E-4	2.0673127177005325E-4	5.375317890875869E-4	7.076521118421825E-4	0.0089663324905667	0.28143049348867727	0.10072791480879996	5.538030275765875E-4	2.0703230240938497E-4
29	29	0.028019255526602362	0.003764810632947317	1.0016080924756427E-4	0.015471846229088444	1.845105440304447E-5	0.0037986518213550748	0.001493171973878869	2.956410701750285E-4	2.305606944315081E-4	0.00377558358386936	9.94487196251952E-5	1.1786483935232627E-4	1.6342526004459076E-4	0.24767969723410668	0.3061937786697089	2.1987956455507868E-4	0.23621288467175783	0.08649564603930518	0.06568557837467986	1.636632308658069E-4
30	30	0.0036840117905321216	0.0022293797017838486	0.02382461283363705	0.034848326937371894	1.243796082008221E-4	0.002457505079513622	0.2184103653309446	0.0019929332857191273	0.001554222767625066	0.0023020007772834336	6.70389480885938E-4	7.945335924474996E-4	0.0011016589822156557	0.0028644757931614155	0.48990892258439145	0.0014822206630215927	0.06446257816919541	0.02748591960333823	0.002951184281334017	0.11685037873739722
31	31	0.10681326851615407	7.817025869274075E-4	2.3674636871869086E-4	0.29631550181341765	4.361206904943231E-5	8.616917416561723E-4	0.068465673897148	6.987957698609323E-4	5.449677132799986E-4	8.071662091798452E-4	2.3506322903996227E-4	2.7859272429903696E-4	3.862821912394393E-4	0.001004390654455827	0.0013222644356469951	5.197211250080604E-4	0.3310504680208292	0.09080797391896754	0.09843927234112865	3.868446739929949E-4
32	32	5.427757009469765E-4	3.284607105282659E-4	0.034206166353618284	0.06311567182537874	1.832519352902513E-5	0.04129009758685636	0.09698171511374387	0.09238168409529822	2.2898796206175973E-4	3.3916017551345183E-4	9.877034631932785E-5	1.1706084347366334E-4	0.25937314517175925	4.2203118363371523E-4	5.555973887025153E-4	2.1837969177982263E-4	0.4085457095562352	6.38908085631722E-4	4.348061862998002E-4	1.6254682868999405E-4
33	33	0.02595195060913713	0.013177106378135123	3.5056999330189783E-4	0.11425044041310446	6.458000955743629E-5	0.001275978464783337	0.3177351454600683	0.0491130628512245	8.069789143052504E-4	0.0011952379843338924	3.480776287131967E-4	4.1253536440730295E-4	5.720000941444703E-4	0.01350685907831112	0.06205585913212402	7.695941960969396E-4	0.3459790045566325	0.014271157276943214	0.0375910285856435	5.728330090323042E-4
34	34	4.405913410685891E-4	0.07501794680623741	0.27140036634207626	0.17858745768878406	1.487524511176183E-5	0.03351671682594931	0.006740930688268497	2.3834591172369483E-4	1.8587809497980793E-4	2.753090020533687E-4	8.017558499158538E-5	9.502266575806047E-5	1.3175348939492503E-4	0.00587971353353941	0.04197951194031263	1.772669651488627E-4	0.2707233502933599	0.11402989379269057	3.529484470150633E-4	1.3194534153614755E-4
35	35	5.017078745473149E-4	3.0360851575324206E-4	9.195084526863215E-5	0.04572974026942378	1.6938661550387926E-5	0.08230250375741523	0.23466382866833085	0.1263757586937454	2.1166213510016675E-4	3.134984312876802E-4	9.129712408590868E-5	0.252316905074366	1.500296464478852E-4	3.900992026064247E-4	5.135594399374337E-4	2.0185651423967427E-4	0.07498363306837251	0.10777926471001366	0.03192799528520859	0.04113416208229926
36	36	0.4357944896055756	0.010781091747586707	1.0155581814758592E-4	0.005241564350132756	1.8708035005541517E-5	3.696352779919197E-4	0.25917627010860195	0.017709373647356516	2.3377187276706E-4	3.4624575319990123E-4	1.0083381076029182E-4	1.1950642453051428E-4	0.010611470384379866	4.308480641333607E-4	5.672046726475726E-4	0.03156024894235681	0.22557509298847356	6.522558581654247E-4	4.438899562527788E-4	1.65942681934336E-4
37	37	0.38778867160896696	0.0036760551580708642	0.001113329704208475	0.019290485017728072	2.050912636907986E-4	0.04222361960162653	0.01659723722780697	0.0032861753781990907	0.0025627795108871263	0.0037958010582247476	0.0011054145272585507	0.001310117477269643	0.0018165407986663403	0.0047232739251167255	0.006218115534323012	0.0024440542404418233	0.4880072939717986	0.007150509295137013	0.0048662487557121475	0.0018191859448665867
38	38	0.003033217445258699	7.02334203148435E-5	0.0036677182874984083	0.009849320481644828	3.918401739449793E-6	0.08540428936101392	0.34527102510022945	0.002250652954438794	4.896356632930991E-5	0.0015311002037644618	2.1119662185870606E-5	7.543201250840383E-4	3.470619126910695E-5	9.024121472076908E-5	0.0015773800944132788	4.669524296020292E-5	0.27843151434198304	0.20725482748304339	0.06062399969360369	3.4756728504509475E-5
39	39	5.619416706164401E-4	3.4005899690072496E-4	1.0299023440975706E-4	0.10771758862635653	1.8972275008080982E-5	0.04981029973264732	0.20280822973404103	0.03208392059455641	2.370737631171329E-4	0.0038822393834222354	1.0225802909233317E-4	1.2119438256095797E-4	1.680418315996904E-4	4.369335398942837E-4	5.752161053873764E-4	2.2609090387309906E-4	0.2428856210897762	0.3290540580416846	4.5015964107711945E-4	0.028417111423978746
40	40	0.015835768054649185	0.001315669797254012	3.98463625606076E-4	0.25281374755749	7.340270200413584E-5	0.015111944367492976	0.019601841039856148	0.0011761307999103147	0.028240517996335236	0.0013585271694649711	3.956307629842862E-4	4.6889448650244144E-4	6.501447234919082E-4	0.1929535194875439	0.0022254798833426736	8.747334326417946E-4	0.46155366341341136	0.0025591860595293296	0.0017416432122240666	6.51091428265188E-4
41	41	3.823677411451136E-4	2.3138983510221872E-4	7.007870273807108E-5	0.0012142424298215257	1.290949989749983E-5	0.024282114718804843	0.16923404800288863	2.0684879474917842E-4	1.6131453499155723E-4	2.3892725848117437E-4	6.958048075540393E-5	0.004887875036852688	0.38935251182058606	2.9730717513197334E-4	3.9140020110269794E-4	0.0049592508539621485	0.39833151787510473	0.0052554993628102665	3.0630674696990076E-4	1.1450892810429338E-4
42	42	0.0046535560278869745	0.002816099388266775	8.528835842077094E-4	0.044019577325445876	1.5711336130266632E-4	0.003104261936871171	0.15892357448692002	0.0025174259020477414	0.001963257215285978	0.0029078326027237016	8.468200394543704E-4	0.0010036359270062755	0.0013915894109082097	0.0036183376579468638	0.5311158917528797	0.001872305870135792	0.022943993952972794	0.09320316039767103	0.003727865756863804	0.11836081740320269
43	43	8.02938721061767E-4	4.858983598021628E-4	1.471591295376033E-4	0.0025498026081907815	2.710881756448086E-5	0.03080843427755196	0.09805772669761094	0.10638921848828894	3.3874637548369417E-4	0.08627470346568	1.4611290707027493E-4	1.7317039760837976E-4	0.17178606342822816	0.015760726729889415	8.219060947859849E-4	3.2305335356323014E-4	0.4832784048979843	9.451492398390766E-4	6.432173041795982E-4	2.4045870607929064E-4
44	44	7.949172598864124E-4	4.8104417264430903E-4	1.4568899089162553E-4	0.2023269040940292	2.683799698764318E-5	5.30267902232132E-4	0.0021718945736988364	4.300249718775867E-4	3.353622555901593E-4	0.04545229320460831	1.446532203214125E-4	1.714404030462798E-4	2.3771035199255758E-4	0.33528739398853863	0.03577914565697275	0.025295147801740824	0.2586675596505491	0.010925835794381084	0.08055782121735676	2.3805649265441002E-4
45	45	7.066706281844164E-4	0.01818981872660873	1.2951553061969003E-4	0.006684639053354245	2.385861415712539E-5	4.7140095011895787E-4	0.1529092892445551	0.08475262711009132	2.9813248219205207E-4	0.022644293220624733	0.05785567000228807	0.02235512943857247	2.1132126857142703E-4	5.494664575652862E-4	0.009604452415596588	2.843209703446953E-4	0.5585522155733997	8.31830860220433E-4	0.058293174219439234	0.004652173233495697
46	46	4.7195037664719055E-4	2.856007661676116E-4	8.649701999737277E-5	0.2239202181964497	1.593398888908799E-5	0.006246065342301669	0.025014435474835107	0.0862582894648945	1.9910794597873403E-4	2.9490408708059997E-4	0.4182382987257385	1.0178589253653837E-4	1.4113102811713326E-4	0.04485126112679927	4.830989972558909E-4	1.898839200203124E-4	0.07350179384222846	0.059867938233304684	0.05969046903544626	1.4133653531137573E-4
47	47	0.0017066322212026348	1.4179068932483027E-4	4.294271424598846E-5	0.25545637898811685	7.910662490842387E-6	0.15622280634253047	0.25240784551135775	1.2675247026534188E-4	0.0015711755946653005	1.4640945944566593E-4	4.2637414584367845E-5	5.0533099262867313E-5	0.17380447964343643	1.8218341045343666E-4	0.02379705013537175	0.04720868776211558	0.07918848411917408	0.007637433012445799	1.8769815354474122E-4	7.01685959652577E-5
48	48	6.310152476721874E-4	3.8185887143246276E-4	1.1564974030596154E-4	0.04165528913268007	0.015881882198056807	0.06782838919150186	0.11671326652633204	0.05585338170589673	2.662147464270262E-4	3.9429775831669074E-4	0.008045116463142949	1.3609153285302448E-4	1.8869744589299802E-4	4.906411827231571E-4	6.459213690415136E-4	2.5388187985313373E-4	0.45117249588545727	0.008673064893322585	0.2304838720124186	1.8897221667291475E-4
49	49	0.487761453196932	4.009361064324153E-4	1.2142746982478594E-4	0.05206281715874234	2.2368677615448185E-5	0.033747871221942026	0.14336032147522168	0.00452165168374041	2.7951453244218335E-4	0.004577234999850031	1.205641856542373E-4	1.4289051108286533E-4	0.004361363129608507	5.151530582973764E-4	0.05480029232671102	2.6656552987812615E-4	0.1656329062778434	7.798842053571173E-4	0.04632637119908899	1.9841305373506678E-4
50	50	0.15322475704277783	5.865121455521048E-4	1.7763101081020699E-4	0.1614235619959267	3.272217415921699E-5	6.46528079419321E-4	0.027008967037964047	0.11014830723658622	4.088897595040946E-4	0.006695839754484088	1.763681496137061E-4	0.19509613974555498	0.08555293909874184	7.535952004877721E-4	0.06798454071679526	0.02475083614401214	0.16312434908291992	0.001140858982834727	7.764067392287949E-4	2.902499026271048E-4
51	51	4.0680345604202306E-4	2.4617710775149505E-4	0.043530854194235774	0.13932948955029684	1.3734498517969932E-5	0.041171411886711515	0.11869910670445075	2.2006773984146856E-4	1.7162355314768156E-4	0.36579834173754905	7.402711316491903E-5	8.773560719316837E-5	1.2164963274461561E-4	3.1630698235047324E-4	0.19469162335233847	1.6367279005016132E-4	0.09403081218705497	4.788534506513729E-4	3.258816836984563E-4	1.2182677220883906E-4
52	52	0.008141628639529013	3.6314013136660083E-4	1.0998058452767393E-4	0.16027807750497702	2.025999753439583E-5	4.002991131096208E-4	0.016722654275146846	0.09459394811577666	0.007794710676230627	3.7496926342328986E-4	1.09198681570893E-4	1.2942031943042096E-4	1.7944748810751342E-4	0.1286728683475855	0.20423599458530917	2.4143657801013667E-4	0.22543426233490255	0.012018683733823652	0.1399993108400277	1.7970878961071107E-4
53	53	0.07389548796200462	0.0025190944219328558	6.701918382393996E-5	0.07469104439356795	1.234589273062633E-5	2.4393141717939557E-4	0.037764011895074334	1.9781812244541543E-4	1.542718122862636E-4	0.13120347684825218	6.654271337946985E-5	7.886523076514382E-5	0.19542291822108918	0.00947555396087315	3.743123231671683E-4	1.4712489911719687E-4	0.41081251708461436	0.06247122005093718	2.9293390687348635E-4	1.0950965988608138E-4
54	54	8.930565035271329E-4	0.006152180339504114	1.636755262134614E-4	0.05895345160592495	3.0151374188152824E-5	0.20823038051431988	0.15395720780667704	0.03976534561461664	3.7676555599650235E-4	5.580375096955217E-4	1.6251188102600763E-4	1.9260616750184888E-4	2.670577008643792E-4	6.943893998529643E-4	9.141526793808061E-4	3.5931122863820555E-4	0.45895466878880226	0.0010512280119283001	0.0063271559668079125	0.06199666582453395
55	55	0.0082319702354313	0.06829252390383467	3.898246737957537E-5	0.002011988234884329	7.1811283453956605E-6	0.04157478921387748	0.0433505897737049	0.0335286952016575	8.973394701188555E-5	0.017507996007313675	3.8705322948695966E-5	4.58728547599338E-5	6.360491609987472E-5	0.001501927442396235	2.1772300250581285E-4	8.557686401592281E-5	0.5570515308428265	0.06306799837752164	0.1632289127294252	6.369753405938441E-5
56	56	2.1764368427571118E-4	0.0014993264033462022	3.988879137005376E-5	0.00205876601290644	7.348086194286122E-6	1.4518424208255956E-4	0.010167987306453389	1.1773831558692118E-4	9.182021897987803E-5	0.0015036167040635925	0.6729083154510347	4.693937700891906E-5	6.508370041622833E-5	1.6922721766104637E-4	0.10279423469254251	8.756648576388264E-5	0.0024406944890689856	2.561911106702503E-4	0.2053172492388748	6.517847169963708E-5
57	57	8.782706056786128E-4	5.314854490980038E-4	1.6096563092538407E-4	0.02486437069103761	2.9652172696446777E-5	0.2378958299647889	0.17900239525546222	4.7511648264100326E-4	3.7052763375776035E-4	5.487983567624064E-4	1.598212516397021E-4	1.8941728179704785E-4	2.62636157693207E-4	6.828927356522438E-4	8.990175025113789E-4	3.5336228912375377E-4	0.528619689457591	0.006552659608662847	0.017260072878546327	2.6301859393415436E-4
58	58	0.012048935333267103	5.37417285100271E-4	1.6276214619456272E-4	0.10884834703882908	2.9983116517852865E-5	5.924094970881664E-4	0.06939159166926594	0.006060850427434528	3.7466304171951967E-4	5.549234197460742E-4	1.6160499464905955E-4	1.9153134202865376E-4	2.655674037289087E-4	0.0062709456426301895	0.7040433869324724	3.573061170348003E-4	0.04344159242417368	0.03452794911673617	0.006291847708021556	0.005846385343361614
59	59	0.08236155200853702	4.908515122204447E-4	1.4865924079263658E-4	0.03825410717099105	2.7385159524826108E-5	5.410787958657213E-4	0.0022161743068691638	4.387921520353642E-4	3.4219948948390285E-4	0.010700644323027253	1.4760235333902133E-4	1.7493566261984845E-4	2.4255669724592278E-4	0.08727801323367194	0.38819481881157253	3.2634649598109564E-4	0.2843287792909466	0.041729998049452835	0.061812595350935334	2.4290989488758073E-4
60	60	0.04355030143918981	3.449309438178312E-4	1.0446575177467815E-4	0.05553544750658321	1.9244086421919555E-5	3.8022663695891785E-4	0.015884118619879446	3.0834781471232754E-4	2.404702643121373E-4	3.5616691949891174E-4	1.0372305632033266E-4	1.2293070656317466E-4	1.7044932821312658E-4	4.4319338607412095E-4	0.00774684192064674	2.2933005617358025E-4	0.5185740108466446	0.1833372583757598	0.17237784481336157	1.7069752709376198E-4
61	61	0.13164930280842826	2.4307036133420395E-4	7.361626576573792E-5	0.036611438461898405	1.3561169631081448E-5	0.022983879498033443	0.25349674725416477	0.04312517057657468	1.6945766996002723E-4	2.5098827278196596E-4	7.30928936076738E-5	8.662838692477775E-5	1.2011441866989497E-4	0.0028363081454979115	4.111580280364729E-4	1.6160724521237861E-4	0.193803864498019	4.7281033699305347E-4	0.3132968943858259	1.2028932264032754E-4
62	62	0.10419939271387436	2.3250712705909506E-4	7.041708567041979E-5	0.05674915459094378	1.2971834876028167E-5	2.5629884640720774E-4	0.1000363257824196	2.0784758752052346E-4	1.6209346044605567E-4	0.007483000387614905	6.991645796662956E-5	8.286373235752244E-5	1.1489454432049162E-4	0.055827791810798805	3.9329012118677874E-4	0.0025688906762881417	0.19745316223264556	0.21049692698832265	0.26346719217188275	1.1506184739871675E-4
63	63	0.05964868685491849	0.0026605035600829616	8.057598469624646E-4	0.48360539877692366	1.4843249454331626E-4	0.00293274447943362	0.012012063702356088	0.002378332456073314	0.001854782836283936	0.002747168308016704	8.000313267013565E-4	9.481827835880371E-4	0.0013147009645045646	0.0034184163601110543	0.36363991790641625	0.00176885675761832	0.04930241179156855	0.005175100649496729	0.0035218927850951126	0.001316615359305536
64	64	0.07298810355596085	3.486775106010644E-4	1.056004366227595E-4	0.0525180657664266	1.9453111608712047E-5	3.843565780780397E-4	0.012436052551799978	3.1169702330317487E-4	2.4308220134119945E-4	3.600355290678632E-4	0.010966637665018198	1.242659538354293E-4	1.7230071267936042E-4	0.02941277523427354	0.007830986475187436	2.3182099062366747E-4	0.158526456118064	6.782329626050956E-4	0.6521688480154595	1.7255160744361685E-4
65	65	0.03454370335621292	0.16128995618286282	1.2348384057817404E-4	0.11645064300269044	2.274749053567742E-5	4.494472554323886E-4	0.06534700933107086	0.09774056954678433	0.00451799100402909	0.025823464849181743	1.2260593671471125E-4	1.4531035783048736E-4	2.01479789444529E-4	0.013225105863462745	6.896760092131971E-4	2.7107980955712915E-4	0.35895632538356514	0.051598006333235226	0.06827962148443252	2.0177317316586734E-4
66	66	0.0033018340259082604	0.0019981048309717507	6.05145832907119E-4	0.21796438600288967	1.1147652229074257E-4	0.002202564582239958	0.029769272928072802	0.022534099394653107	0.0013929883805405823	0.002063192228004198	6.008435706663261E-4	7.121090266357025E-4	9.873733634011286E-4	0.5627609439082831	0.0033798314101444148	0.12581592853717577	0.01627943436592893	0.003886630246870265	0.002645029720555481	9.888111218606924E-4
67	67	0.03341203947669591	3.9436870245483706E-4	0.03697483440735503	0.1863464708351263	2.200227473980789E-5	4.347232051626189E-4	0.0017805584052499063	0.020827762207181803	2.749360352135703E-4	4.0721509165122654E-4	1.185893230770935E-4	1.4054993936635422E-4	1.9487924063203298E-4	0.35268049819537634	6.670819804216767E-4	2.6219913959019646E-4	0.20387025006025708	7.671095648342485E-4	0.16022876890261464	1.9516301299940463E-4
68	68	7.293413355029918E-4	0.3029194529079192	1.3367051962133103E-4	0.006899089024054549	2.4624022590715838E-5	0.02340153093869999	0.18072978061502026	0.014143554663117338	0.05530371360150312	4.557380423015195E-4	1.3272019393452706E-4	1.5729759413553554E-4	2.1810066825056956E-4	5.67093896352209E-4	0.07407459246354368	0.004876443668188821	0.27399304264631735	8.585168341642869E-4	0.06016327811040604	2.1841825437597767E-4
69	69	0.052857785155009246	5.010670707761342E-4	1.5175312385371084E-4	0.09628300672779791	2.7955097059330675E-5	5.523396802366465E-4	0.1271337700888719	0.09930450701338324	3.493213152000675E-4	5.173891129783097E-4	1.5067424055124846E-4	1.7857640826385662E-4	0.3488471334375422	0.04747061125954743	8.475642509580499E-4	3.3313839058901477E-4	0.15496877583321964	9.746547842747997E-4	0.06830201169560461	2.479653142826544E-4
70	70	0.31414479697987613	2.961396169324669E-4	8.96888153051698E-5	0.0015540237014804222	1.652196326060074E-5	3.264426478246085E-4	0.013637271134146924	2.6473126104655236E-4	0.003281508404771837	3.0578623633178357E-4	8.905117594201797E-5	1.0554185701031934E-4	1.463388532346057E-4	3.8050259604516316E-4	5.009256589453876E-4	1.9689075800115088E-4	0.13464006872005496	0.059002050160187836	0.4708751675158265	1.4655194377563078E-4
71	71	0.07850139604978826	0.0010559913521396638	3.1981743721749015E-4	0.19194979725588507	5.891494864580152E-5	0.001164047609175412	0.03766335238202508	0.011909192010429477	7.361894434570269E-4	0.36294193521470275	3.175437068053052E-4	3.763471076450878E-4	0.06631301341151416	0.001356817622216396	0.0017862289733150479	0.03359767920867938	0.2059771938343478	0.0020540703701033554	0.0013978888733783704	5.225831885289972E-4
72	72	0.0012511283087757643	7.571202847613482E-4	2.293013750985014E-4	0.01969663265563968	4.224059468387575E-5	8.345940102150493E-4	0.12134510093005339	0.01640038519725065	5.278300432471381E-4	0.1737409931791393	2.2767116533053698E-4	2.6983178293270044E-4	3.7413472530391055E-4	9.728054518819841E-4	0.009142465289327946	0.0633976355804019	0.3520870103119232	0.23732618704783645	0.0010022525466070042	3.746795195897006E-4
73	73	0.03336695236242	6.16069891320029E-5	0.0012980870508168918	0.009279290486296651	0.7279984039178112	0.02309762879206792	2.781530117332006E-4	5.50729959440571E-5	4.294960839428713E-5	6.361381004522708E-5	1.852563627008092E-5	2.1956251936696878E-5	3.04433977263841E-5	0.0013585860870994	0.10245851049668003	4.0959892209001076E-5	0.10029738270049149	1.1983534780935396E-4	8.155343739839544E-5	3.0487727717693767E-5
74	74	4.5185013964122844E-4	0.017309327320584416	8.281313565637914E-5	0.10648954621563242	1.525536467567739E-5	3.0141706283379394E-4	0.06937811810072476	2.444365639008365E-4	1.906279932083294E-4	2.823442029536758E-4	8.222437868706397E-5	9.745085931041331E-5	1.3512029636562515E-4	0.1536743446079474	4.6252394355814774E-4	1.8179681598377373E-4	0.41108917686959434	0.23903434144417068	3.6196763350617925E-4	1.3531705106487006E-4
75	75	3.8986151811435115E-4	0.11782602704111557	7.14521297092896E-5	0.09922979153421102	1.316250479986565E-5	0.09335223048035532	0.15540219958150006	0.2598890453727503	0.007513857430455763	0.14968103157119073	7.094414339763356E-5	8.408172670361884E-5	0.005016170949763214	3.031339053240151E-4	3.990709993870783E-4	1.5685639208624564E-4	0.046018470096734404	0.0029087046819083777	0.06155715482629298	1.1675311420019724E-4
76	76	0.059906630527638935	7.070894360131584E-4	0.110348231549469	0.44424685603023717	3.9449317199705956E-5	7.794436628638672E-4	0.010534751770254031	6.320960363474311E-4	4.929507967258645E-4	7.301225672812789E-4	2.1262655238562476E-4	2.5200117742512826E-4	3.4941173447950585E-4	9.085220303383871E-4	0.001196054905916175	4.7011398364503617E-4	0.3655323032422363	0.0013754009032221955	9.360232478072914E-4	3.4992052851400186E-4
77	77	6.943376794231076E-4	4.201784404349018E-4	1.272552012113061E-4	0.006567977474897715	2.3442229133919253E-5	4.6317397204462333E-4	0.0935210760801575	3.756146156772792E-4	2.9292941801998797E-4	0.004796912607483587	1.263504849968925E-4	1.497483293135763E-4	0.16600342065023904	0.01799206521295731	0.402111067021265	2.7935894727599116E-4	0.21721268241665864	0.005180360628388594	0.08345411299633819	2.0793559408294397E-4
78	78	0.12420954905302993	6.587241184068464E-4	1.9950112181824482E-4	0.11973768603270983	3.6750961576584435E-5	0.01440624246681667	0.2560562062361933	0.0347891432887843	4.5923268324030625E-4	6.801817704604396E-4	1.9808277586472295E-4	2.347641542671354E-4	3.255117740886973E-4	8.463786092778159E-4	0.0011142440734345158	0.17143937281641347	0.2721291208663642	0.00128132270302248	8.719987279073095E-4	3.259857663232776E-4
79	79	0.043012806433838605	0.021839758195334784	5.810352944374683E-4	0.010067505250015657	1.0703501607356871E-4	0.022036071753684886	0.04850445281060478	0.001715021050123287	0.0013374882050284176	0.0019809894383979207	5.769044451910686E-4	6.837368043586289E-4	0.12047561136071719	0.062228816688602154	0.5411192688970996	0.0012755267104149252	0.11523713512030913	0.0037317770809246332	0.002539645055631893	9.494143892114568E-4
80	80	0.009112910582864025	7.571202847613482E-4	2.293013750985014E-4	0.6250538677604357	4.224059468387575E-5	8.345940102150493E-4	0.0034183668187294973	6.768206490741301E-4	5.278300432471381E-4	7.817831491975527E-4	2.2767116533053698E-4	2.6983178293270044E-4	0.18905690930342214	9.728054518819841E-4	0.0012806830152396877	5.033773876958301E-4	0.15554245345971662	0.0014727188251886505	0.0010022525466070042	0.00823646179367796
81	81	8.02938721061767E-4	4.858983598021628E-4	0.010238097621049064	0.21445951092993143	2.710881756448086E-5	5.356188030175792E-4	0.24942180407028286	4.3436432741861736E-4	3.3874637548369417E-4	0.005547195533588315	1.4611290707027493E-4	1.7317039760837976E-4	0.3483774870296787	6.243189926222262E-4	8.219060947859849E-4	3.2305335356323014E-4	0.1654138424153733	9.451492398390766E-4	6.432173041795982E-4	2.4045870607929064E-4
82	82	8.070104675568279E-4	4.883623771568921E-4	1.47905381591706E-4	0.3423234243836542	2.724628787200004E-5	5.383349554793656E-4	0.017418101259744773	4.365670128556922E-4	0.005411519275315845	5.042705694824478E-4	1.4685385367260075E-4	1.7404855423604597E-4	0.11180453884141965	0.16797230319245765	8.260740258782714E-4	0.005395746673216564	0.3335974833681077	9.499421437104147E-4	6.464790945692715E-4	0.010383788282022133
83	83	0.052209678336190474	0.09991350154696527	1.0754736440805113E-4	0.001863455914242963	1.981176356804701E-5	3.91442860344021E-4	0.14172251224766205	3.174437002551795E-4	2.475638446661385E-4	3.666734104786993E-4	0.029605566629907192	1.265570129070148E-4	1.7547737610679835E-4	4.5626705198234264E-4	0.059598236107876394	2.3609501393544017E-4	0.2757569546542798	0.22930631235647864	0.1074031699111929	1.7573289655257028E-4
84	84	0.04585582481900872	2.573610667076105E-4	7.794434739187289E-5	0.18307268944079125	0.0026867431737478027	0.027007543106582484	0.059954438197869456	0.02695391263155952	0.0028518052133992616	0.002938129201220709	0.021456467881252668	9.172148321064427E-5	0.002799560950803256	3.3067697938411885E-4	0.011124869859616467	1.7110853329563696E-4	0.3014039206926012	0.16084369059420578	0.14464946097999784	0.005472130847353683
85	85	4.430445385044025E-4	0.025323953650418656	0.18382406446414562	0.001406926942481212	1.4958069965007388E-5	2.9554308339172625E-4	0.31301657259337984	0.18676652100024474	1.8691305782059456E-4	2.7684191310935E-4	8.062199989170384E-5	0.16435053728920337	1.3248708829307674E-4	3.4448596475716576E-4	4.5351033261528364E-4	1.7825398151487409E-4	0.09683981183443952	5.215132833904995E-4	0.025410758903772902	1.3268000866042409E-4
86	86	0.001679432830956636	0.16096303516743035	0.1347862754007853	0.019567388244408363	7.784586589122225E-6	0.03637531863069304	0.33821444918569965	1.2473235728460727E-4	9.727464082237355E-5	0.005939517658932971	4.195788230790383E-5	4.9727729793033934E-5	6.894988545787483E-5	1.792798688375529E-4	2.3601911620711906E-4	9.27682219166331E-5	0.22136359995078422	0.07995873163371991	1.8470672090723997E-4	6.905028646602187E-5
87	87	5.59964378656137E-4	3.388624386887971E-4	0.2569661434902026	0.022890285968842967	1.8905517675774612E-5	3.735371608828045E-4	0.3006176051200271	0.04604574078553695	2.362395768121805E-4	3.4990073545103194E-4	1.01898215984722E-4	1.207679385173817E-4	1.6745054645393462E-4	0.010991431000863127	5.731921049615463E-4	2.2529536271660225E-4	0.3546286902146617	0.004177819390272016	4.4857567411809624E-4	1.6769437867449746E-4
88	88	4.7195037664719055E-4	0.07739172014901831	8.649701999737277E-5	0.0697079794307483	1.593398888908799E-5	0.02997102515240958	0.2118484939794349	0.03287712989215172	1.9910794597873403E-4	0.13671342299520106	0.0030515020488501056	0.0030674058688000268	1.4113102811713326E-4	0.02705754126921834	4.830989972558909E-4	1.898839200203124E-4	0.3789606513973678	0.012418018613088866	0.015206169391493923	1.4133653531137573E-4
89	89	0.06965477926714925	0.0833236493573671	8.074967184011442E-5	0.03185337928549309	1.487524511176183E-5	0.039053851860035765	0.11471506385295431	0.08052680390597726	1.8587809497980793E-4	2.753090020533687E-4	8.017558499158538E-5	9.502266575806047E-5	1.3175348939492503E-4	0.025259686152841992	4.5099918466423935E-4	1.772669651488627E-4	0.3593175108387432	5.186255939182965E-4	0.1941526746400409	1.3194534153614755E-4
90	90	7.717865198598339E-4	0.01986591253687565	1.4144968908865515E-4	0.017000025498807598	2.60570569294993E-5	0.2284515127016755	0.307640834554977	4.175119767127082E-4	3.256037844382165E-4	4.8226044584878826E-4	0.014689593506192295	1.6645177895541284E-4	2.3079338511936126E-4	6.000968317496785E-4	7.9001800250416E-4	3.1051961617433816E-4	0.3675339692729712	0.010607912558736375	0.029716560828707012	2.311294536767747E-4
91	91	5.782773255284489E-4	3.4994451832326027E-4	0.08368228812387236	0.06724391279571448	1.9523799398660094E-5	3.8575323469538836E-4	0.0015799850484914373	0.09479039065295362	2.4396550186062997E-4	0.01126260084746178	0.05097776351799621	1.2471750553672516E-4	1.7292681079830212E-4	4.4963520609989826E-4	5.919376483673266E-4	2.326633706922327E-4	0.4934077178455707	6.806974932241971E-4	0.19305212013616233	1.731786172519968E-4
92	92	5.214344192040861E-4	0.1117187736153623	9.556624089513328E-5	0.07701686780416514	1.76046691624892E-5	0.016730662447771584	0.10627477385976362	0.10840874151166277	0.02970907408720827	3.258248090831337E-4	9.488681618898853E-5	1.1245815319612661E-4	1.559286300410054E-4	0.196999368455555	0.0103634485250501	2.0979326736718295E-4	0.28107896056586995	6.137869952080199E-4	0.01024740668611012	0.04930463844113502
93	93	0.0015272953738093198	9.242427816733625E-4	2.799160781029246E-4	0.15840443086773412	5.156454729312707E-5	0.0298102619855501	0.12893584355750146	8.262182535387007E-4	6.443402947198531E-4	0.26007734884321143	2.7792602494891425E-4	3.2939294146664186E-4	4.5671913194675866E-4	0.00118753708620794	0.0015633738208718846	0.029405934458346	0.3818189870626742	0.0017977985414089556	0.0012234841679182532	4.5738418107603543E-4
