0	0	0.01083654027693498	0.00580713769731852	0.13562109349365495	0.0573946803592379	0.24566828606729788	4.710208808112057E-5	3.3375816445677445E-4	1.720339181046487E-4	3.8487876117282384E-4	0.2339478416292776	1.648270146313371E-4	0.021407227841685028	0.015815602240904225	0.058932180881066165	7.64242908296828E-4	3.8667926735018053E-4	0.21153700108507434	3.3451205427328636E-4	1.5484318391581055E-4	2.8953106726560193E-4
1	1	1.775839176911704E-4	2.4025137022838612E-4	2.622459900061018E-4	1.1738668612920065E-4	0.2250648900936488	1.8345717901349327E-5	1.299949403909839E-4	6.700521908022881E-5	0.026430205589360035	0.09111997537706971	6.419821362781822E-5	0.01035942888562162	0.01222467850218175	7.162253362981792E-4	0.006362348325389985	0.07494838336133346	0.5331994315911012	1.302885717450463E-4	6.030962716926394E-5	0.01830682268402576
2	2	3.680646356587196E-4	4.979506826930184E-4	0.1011020086596219	2.4329842714961646E-4	0.026531511717208116	3.802376962423284E-5	0.0044593669023025384	0.016898621839223908	3.106983563635556E-4	0.126008375425621	0.20125000155237197	5.215162319827947E-4	1.975404757489337E-4	0.03919389238053087	0.05927605328987537	3.121518382554181E-4	0.37188292207143525	0.05054927488439475	1.2499916230799564E-4	2.3372769762999436E-4
3	3	2.2543581682062816E-4	0.0054375757769462	0.002899204040096819	1.4901779291424437E-4	0.047045795514636835	2.3289169165891985E-5	1.6502347707270684E-4	8.50604969807329E-5	1.9029955873454328E-4	1.9004709703681307E-4	0.0668051162524642	0.023416060740944464	1.2099151668265243E-4	0.006041806054222219	3.778724702077936E-4	0.41593066289700437	0.4305116285726112	1.653962305574133E-4	7.6560705720519E-5	1.4315581917975637E-4
4	4	3.2454967650543575E-4	4.3907976297274405E-4	4.7927679672740947E-4	2.1453412845374705E-4	0.1379266175189824	3.352835598827961E-5	2.3757678285151905E-4	1.2245772285800498E-4	2.7396560625308667E-4	2.73602148646909E-4	1.1732768223623448E-4	0.4807546347611352	1.74185975205976E-4	0.0899787672807011	5.44005782647345E-4	2.752472482042788E-4	0.2872762134781156	2.381134190639183E-4	1.1022096056010852E-4	2.0609491189072326E-4
5	5	0.0011026497774102686	0.07680514914778497	0.001628331474305239	7.288745794897385E-4	0.12969215245617643	1.1391178899169095E-4	0.02591162349299377	0.025520509235095554	0.026035253651729387	0.27707863926642384	3.986179992377219E-4	0.0015623607959034504	5.917926921293454E-4	0.00444716907877998	0.014400477681246639	9.351459543363735E-4	0.4111636806468616	8.089846563899751E-4	3.7447308201373023E-4	7.002025427003893E-4
6	6	6.671743775808862E-4	9.026130320755294E-4	9.852457780533785E-4	0.19790870213670844	0.3139143748967138	6.892399425151229E-5	0.00808329583776468	0.01544155743128305	5.631890772425771E-4	5.624419201207779E-4	2.4118965149440443E-4	0.031324973240252386	0.07630718279071487	0.2837025315774247	0.01630813067035905	5.658237391540452E-4	0.04371800264465396	4.894880003214722E-4	2.2658041613184655E-4	0.008018578787698542
7	7	2.6727628185778504E-4	3.615952040068881E-4	3.946986531902026E-4	1.7667521595498368E-4	0.1926940569849519	2.76115953090512E-5	0.1127715637531329	1.0084756577999694E-4	2.256188001315495E-4	0.18278085282478554	9.662282521661126E-5	0.030804629944962924	1.4344731538823717E-4	0.013248338377673018	0.12215169378756076	0.012397043159798424	0.32481565430453846	1.9609346092441045E-4	9.07702291941923E-5	0.006254909715642248
8	8	4.3131619402279507E-4	5.83523034984948E-4	6.369436139137263E-4	0.19668402451998526	0.3698790560473464	4.4558118351610626E-5	3.157319855346736E-4	1.6274241749530234E-4	3.6409157406832264E-4	0.05437331030995069	1.5592475672919362E-4	6.111383015577124E-4	2.314876190509227E-4	0.0017395696081672085	7.22966376747921E-4	3.657948354440242E-4	0.3719610017982567	3.1644515798703616E-4	1.464801497330298E-4	2.7389358067248366E-4
9	9	0.0012792867019016405	0.0745457945032181	0.0018891789977585186	8.456352832948834E-4	0.004837822328166516	1.321596755672993E-4	9.364631703074017E-4	4.8269509334968784E-4	0.16127303288750708	0.015641477640153115	4.6247386614554887E-4	0.07462770156765385	6.865938186662829E-4	0.2964198202270588	0.10408540890212077	0.001084949916309211	0.08382794857889463	0.015501590704163076	4.3446109894061284E-4	0.16100550503882305
10	10	3.634955658505833E-4	4.917692373439924E-4	0.004674713308355089	2.4027817638342468E-4	0.17516739810323426	3.755175128573997E-5	2.6608594420869094E-4	1.3715262249629418E-4	0.008582688222570268	3.0643434592570883E-4	1.3140697813538937E-4	0.14120443792082354	1.9508825367654147E-4	0.07181073562385248	0.4226774733706657	3.0827685706583834E-4	0.1727840530343467	2.666869766477996E-4	1.2344745143112303E-4	2.308262557007659E-4
11	11	0.0012257354986212384	0.0016582843587979283	0.0018100975780957892	8.102368171891312E-4	0.004635310094947014	1.2662744448785785E-4	8.972626302539515E-4	4.6248937790842066E-4	0.001034693279012012	0.0010333205988881774	4.4311461541541984E-4	0.0017367627767456133	6.578528608342264E-4	0.20029121635169495	0.5741440262498709	0.0010395336906649014	0.20589950774865884	8.992893586810631E-4	4.162744683814026E-4	7.783642008512212E-4
12	12	0.0012609238523809743	0.0017058903037324232	0.0018620617693828345	8.334970554578964E-4	0.22007800750109285	1.3026265886921675E-4	9.23021201237889E-4	4.757664999777967E-4	0.029772347489478327	0.0010629851152718505	4.5583552776631955E-4	0.0017866216762011725	0.015030713611684322	0.005085514622943032	0.6767503752749234	0.0010693765721784306	0.039562758857777276	9.251061128839319E-4	4.282248551255473E-4	8.007094416346331E-4
13	13	0.0014245019805475686	0.0019271933921109765	0.002103624793344246	0.1468865166155482	0.021603075568197776	1.4716147624632833E-4	0.0010427636266599092	5.374871132914277E-4	0.0660668761627892	0.0012008848901843363	5.149705201316771E-4	0.002018397948006165	7.64530932017018E-4	0.005745252291648439	0.002387730972819176	0.017424204502402788	0.7257713457441599	0.0010451190113752087	4.837779482830584E-4	9.045845102365857E-4
14	14	0.0023162041688889476	0.00451137496225726	0.08331374165210033	1.2363508435770548E-4	0.08800317969196596	1.93222456066231E-5	1.3691446578213093E-4	7.05718526228153E-5	1.5788518630737558E-4	1.5767572727107162E-4	0.3087969178803527	2.650148794240044E-4	1.0038261927711436E-4	0.017787690255568818	0.03863852502006466	1.586237909848415E-4	0.389118629634168	0.04059140818557379	0.025613531096837408	1.1877160058846761E-4
15	15	2.911982120684637E-4	3.939589258255398E-4	4.300252207787508E-4	1.9248811247036E-4	0.22983015527799014	3.0082905712643554E-5	2.131628511858378E-4	0.2122642563341791	2.458122761611053E-4	0.049969169600946585	1.0527082220880324E-4	0.07997049655053706	1.5628622740757045E-4	0.027693748423349245	0.04358196148355383	2.4696221366441026E-4	0.35388750968803845	2.1364434143800645E-4	9.889440344900387E-5	1.8491612903512176E-4
16	16	3.680646356587196E-4	4.979506826930184E-4	0.03406302772174527	2.4329842714961646E-4	0.005581830174121671	0.03355751423856255	0.16367694662975954	1.388766047547521E-4	0.03802012513391916	0.0422096492532752	1.330587387420748E-4	0.15554915965082247	1.975404757489337E-4	0.1774617905649014	0.013186753895085192	3.121518382554181E-4	0.3341734952938797	2.700391809872756E-4	1.2499916230799564E-4	2.3372769762999436E-4
17	17	0.2786923439977326	0.0015706222659404266	0.0017144101640944927	7.67405167280495E-4	0.00439027311934585	1.1993352209866682E-4	0.040497174053598296	4.3804074424874775E-4	9.79996159170917E-4	9.786960432076504E-4	4.1969019224156773E-4	0.0016449520694933968	6.230767030136061E-4	0.21613475915724348	0.0019459507521855592	9.8458069153897E-4	0.28752548462947036	8.517501131661334E-4	0.1589836430178941	7.372174370347692E-4
18	18	6.827302029592814E-4	9.236583407430201E-4	0.016552205350451703	4.512989525610146E-4	0.23574166482218067	7.053102481951106E-5	4.997720130893863E-4	2.5760489697908203E-4	5.763203832923855E-4	5.755558054690314E-4	2.4681322492257923E-4	9.673705333601182E-4	3.6642164455537383E-4	0.06492951432452887	0.0011443831415793263	5.790164749319773E-4	0.4022490455849115	5.009008934326102E-4	0.2722516463637449	4.335460214876291E-4
19	19	0.012756655218691324	7.26135200949901E-4	7.926116902907358E-4	3.5478925610389286E-4	0.30752787499919837	5.544805651765034E-5	0.04316263736405707	2.0251642342460793E-4	0.10432244589106159	0.20208125269980684	1.940325364594013E-4	7.604995977943487E-4	2.880628504773454E-4	0.08770419974259713	8.996582890226691E-4	4.5519455174281855E-4	0.18180942236383918	0.03705356184213912	1.8227968149416558E-4	0.018670721744331834
20	20	2.6809197642012323E-4	0.009518332274894986	3.9590322526420645E-4	1.7721440713181654E-4	0.391654195448553	2.769586252496174E-5	1.962486296458577E-4	1.0115534023143726E-4	2.2630736114844698E-4	2.260071295505163E-4	9.691770627593729E-5	3.798634908708885E-4	1.438850990715887E-4	0.1017932281108192	4.4937214858527225E-4	0.31762266163769803	0.1365905257884245	1.9669191421279925E-4	0.02450606998617115	0.01542963246250532
21	21	2.044487959103156E-4	2.765965747214688E-4	3.019185384923063E-4	1.3514493286916879E-4	0.3079877315823577	2.1121056364822403E-5	1.496605626394025E-4	0.004731908073647597	1.725835592331736E-4	1.723546005395536E-4	0.1792824131015156	0.10967669484356489	1.0972777196630304E-4	0.0031519589929090413	0.011979610087777282	1.7339092455404147E-4	0.38112347544308345	1.499986145168477E-4	6.943326184524836E-5	1.2982868149183084E-4
22	22	7.04635906547282E-4	9.532943312722216E-4	0.0010405668672525679	4.6577908108253884E-4	0.10694239267205105	7.279404426226782E-5	5.158074214144629E-4	2.658702651898066E-4	5.94811880275241E-4	5.940227706308311E-4	2.547323375139333E-4	9.98409049118907E-4	0.1126772421554634	0.3076536576048771	0.001181101185957446	0.3535375089903862	0.09430091818764563	0.016559695909349973	2.3930280042501752E-4	4.474565392841171E-4
23	23	1.569592384956728E-4	0.0019991248846631896	0.0020185650390206118	1.0375334154082577E-4	0.12030758605516499	1.621503765031193E-5	0.01083555579239587	5.922320162098416E-5	1.3249568877869337E-4	0.03586784832994365	5.674220309368636E-5	2.2239786902823272E-4	8.424010253018456E-5	6.3304259100856E-4	2.6309295483195366E-4	0.49685696051648526	0.32833128674387363	1.1515679613147813E-4	5.330523888378137E-5	0.0018864483748585366
24	24	4.5594145608576916E-4	6.168382868939151E-4	6.733088226151978E-4	3.013868445672433E-4	0.10553020198583354	4.710208808112057E-5	0.00552405757488138	1.720339181046487E-4	3.8487876117282384E-4	0.29623143455437284	1.648270146313371E-4	6.460301999866041E-4	2.447040096304093E-4	0.0018388873663954996	0.08380903347509053	3.8667926735018053E-4	0.4970034686584276	0.005524811464697891	1.5484318391581055E-4	2.8953106726560193E-4
25	25	2.563564479712278E-4	0.006183390161384351	3.785728537061383E-4	1.6945697722205115E-4	0.10602768101415709	2.648349657907068E-5	0.26575151487040194	9.672733985300212E-5	2.164009234011638E-4	2.1611383421989855E-4	9.267520519705164E-5	0.05289234979448578	1.3758663502923092E-4	0.03605333768890576	0.0033479853558976026	0.0702562326681319	0.45745920016099223	1.8808187080256777E-4	8.706172270885921E-5	1.6279097895315287E-4
26	26	0.3047537493931716	8.215028943204966E-4	8.967101399220347E-4	4.013858581458206E-4	0.02303356467092665	6.273038251569209E-5	4.4449785937410695E-4	2.2911412058403846E-4	5.125800764704137E-4	5.119000599890885E-4	2.1951599383314153E-4	0.04233490715844819	0.007238316970724725	0.16834712956942816	0.0010178158108362248	5.149779837783217E-4	0.4476222832258194	4.455018869765145E-4	2.0621956589817863E-4	3.855963788371332E-4
27	27	0.011179142955259715	3.2500721976153394E-4	3.5476109886271065E-4	0.022036620355992093	0.47401637555730297	2.481771805912668E-5	0.030257859801988977	9.0643312219514E-5	2.0278957835760255E-4	0.016610887053345565	8.684605172074477E-5	3.4038820812649077E-4	1.2893260928233653E-4	0.0037036229755169833	0.06330141182552768	0.0029384660019404173	0.2755408395965945	0.09862645079816833	8.158565019839061E-5	1.5255163177438496E-4
28	28	2.774046319658408E-4	3.7529773981784465E-4	4.096556337307189E-4	1.8337026734589073E-4	0.5252588373283351	2.8657927974217597E-5	2.0306567771128344E-4	1.0466915236697468E-4	2.341685531541828E-4	0.08865478605912426	1.0028431659706991E-4	0.03828774223039392	1.4888320600379813E-4	0.0011188188007313325	4.649818959842605E-4	2.3526402001032207E-4	0.2960718669285928	2.0352436056255926E-4	9.420993830072807E-5	0.04754451133129691
29	29	0.005890842768496214	6.435604586466035E-4	7.024773654615307E-4	3.1444328285203446E-4	0.1425927927536622	4.914260682704989E-5	0.09782090587272699	1.7948663302938065E-4	4.015521690635875E-4	0.005816168831866665	0.1626264490274213	0.011504315767603253	0.02191590241437068	0.0019185501647054242	7.973508244074151E-4	4.034306753202768E-4	0.5456099997925092	3.490035162294615E-4	1.615511756913649E-4	3.0207389910921154E-4
30	30	7.529536126725609E-4	0.0010186628356605438	0.0011119197512433553	0.13764005125370116	0.002847411603705569	7.778561679732254E-5	0.19769328085216822	2.841012994324947E-4	0.03492118211421586	6.347556049873763E-4	2.7219963106261605E-4	0.0010668711223398514	4.041105839957172E-4	0.1316077238949502	0.06126186142860278	0.009209968050017447	0.39219470011725655	5.52421931337189E-4	0.025969899539677137	4.781391561761552E-4
31	31	3.9100036863594655E-4	5.28980188892752E-4	0.005028437204060798	2.584594266542172E-4	0.0014786289194568352	4.039319863859117E-5	2.8622000389740134E-4	1.4753061933493123E-4	3.3005934312411295E-4	0.01813374044669241	1.4135021639684344E-4	0.08957460910244826	2.0985009521526284E-4	0.144009921036028	6.553895349565568E-4	0.07599910905508378	0.43511585703907496	2.868665149619964E-4	0.22713530538373644	2.4829230270983203E-4
32	32	2.0163313059959494E-4	2.727872914383869E-4	0.0025930909963470562	1.3328371917160163E-4	0.27390683365313423	2.0830177538818976E-5	1.4759943993760113E-4	0.2846970582410223	1.702067414154413E-4	0.016237294259457084	7.289222448166642E-5	0.21604676159833702	1.082166029727536E-4	8.132197929302129E-4	0.0026333052039596004	1.7100298771495753E-4	0.1991342029173117	1.479328361703882E-4	6.847702815398412E-5	0.0024233711579056323
33	33	7.04635906547282E-4	9.532943312722216E-4	0.0010405668672525679	4.6577908108253884E-4	0.018707414043759387	7.279404426226782E-5	5.158074214144629E-4	2.658702651898066E-4	5.94811880275241E-4	0.12893580986632777	2.547323375139333E-4	0.21757517477310753	3.7817844672856913E-4	0.0028419132525968165	0.001181101185957446	5.975944772196326E-4	0.5354758113291039	0.008538334215868913	0.08045291973523562	4.474565392841171E-4
34	34	3.0750800479759934E-4	4.160242688040083E-4	4.541106097973936E-4	0.021206737036513722	0.043169825133940166	3.176782662399856E-5	0.04573261552978484	1.1602763075775792E-4	2.595800367733239E-4	0.07727195096612213	0.06312157039088155	0.00743686858165991	1.6503970139812067E-4	0.008241386623076863	5.154407627870174E-4	2.607943814108524E-4	0.3141986573418315	2.2561040023299426E-4	0.41667321163053467	1.9527314227161735E-4
35	35	0.050793618172194764	0.027628067799243247	0.10917079871956946	2.253579532085195E-4	0.10607562227483003	3.521995187630171E-5	2.495631715996472E-4	1.286360448883355E-4	0.09343122315251853	0.08566888842055177	1.232471798964048E-4	0.2449845778934946	1.829741269278364E-4	0.0013750032575805904	0.012214381745400262	2.891342134170831E-4	0.2668412841798485	2.5012688255470833E-4	1.1578190496556945E-4	2.16492955433881E-4
36	36	0.23911586402065302	0.0025218106554344448	2.9239144166549863E-4	0.0023848225470073114	0.2238890296554506	0.004528338853746589	1.449379951596436E-4	7.470753930508079E-5	1.6713765224203524E-4	1.6691591838347952E-4	7.157786563123683E-5	0.14453284225519045	1.0626529128084002E-4	0.10673383668374306	0.02061735976877269	1.6791954099685676E-4	0.18878168073398183	0.06550958738648698	6.724228207996434E-5	1.2573191278843784E-4
37	37	0.20096715245552588	7.443264286847984E-4	8.124682951551729E-4	3.636774798771487E-4	0.12734118492876542	5.6837148001234306E-5	4.027393044057739E-4	0.00647062042134243	0.31987898262545583	4.638093744153785E-4	1.988934632593903E-4	0.03835773491706863	2.952794361877504E-4	0.08363834553385241	0.019711288233588226	4.6659814124461646E-4	0.19889019528022506	4.0364900817525253E-4	1.8684617433622477E-4	3.4937135043332137E-4
38	38	2.8928033423343476E-4	3.913642495519953E-4	0.007013352383305487	1.9122035508342016E-4	0.004387038421972707	2.9884774901091797E-5	0.10888338864992993	1.0915004254282684E-4	2.441933173334441E-4	0.04305390530884308	1.0457749179597065E-4	4.098855887802008E-4	0.09236148818174322	0.1361829827057372	0.02682952529633613	0.3328463842280979	0.2461782001129725	2.1223724575526588E-4	9.824306914637888E-5	1.8369824193788765E-4
39	39	2.855193819241889E-4	0.003636542244526978	4.2163904227439017E-4	1.8873428689654694E-4	0.36510954455363037	2.949624101242152E-5	0.17572337776566568	1.0773097579000545E-4	2.4101854424297015E-4	0.048994690998902427	1.0321787307073849E-4	0.06866014572384012	1.5323839640259013E-4	0.014152611518026223	4.785837302230469E-4	0.03599507367159551	0.2852310813424715	2.0947793561534075E-4	9.696580465913823E-5	1.8130996922985354E-4
40	40	3.319072134552662E-4	4.49033695494814E-4	0.011825135499484938	2.1939761435856717E-4	0.10327010046618751	3.428844338293367E-5	0.05313959899744374	0.2646084155979021	2.8017640298748435E-4	0.02294979171380706	1.1998749926820924E-4	0.07225857643711661	0.01529145944100418	0.039121948413939324	0.136576260434702	2.814870997450589E-4	0.27867543683337004	2.4351144718052898E-4	1.12719668304016E-4	2.1076708086570188E-4
41	41	0.007423441189022929	2.1581904727074373E-4	0.08558659742639983	1.0544906669456583E-4	0.10956201655946216	1.648005318430952E-5	1.1677512664560226E-4	0.319672523214141	1.3466117346465635E-4	1.3448252466117356E-4	0.0018736487465615492	0.080129115717991	8.5616906965518E-5	0.08962636773800167	0.03477099692806165	1.3529113359530732E-4	0.2610583053295178	1.1703889720816899E-4	5.417644970994819E-5	0.009181196771440416
42	42	4.6560803655627716E-4	6.299160995340288E-4	6.875838876009279E-4	3.0777665656366265E-4	0.26677781116253685	4.810071656442185E-5	0.09574696930544362	1.756812717085345E-4	3.930387156288334E-4	3.9251728918895517E-4	0.01606934407420212	0.270977109457464	2.498920682484073E-4	0.12378571346870383	7.804458998727391E-4	3.9487739499184524E-4	0.1471174430614955	0.021542967502070888	1.5812607051814286E-4	0.05329907786110636
43	43	2.689126650239877E-4	0.03709845280046683	3.971151722592121E-4	1.777568994746152E-4	0.12040452740508809	2.7780645661898348E-5	0.009380510327760513	1.0146499901368249E-4	0.06145140638999436	2.266989871662905E-4	9.721439272704054E-5	3.810263367051606E-4	0.20524608650777906	0.3316963630539795	0.10147101809179032	0.04308514644655006	0.011498626663559887	0.07672780184668976	9.132596453297095E-5	1.7076440377684397E-4
44	44	5.948848212512631E-4	8.048132696466054E-4	0.02119445836880304	3.932313167946274E-4	0.0022496497983279925	6.145595421230492E-5	0.04783938756597233	2.244594459548041E-4	5.021665171868743E-4	5.01500315897101E-4	0.10179488512132608	8.42901111342799E-4	3.192749838502719E-4	0.0023992689580164205	0.16352486399072427	5.045157086920161E-4	0.33694857543886453	0.1426482114155649	0.1762737332815648	3.777626160069653E-4
45	45	0.0012792867019016405	0.0017307332051392382	0.0018891789977585186	0.16103877013906837	0.17959396944355577	1.321596755672993E-4	9.364631703074017E-4	4.8269509334968784E-4	0.001079898031733594	0.0010784653805373436	4.6247386614554887E-4	0.17656878738496423	6.865938186662829E-4	0.25273078344821154	0.0021443230848103667	0.030210974435540758	0.08382794857889463	0.10287966426185771	4.3446109894061284E-4	8.123701830495483E-4
46	46	6.827302029592814E-4	9.236583407430201E-4	0.00100821775028914	4.512989525610146E-4	0.06475780122039247	7.053102481951106E-5	4.997720130893863E-4	2.5760489697908203E-4	5.763203832923855E-4	5.755558054690314E-4	2.4681322492257923E-4	9.673705333601182E-4	3.6642164455537383E-4	0.3136333159271299	0.20321622194369265	5.790164749319773E-4	0.07582530598149764	0.10930881409457056	2.318633609000362E-4	0.2258213662238448
47	47	6.880779404464036E-4	9.30893237211163E-4	0.0010161149896891737	4.5483391895923247E-4	0.05743216988861069	7.108348522597553E-5	5.036866627091455E-4	2.596226828606354E-4	5.808346264076987E-4	5.800640597450197E-4	2.487464810309438E-4	9.749478217864453E-4	3.6929177796413213E-4	0.0027751322343987643	0.0011533469468999757	0.09457800171889066	0.7892104807522601	0.047502049326779185	2.336795166546824E-4	4.369419314700096E-4
48	48	0.00268909362566068	0.15669718173450334	0.21825389324365038	0.0017775471648081534	0.040781054430528894	2.7780304493834463E-4	0.0019684697247273064	0.0010146375294410993	0.03288180068527256	0.0022669620312536225	9.721319885823878E-4	0.0038102165740363657	0.001443237906287157	0.0108455597298261	0.004507422401990974	0.0022805926926085613	0.5129386079098252	0.0019729160857084654	9.132484297867444E-4	0.001707623066563621
49	49	3.980879742940537E-4	5.38568934276554E-4	5.878740388519902E-4	2.6314448232599635E-4	0.0649494124091204	4.112540015599302E-5	2.9140827143321916E-4	1.5020488497818408E-4	3.360422798563688E-4	3.355964679740617E-4	1.4391245079320466E-4	0.07307146314808236	2.1365401674963577E-4	0.06051782240006474	0.4991556887047601	0.0365913175250003	0.26173462160113803	2.920665017079404E-4	1.351954480021905E-4	2.527930604346647E-4
50	50	2.656596936225536E-4	3.594081391889756E-4	3.923113661672992E-4	0.027393311862136515	0.022173959895863293	2.7444589917393092E-5	1.9446815052705628E-4	0.1029226796375395	0.07582899096334694	0.29054614594267225	9.603841375512922E-5	0.021545743454901914	1.4257969166637044E-4	0.0010714495202013734	0.021614621490563753	2.2530325839710086E-4	0.43474605659158827	1.9490741336443697E-4	9.022121645125589E-5	1.6869870812870683E-4
51	51	5.989408417962719E-4	8.103006161714607E-4	0.034975287792821885	3.959124312606261E-4	0.3499912041821306	6.187497080844856E-5	4.3843654334979956E-4	2.2598984661690037E-4	0.27323203421964715	5.049196258407108E-4	2.1652260301482324E-4	8.486481469081476E-4	3.2145185212416766E-4	0.111506205100385	0.0010039365465070286	5.0795557806947E-4	0.21651904537474867	4.3942687970833046E-4	0.007021568585711415	3.80338262379044E-4
52	52	0.0018823732436345332	0.0025466424941189038	0.1313499839350874	0.0012442881089762042	0.007118488212580941	1.9446292750913946E-4	0.00137793444801348	0.21499391665835202	0.001588987955371716	0.00158687991791985	6.804951776787352E-4	0.0026671625201062873	0.0010102706700390927	0.09330538988123778	0.4102941768100527	0.0015964214199273435	0.03763299415621897	0.0013810469134414615	6.392765177893206E-4	0.08690880803194415
53	53	2.6646553589075166E-4	3.604983545172533E-4	3.9350138892476456E-4	1.7613929590321316E-4	0.001007681012632186	2.752783931923957E-5	1.9505804300707868E-4	1.0054165851178385E-4	2.2493441642558752E-4	2.2463600625045955E-4	9.632973311983695E-5	0.5251493468744324	1.430121876184837E-4	0.0010746996154636433	4.4664593094538086E-4	2.259866849504608E-4	0.46943179146111685	1.9549863828806938E-4	9.049489014527122E-5	1.6921043253727917E-4
54	54	1.9844465810051515E-4	2.6847364132412583E-4	0.0025520858336296123	1.3117607212029616E-4	0.20858156546795856	2.0500785002800854E-5	1.4526541499972932E-4	0.004592944045755006	1.6751522185936787E-4	1.672929870965156E-4	7.173956245402536E-5	0.34817239512261633	0.0023655392179671806	0.08438461333792319	3.3263025464869763E-4	0.009204434356103982	0.33378631261158237	1.4559353915884288E-4	0.0045854619242609715	1.2601594543794093E-4
55	55	2.0397407009537785E-4	0.014207828448259156	0.011911112594131112	1.3483112917027506E-4	0.40247373038499007	2.1072013715045512E-5	1.4931305395270814E-4	0.0023989416615418533	0.014104056948810716	0.0280357026467358	0.2554914307868879	2.8901388004298973E-4	1.0947298638179484E-4	0.0031446402102529893	3.4189858032454996E-4	1.7298831446482463E-4	0.2664615427080771	1.49650320880786E-4	6.927203926789588E-5	1.2952722201710476E-4
56	56	0.001088980640827397	0.001473270184105058	0.02640139708410789	7.198389941362203E-4	0.0661012788202231	1.1249966717928402E-4	0.08757353535900482	4.108896084816789E-4	9.19252931244736E-4	9.180334005363688E-4	3.9367648109878145E-4	0.0015429927938882626	0.32289672499276356	0.004392039188228749	0.0018253346365335026	0.07530330757683165	0.4060666383911799	7.989559763973E-4	3.6983087937648247E-4	6.915223938553727E-4
57	57	8.083855530936667E-4	0.0010936561110299332	0.0011937785382477762	5.343597687568343E-4	0.20551019340082474	8.351214178287066E-5	0.07421108412864197	3.050166467243461E-4	6.82391184376466E-4	6.814858872855561E-4	2.922387855042211E-4	0.0011454134594708623	4.3386093440054386E-4	0.0860820989042458	0.001355004941698537	0.14792424331470447	0.47628230857094767	5.930908637519031E-4	2.74537424052574E-4	5.133394404593788E-4
58	58	0.10390469583058347	1.840645888256086E-4	0.0032984868295966334	8.993385592528545E-5	5.145055141954588E-4	1.4055266444526178E-5	9.959346009028037E-5	0.36246719211265105	1.1484784979822282E-4	1.1469548642263997E-4	4.9184392927748595E-5	0.03116848974659714	7.301969393534961E-5	0.17865908128207622	2.2805013837076497E-4	1.153851209700269E-4	0.27685508481155285	9.981842086532374E-5	4.6205217129807375E-5	0.041903610381041616
59	59	8.813832531495125E-4	0.0011924139134816003	0.0013015774558986712	5.82612776213912E-4	0.26420148683347405	9.105333824977599E-5	0.07087898957127325	3.3255983277512876E-4	0.010777411459699168	7.430244714450369E-4	3.1862812302674607E-4	0.0614492446352735	4.730388368681431E-4	0.0035547645592119963	0.001477362700233143	7.474920870508875E-4	0.34872308753794234	6.466473242951899E-4	0.23106752699076807	5.596942996699165E-4
60	60	2.7309264884330255E-4	3.6946410427775544E-4	4.0328793840356563E-4	1.8051995625927497E-4	0.0010327424745902244	2.8212468571193067E-5	1.999092207738028E-4	1.0304217297856868E-4	2.3052863250154436E-4	2.3022280073649047E-4	9.872549518317551E-5	0.49157797818904503	1.4656896248533804E-4	0.0011014278590165381	4.577542081350654E-4	2.316070713990605E-4	0.5028683907167373	2.003607738497058E-4	9.274553714401584E-5	1.734187690691536E-4
61	61	0.012848494447104746	0.0014036672347661188	0.0015321706730348373	6.858310317260589E-4	0.4763620505889224	1.0718475025514647E-4	7.594946840000985E-4	3.9147760319466527E-4	0.09536351540520326	8.746619721599764E-4	3.7507769014687257E-4	0.0014700958803268228	5.56844488794145E-4	0.004184542366253343	0.0017390988085068677	8.799210903005491E-4	0.39869345019892827	7.612102234802923E-4	3.523586463543683E-4	6.58852216541294E-4
62	62	4.2098116352801964E-4	0.010154184945562406	6.216814193463159E-4	0.00507059939055509	0.35143151423972824	4.349043409042249E-5	0.3261860646487665	1.5884284713157392E-4	0.00994001141576804	3.548959041381537E-4	1.5218854849491275E-4	5.964944438249085E-4	2.259408029674816E-4	0.09275200530893256	0.09655208355885617	3.5702980220034876E-4	0.10426282760467488	3.088626224758673E-4	1.4297024948965956E-4	2.673306494684127E-4
63	63	8.158937469601719E-4	0.010391701109292384	0.010492753462324785	5.393228420365746E-4	0.3746009192897045	8.428779313922316E-5	5.972503612963006E-4	3.078496069465488E-4	6.887291567529948E-4	6.878154513647826E-4	2.949530663921967E-4	0.0011560519305297522	4.378905858386677E-4	0.2912151390922006	0.01065547731843149	6.919511092906735E-4	0.29494822007668736	5.985994248196519E-4	2.770872966913282E-4	5.181072793000685E-4
64	64	4.3131619402279507E-4	0.010403468809435315	0.5751037714192602	0.06411475656490531	0.03600089971603392	4.4558118351610626E-5	3.157319855346736E-4	1.6274241749530234E-4	3.6409157406832264E-4	0.03964339164827514	1.5592475672919362E-4	6.111383015577124E-4	2.314876190509227E-4	0.1883185393227242	7.22966376747921E-4	3.657948354440242E-4	0.0822726014519709	3.1644515798703616E-4	1.464801497330298E-4	2.7389358067248366E-4
65	65	0.0010499337342472397	0.0014204440446042004	0.0015504833723586724	6.940281717000789E-4	0.15934814653100124	1.0846583606240511E-4	7.685722613424425E-4	3.9615659344391705E-4	8.862918463694557E-4	8.851160436208483E-4	3.7956066654344666E-4	0.0014876666538101119	5.634999651538534E-4	0.32694200060045353	0.0017598847393010815	0.29969362695466173	0.20027251669604007	7.703083051693333E-4	3.56570081841552E-4	6.667269022748779E-4
66	66	0.15981232139359255	0.47799964948796664	0.0012886479357742376	5.76825257706526E-4	0.0032999783314504013	9.0148838894811E-5	6.387808316612914E-4	3.2925627290555844E-4	7.36620707244406E-4	7.356434663323892E-4	3.1546295701206554E-4	0.001236439291597312	4.6833979638214883E-4	0.003519452484853563	0.33920953580126834	7.400667018472799E-4	0.007512117421470311	6.402237038222055E-4	2.963548710780193E-4	5.541344471399598E-4
67	67	8.083855530936667E-4	0.0010936561110299332	0.0011937785382477762	5.343597687568343E-4	0.039866701094843734	8.351214178287066E-5	0.01899658669331496	3.050166467243461E-4	0.20313554844724213	0.009883902126506722	2.922387855042211E-4	0.0471574946555767	4.3386093440054386E-4	0.3805594185593232	0.001355004941698537	6.855834871657898E-4	0.29223398378652427	5.930908637519031E-4	2.74537424052574E-4	5.133394404593788E-4
68	68	6.722802865217536E-4	9.095207613071711E-4	9.927858985918124E-4	4.443913390964793E-4	0.10968482446940177	6.945147199993109E-5	4.921224675559355E-4	2.5366197833323747E-4	5.674991830282914E-4	0.32964725634392655	2.4303548436717637E-4	9.525638920339795E-4	3.608131691284656E-4	0.002711417681065271	0.07765721830401147	0.054141399827920315	0.4190512987928867	4.932340691773399E-4	2.283144440133546E-4	4.2691013563296657E-4
69	69	3.5757705991349824E-4	4.837621543852622E-4	5.280497879518795E-4	2.3636592009454926E-4	0.08683376085453987	3.6940326322652665E-5	2.6175348079365894E-4	1.349194766568625E-4	3.018453663433465E-4	0.5091200603598338	1.292673840018301E-4	0.053423792236167146	1.9191178855257682E-4	0.08692369486750658	0.004669914759973878	3.0325743295115716E-4	0.2554522766636033	2.6234472710497553E-4	1.2143745586899436E-4	2.2706789743412982E-4
70	70	0.17470653565053168	6.470644090826299E-4	7.063020968258286E-4	0.03298395261543517	0.06169966490125553	4.9410170280188756E-5	3.501128805544908E-4	1.8046387185382116E-4	0.4305297363137524	4.0320285189035163E-4	1.729038178877224E-4	6.776867754250761E-4	2.566949211096594E-4	0.0073736288500794184	8.01692106926114E-4	4.056272072415631E-4	0.28723826750448905	3.5090371225057613E-4	1.6243076253499226E-4	3.03718580593717E-4
71	71	2.3016110353221147E-4	3.1138247886306554E-4	3.398890352316109E-4	1.5214130632297405E-4	0.3441014303199044	2.3777325853393716E-5	1.6848248041258598E-4	0.43764091755062395	1.942883657874349E-4	1.9403061232230816E-4	8.320534812770361E-5	3.261186754557391E-4	1.2352758044597957E-4	0.0035483621063459605	3.8579293194864806E-4	1.9519726863705648E-4	0.2089680262555089	1.6886304706164592E-4	7.81654697303944E-5	0.0027662407378840443
72	72	2.8645042203367894E-4	3.8753569180613153E-4	4.230139501963632E-4	0.1599717261690894	0.1934742816780436	2.9592424267220806E-5	2.096873749682555E-4	1.080822719395664E-4	2.418044731361641E-4	2.4148368223043284E-4	1.0355445260238872E-4	0.003666740669695661	1.537380860993219E-4	0.14137248946218695	0.0070018739778992456	0.16002531210688103	0.32855242407309343	2.1016101484728876E-4	0.0033581468224529692	1.8190119653101173E-4
73	73	7.007037426938314E-5	9.479745491318311E-5	0.021640293661574713	4.6317983848177403E-5	0.005050941535391312	0.5248674616288657	5.129289996948461E-5	2.6438659761514474E-5	5.9149258054400554E-5	0.05429994488101262	2.533108242464852E-5	9.928375079337008E-5	3.760680524035527E-5	0.007461544636752881	0.02165426866940194	5.942596494305422E-5	0.15295625231715135	5.1408759891621035E-5	0.20661771424248118	0.004830455433259123
74	74	0.15537987863304745	0.0013107779479692228	0.0014307775240431958	6.404453777602684E-4	0.003663944740370098	1.0009167665471943E-4	7.092342534824923E-4	3.6557112446734087E-4	8.178652387604043E-4	8.167802144541735E-4	3.5025649444732674E-4	0.001372810601833187	5.199946670274578E-4	0.6215516477254153	0.10088822981357859	8.216913044288399E-4	0.030399370790803588	7.108362651728793E-4	3.2904090939655535E-4	0.07782075469688698
75	75	2.961060397291269E-4	4.0059867302590096E-4	4.372728259694879E-4	0.0810944871402918	0.0011197712040445114	3.058992021565473E-5	2.1675547811113543E-4	1.1172548911514174E-4	0.003620736625593094	2.4962356940096727E-4	1.070450468835607E-4	4.195570319612792E-4	0.09117001946839362	0.1393962842111351	0.007237891847247513	0.2024980116194731	0.2620992348453607	0.16201475478540553	1.0056116055332873E-4	0.04737897301808951
76	76	2.6809197642012323E-4	3.6269874839783015E-4	3.9590322526420645E-4	1.7721440713181654E-4	0.0010138316513410325	2.769586252496174E-5	1.962486296458577E-4	1.0115534023143726E-4	2.2630736114844698E-4	2.260071295505163E-4	9.691770627593729E-5	0.5283547301855401	1.438850990715887E-4	0.0010812593193504783	4.4937214858527225E-4	2.273660524633104E-4	0.4661933327423221	1.9669191421279925E-4	9.104724884539836E-5	1.7024325167672678E-4
77	77	5.239245938499245E-4	7.088119420120978E-4	7.737025153463531E-4	3.463251214030848E-4	0.1033726831669448	5.412524357675909E-5	3.8352316601852806E-4	1.97685030541364E-4	4.422660978452485E-4	4.416793636948752E-4	1.8940354193187003E-4	7.423565144712258E-4	2.8119059398481794E-4	0.15718224485780186	0.0187707918918011	4.443350684446633E-4	0.24307821957931372	3.843894645545605E-4	1.779310724231648E-4	0.47150441117403996
78	78	0.2960788235430868	3.5511243009954125E-4	0.0601484989698591	1.7350773622246482E-4	0.06075350261539425	2.711656736723611E-5	1.921438330986596E-4	9.903954410046837E-5	2.2157384695105362E-4	2.2127989508933697E-4	9.489054579689735E-5	0.01830018112292841	1.408755541951321E-4	0.048867344630028946	0.11099759461200634	2.2261039435356644E-4	0.39966945721648767	0.0031806216746855243	8.914287665504525E-5	1.6668239159364003E-4
79	79	5.571543895764667E-4	7.53768174870948E-4	0.01350772798420529	3.682907118225545E-4	0.1352989787299097	5.755812458447952E-5	0.17165472118088168	2.102231577073631E-4	4.7031672242116263E-4	0.03218207669092318	2.0141641760550646E-4	0.07055668491953557	2.990250421249201E-4	0.07201434049687233	9.338946598884474E-4	0.1844043436305525	0.315577690270244	4.0876927710109995E-4	1.8921630938174895E-4	3.5380310979101664E-4
80	80	0.23332120690298075	0.0012553932250399561	0.0013703224203657765	6.133844328812852E-4	0.003509130902841069	9.58624707944622E-5	6.792667500758852E-4	3.5012452996906397E-4	0.18035992693910452	7.822685369105157E-4	0.053152109706818544	0.011878135335769795	0.032188014792558714	0.415712406484824	0.0015553920529023095	7.869721170182752E-4	0.0608048880107294	6.808010714501977E-4	3.1513783784461465E-4	5.892554791209573E-4
81	81	0.0020116952761204837	0.025622130467731062	0.0029707589861502712	0.2761361277379483	0.0076075396623884045	2.0782283958486195E-4	0.0014726007338056863	7.590444250336327E-4	0.0016981539524338063	0.0016959010894598216	7.272462775320158E-4	0.002850400822731387	0.0010796778701532082	0.008113500053391889	0.003371976441072069	0.001706098107814432	0.6356322099392353	0.0014759270305535455	0.02358372541847181	0.0012774628683880117
82	82	0.0015780398867146943	0.4332691853986911	0.0023303609794232396	0.0010431173908624018	0.005967604124499591	1.630230652366358E-4	0.019119084420416106	5.954193921464255E-4	0.0013320877682283026	0.019294248557908813	5.70475880235438E-4	0.002235948080600411	8.469348037594582E-4	0.006364496083027729	0.14635651321211	0.0013383194247846885	0.35489937074583516	0.0011577656674650262	5.35921261696113E-4	0.0010020838563586268
83	83	2.609251706978778E-4	0.003323295951079034	3.8531968771054033E-4	1.7247699856011672E-4	0.030689660226732193	2.695547906150677E-5	1.910023860964995E-4	9.845119115212922E-5	2.20257568414914E-4	0.10418022375706616	9.432684033059915E-5	0.06571615687126733	1.4003867082281433E-4	0.20897287119405283	0.00340765234264606	0.01210246034603442	0.12402822143472851	0.015042899305392866	0.4307811123776743	1.6569220047936295E-4
84	84	1.5866018010814883E-4	2.1464964940099728E-4	2.3430047353368357E-4	1.0487769954454461E-4	0.21011217151994716	1.6390757362968676E-5	1.1614239016536272E-4	0.2113781777046049	1.3393152290147145E-4	0.014582869241122905	5.7357109074058304E-5	0.1356852648242992	8.515299875219819E-5	0.004252181619853791	0.047225569097031406	1.3455806964463818E-4	0.37523670542942245	1.1640473150869294E-4	5.388289904478488E-5	1.0075208267664858E-4
85	85	1.307864002154333E-4	1.769395126964149E-4	0.01359263286500709	0.001575285306514982	0.02282708056739697	1.3511191975491656E-5	0.01647289857907956	0.19657527194177052	0.00308806764719317	1.1025566408826103E-4	0.0030249459998695142	0.03442846664006215	7.01931270137093E-5	0.01243814527236904	2.1922239693754263E-4	0.3663637772756138	0.32866909676983835	9.595448455742714E-5	4.441662926662139E-5	8.305172853393107E-5
86	86	2.3957677359381148E-4	3.241208375124776E-4	3.537935697693005E-4	1.5836526128796863E-4	0.06636046284354348	2.4750033455794377E-5	1.753749371412829E-4	9.039610348671724E-5	0.030202200045887976	0.005656507042148452	8.660919914035477E-5	0.04670303987767432	1.2858097532086258E-4	0.077329796315345	4.0157535088729116E-4	0.45838444377717974	0.30478932902241684	1.757710724070596E-4	0.008263171379425924	1.5213558237533282E-4
87	87	0.0032998284717938114	3.604983545172533E-4	3.9350138892476456E-4	0.0851103015011889	0.45297875846218816	2.752783931923957E-5	1.9505804300707868E-4	1.0054165851178385E-4	2.2493441642558752E-4	2.2463600625045955E-4	9.632973311983695E-5	3.775589632030675E-4	1.430121876184837E-4	0.14667612053881054	0.20974868850825654	2.259866849504608E-4	0.09936151328094354	1.9549863828806938E-4	9.049489014527122E-5	1.6921043253727917E-4
88	88	0.18092137700141933	8.57048578368533E-4	0.0369930863714479	4.187534596401558E-4	0.384605970075073	6.544466918775503E-5	4.637308780020078E-4	2.39027680472297E-4	5.347589507914912E-4	5.34049510614693E-4	0.021863560090458912	8.97608459535977E-4	3.3999709167030137E-4	0.10351620415593761	0.008273371056121153	5.372606133705402E-4	0.257856549725817	4.6477834896679107E-4	2.1514249920080936E-4	4.0228078390371405E-4
89	89	5.208183297636198E-4	7.046095107743561E-4	0.012626791530769368	0.26714198569400904	0.17983469838627578	5.380434377121734E-5	3.8124931926490445E-4	1.9651298800322237E-4	4.3964397376011657E-4	0.09530047009716852	0.023903632943725557	7.379552028947037E-4	2.795234604817247E-4	0.019887060795838577	8.729886473801358E-4	0.00637053876394953	0.3898580003276928	3.821104816571824E-4	1.768761479042672E-4	3.307290549152931E-4
90	90	0.07836396333501877	0.003236768588523933	0.023518941127236518	1.6798628211279543E-4	0.1166793074624592	2.6253649749902988E-5	1.8602933134785602E-4	9.588785582593418E-5	2.1452280787649303E-4	0.173791642146713	9.187088912068273E-5	3.600827752922114E-4	1.3639253848299492E-4	0.2122107961196231	4.25971893299445E-4	0.00600143983427129	0.25387495661558446	0.06672445437494924	8.630612531835745E-5	0.06380642624719388
91	91	3.257531961841734E-4	4.4070799178801546E-4	4.810540872261542E-4	2.1532968014905307E-4	0.1421463631427947	3.3652688376042565E-5	0.007655009182505849	1.2291182985592258E-4	0.018816360044862472	2.74616740846128E-4	1.177627656291758E-4	4.6156452691055374E-4	1.7483190482506464E-4	0.1644779473513357	0.1377522239957794	2.7626794088621005E-4	0.4922966763643653	2.3899640926961071E-4	1.1062969026975356E-4	0.03358134046614081
92	92	0.17415627845417841	4.917692373439924E-4	5.367899062520459E-4	0.08299874621844429	0.04689177263803991	3.755175128573997E-5	0.03750739656313608	1.3715262249629418E-4	0.2237547051319285	3.0643434592570883E-4	0.008407253782341476	5.150422493201001E-4	1.9508825367654147E-4	0.21250013129535597	6.09286356155324E-4	3.0827685706583834E-4	0.21002536365327412	2.666869766477996E-4	1.2344745143112303E-4	2.308262557007659E-4
93	93	3.257531961841734E-4	4.4070799178801546E-4	4.810540872261542E-4	2.1532968014905307E-4	0.398017386423601	3.3652688376042565E-5	2.384577830621854E-4	1.2291182985592258E-4	2.749815462533146E-4	0.1856884017269377	1.177627656291758E-4	0.1117098355185655	1.7483190482506464E-4	0.13481174175356103	5.460231060716443E-4	2.7626794088621005E-4	0.16226013908912235	2.3899640926961071E-4	1.1062969026975356E-4	0.003915134868366156
