0	0	0.09419687057025114	4.296870774312553E-4	0.23494727474226154	2.628095582744663E-4	4.4889030744605794E-4	4.6756040043668175E-4	0.4349245224756581	7.781175161016718E-4	0.11063518130151313	0.0097153603517568	0.017266594533412026	3.7449192445639735E-4	3.300184523580056E-4	0.09303456598809497	5.756931005391406E-5	2.4134334045383194E-4	4.4279422876750444E-4	6.653116338008468E-4	3.878926816806578E-4	3.931436057909828E-4
1	1	0.0034129168801090596	6.454393813974785E-4	0.001437350403937365	3.94770165610006E-4	0.2517317581717829	7.023294659637295E-4	0.6407537522144248	0.013721695617774496	0.002999401794274733	0.0020407143300142793	8.306623934541885E-4	5.625299171305875E-4	0.07581296764942838	0.0016670017946772437	8.647572110106726E-5	3.62525438973305E-4	6.651278293278337E-4	9.993745493211068E-4	5.826593948537528E-4	5.905468864436656E-4
2	2	0.12253243950025458	1.564449116569943E-4	3.4839237184018006E-4	9.568641992367227E-5	1.634366220923061E-4	1.7023422249026854E-4	0.22528967432363178	2.83305066545227E-4	0.15894376934466822	0.006579898777634744	0.39574323755533886	1.3634888995983857E-4	1.2015652863702026E-4	4.040564552098946E-4	2.096042934169836E-5	8.787077750166756E-5	1.6121709876844499E-4	2.4223353514976555E-4	0.0031838579556670585	0.0853367792136878
3	3	0.006686252528578046	0.0012644816289152745	0.0028159161533613964	7.733950490856168E-4	0.0013209928270521028	0.0013759351114184756	0.05027632390635119	0.0022898415054270834	0.005876134267456907	0.0039979676706124205	0.001627352415465296	0.0011020535257497978	0.9108885267261558	0.0032658266686086687	1.6941476431566203E-4	7.102243383471062E-4	0.0013030533080339022	0.0019578767494569838	0.0011414892272489706	0.0011569416283591636
4	4	0.09511810160036761	2.1015704124030638E-4	4.6800569785966254E-4	1.2853837612900995E-4	2.1954921106373708E-4	2.2868062717717284E-4	0.16367159038721124	0.44589127413095475	0.22986284670126983	0.029275241877123142	2.704662217851547E-4	1.8316146550796883E-4	1.6140979132275518E-4	5.427808947032727E-4	2.8156759890252992E-5	1.1803939428675009E-4	0.03291460084339981	3.2539941693896917E-4	1.8971568516350595E-4	1.9228387660505527E-4
5	5	0.017266235807413693	0.8966697975080595	0.0015544254410511417	4.269249774524057E-4	7.292066759035799E-4	7.595355919498226E-4	0.027753240049164945	0.0012640248140065589	0.003243709010818393	0.0429329248180107	8.983214905513676E-4	6.083490929872655E-4	5.361034859496131E-4	0.0018027823923978503	9.351933985235766E-5	3.920538539695535E-4	7.193038083310408E-4	0.001080775585652837	6.301181565379818E-4	6.386480999392931E-4
6	6	0.0015566162282979754	2.9438203471097025E-4	0.035007428639081746	1.8005291890284126E-4	0.26367179452369927	3.203293495668306E-4	0.681566014442454	0.00625840441731193	0.0013680138345487393	9.30760740741787E-4	3.7886142771994765E-4	0.0059818773138200524	2.260982668552748E-4	7.603121134651037E-4	3.944119225528561E-5	1.6534624232004773E-4	3.0336184835278715E-4	4.558102925646111E-4	2.6574836172706524E-4	2.69345811603732E-4
7	7	0.001375488920116728	2.6012784632799415E-4	0.1523527343737741	1.5910202558811143E-4	0.34429156653864296	2.830559408976109E-4	0.4251902149752567	4.710638143079817E-4	0.001208832233520816	8.224577534886746E-4	3.347772473490089E-4	2.2671330578158676E-4	1.9978955330375329E-4	0.010790072269566115	3.485182921589976E-5	1.4610661263813135E-4	2.6806277206273206E-4	0.06111215118166215	2.3482597730233753E-4	2.380048291966422E-4
8	8	0.5882328174350506	2.6012784632799415E-4	0.09164335556188438	1.5910202558811143E-4	2.7175327126782354E-4	0.01546040064387004	0.2531803083415692	4.710638143079817E-4	0.001208832233520816	8.224577534886746E-4	3.347772473490089E-4	2.2671330578158676E-4	1.9978955330375329E-4	6.718424675844959E-4	3.485182921589976E-5	1.4610661263813135E-4	2.6806277206273206E-4	0.005461887270763233	2.3482597730233753E-4	0.04071092403712312
9	9	0.004018195718820276	7.599076831330508E-4	0.16426256789087487	4.6478242661491604E-4	7.938688674359563E-4	8.268871913594944E-4	0.35535485904568476	0.001376111849583529	0.21043900389068715	0.046739989535550946	9.779798894650976E-4	6.622942732347532E-4	0.1927121836616539	0.016741762166427754	1.0181214032352909E-4	4.268191163212351E-4	7.830878659394486E-4	0.0011766130487923553	6.859937022131485E-4	6.952800358837786E-4
10	10	0.0020189899573383745	3.818246019137039E-4	8.502978925853778E-4	2.3353542668110326E-4	3.9888880058519495E-4	4.1547924790898556E-4	0.5275715675095569	6.914436724598356E-4	0.07603379452298595	0.18685580424439308	4.913975608656114E-4	3.3277758975271365E-4	2.932579796187426E-4	9.861534870462044E-4	5.115671391653401E-5	2.1446031247716752E-4	0.2008939300147601	5.912031407674957E-4	3.4468564810784084E-4	3.4935167627906196E-4
11	11	3.7518584540952867E-4	7.095388738634561E-5	1.5800956934929378E-4	4.339753458106979E-5	7.412490157664874E-5	0.029056193999213012	0.44302575522506155	1.2848993025547524E-4	0.07208721710022252	0.008504048373924156	0.4126968799435326	6.183955541280202E-5	5.44956861258465E-5	0.0015632071286713262	9.506374655003546E-6	3.985283500350399E-5	7.311826092400872E-5	0.031848751944031056	6.405241185862811E-5	6.491949280559435E-5
12	12	0.2223119661136523	3.435561739605265E-4	0.04753681326770124	2.1012930354061428E-4	3.589101107626521E-4	3.738377780169045E-4	0.5281490413527958	0.03403052691878493	0.06841329607127225	0.0010862367986411558	4.42147166679113E-4	2.994249059443457E-4	2.638661546590963E-4	8.87316106006175E-4	4.6029524597081394E-5	1.9296599551667142E-4	0.01371738930969383	0.020576979692593814	0.006991816135771748	0.05376775111940973
13	13	0.0012491019176299688	2.362259607657742E-4	5.260594409222767E-4	1.444829124789003E-4	2.467831818187593E-4	2.570473039810137E-4	0.30342491643596087	4.277800461876883E-4	0.0010977585052852552	7.468861013908835E-4	3.0401619055356853E-4	2.058817202104233E-4	1.814318607037379E-4	6.101101232671703E-4	3.164946374326169E-5	0.6892712888012671	2.434317846779518E-4	3.6576357111506633E-4	2.132489577108256E-4	2.1613572032953187E-4
14	14	0.11596651889886697	1.9067374033802708E-4	0.15617455270132927	1.1662180248088637E-4	1.9919517811405534E-4	0.007624143608288299	0.40066443781020195	3.452898283667319E-4	0.04538605559429961	6.028616249333089E-4	2.4539175960276596E-4	0.20783276089653507	1.4644576482925598E-4	0.004200792389624428	2.554639469793122E-5	1.0709616334079378E-4	1.9649004178558233E-4	0.059628540768525605	1.7212746752345978E-4	1.7445756631612587E-4
15	15	0.011924312171832818	4.820569735818889E-4	0.0010735086913949165	0.2815544195673599	5.036006769654602E-4	5.245462650370319E-4	0.4035548802802141	8.729538182656646E-4	0.0022401523569472942	0.0296500988223485	6.203938138850891E-4	4.201346822285813E-4	3.7024082111319966E-4	0.0012450275940054823	6.458580868126561E-5	0.15027586686361025	4.967616133937365E-4	0.010121718550922467	4.351687123647707E-4	0.1035695719158476
16	16	0.1189713307948069	1.8385575879420002E-4	0.10768138812537037	1.1245171961833316E-4	1.9207249281091233E-4	0.0609875014953972	0.1574909177410417	0.4580266119999503	8.543905263745662E-4	0.029187159210783957	0.06459978938481965	1.6023869590131373E-4	1.412092570646974E-4	4.7485153324249143E-4	2.4632924142137646E-5	1.0326669178494263E-4	1.8946408490203375E-4	2.846754805807106E-4	1.6597265095207375E-4	1.682194316615286E-4
17	17	0.9274517512524659	4.4454703961878915E-4	9.899765731396113E-4	2.718983587146095E-4	4.644143791376625E-4	4.8373014403803284E-4	0.03496698751934654	8.050273243645896E-4	0.002065841079274011	0.027342958152726502	5.721195802047166E-4	3.8744306059534527E-4	3.414315526833534E-4	0.0011481492053652868	5.9560242096082445E-5	2.496897699876147E-4	4.5810747843672684E-4	6.88320251561265E-4	4.0130725913794206E-4	4.067397771053491E-4
18	18	0.04396024113486857	0.004499717571529332	4.900376923575044E-4	1.3458949219145812E-4	2.2988478396868966E-4	2.3944607371505084E-4	0.5565466890962858	0.004678155053455782	0.03953959380695421	0.2874334394445435	2.831987811054249E-4	1.917840365979009E-4	1.690083732429845E-4	5.683330316544388E-4	2.948227704061283E-5	0.0215219317884637	2.2676287265354324E-4	0.038857721987052514	1.9864680491438134E-4	2.0133589740471786E-4
19	19	0.03964230347748521	2.464147977989328E-4	5.487493006478389E-4	1.5071471208530883E-4	0.2973872009178937	2.6813420180369697E-4	0.551340530858899	4.4623094448233033E-4	0.001145106741168632	7.791005995126557E-4	3.171289382420554E-4	2.1476175730935284E-4	0.05769824576137694	0.005428840937664011	0.0431647558816688	1.3840437276721348E-4	2.5393142144409825E-4	3.8153959084920834E-4	2.2244675659187612E-4	2.2545803030910884E-4
20	20	0.1441651513751024	2.1015704124030638E-4	0.11491112183890748	1.2853837612900995E-4	0.2904145937115779	2.2868062717717284E-4	0.3557725353382558	3.80572010447175E-4	9.766144191741854E-4	0.041537004320806835	0.004357720369679721	1.8316146550796883E-4	1.6140979132275518E-4	0.008717289190492403	2.8156759890252992E-5	1.1803939428675009E-4	0.02065283839971611	3.2539941693896917E-4	0.016538732276741765	1.9228387660505527E-4
21	21	0.7020858164850232	0.020351450169404563	0.0022163563642849274	6.087251699952763E-4	0.0591083284821849	0.0010829734888928159	0.09764017875541105	0.021158492270170443	0.02398119804492355	0.06121532666978118	0.0012808594739745645	8.674062765194592E-4	7.64395860760148E-4	0.0025704727440062046	1.3334327822461223E-4	5.590046530634885E-4	0.001025609547647925	0.0015410091628490178	8.984453995748093E-4	9.106077033078864E-4
22	22	0.027256764244801605	0.0011018927626300589	0.02388408128660512	6.739508014619492E-4	0.0011511376696422245	0.00119901539607278	0.6224281932847747	0.0019954103916594614	0.005120572472933169	0.26064677941951453	0.0014181051016043697	9.603498985559461E-4	8.463017932994227E-4	0.002845901979003958	1.4763117028615468E-4	6.189026715554089E-4	0.00113550483977804	0.044566609504979045	9.947149008442393E-4	0.001008180409997729
23	23	0.045977723167239734	0.0018587136736104755	0.004139231237770825	0.0011368452652580218	0.0019417818133818216	0.00202254374212473	0.3992471655716294	0.003365932425755547	0.008637571998782317	0.5119673266513259	0.0023921124018252177	0.0016199539087958033	0.0014275733252409257	0.004800573251342515	2.4902974605898066E-4	0.0010439880333802552	0.0019154117748343032	0.002877963745967213	0.0016779220721354425	0.0017006361935404863
24	24	0.07385722569295541	7.554054905250528E-5	0.03836627287606591	4.6202875001461426E-5	7.891654664492024E-5	8.219881681186213E-5	0.3218103187092354	0.011890041768139584	0.1002536321963308	0.0237453316702265	0.09853065283358725	6.58370406629032E-5	5.8018442717934096E-5	1.9510156099985783E-4	1.0120893828235591E-5	0.32472584653429887	7.784483386919946E-5	0.00599358714311636	6.819294246123435E-5	6.911607399383311E-5
25	25	0.041087293537657166	2.2785149351803178E-4	0.004938796021737838	0.031159062557349602	2.3803444960179506E-4	2.4793469746930226E-4	0.13313827855212412	4.1261477826191347E-4	0.0010588417722613294	0.00515179413690377	2.932384859256733E-4	1.9858298929523565E-4	1.7499990390172092E-4	5.884810557918851E-4	3.052745582902842E-5	1.2797787846397177E-4	2.3480186313488166E-4	0.05796081433704236	2.056890502130411E-4	0.7225243849835175
26	26	0.001199504428939423	2.2684625022964435E-4	5.051714518771532E-4	0.08396361887766532	2.369842807871313E-4	0.004658676265056652	0.6575593087250343	4.107943897705629E-4	0.018701511995296616	0.027188242342412353	0.14147067803530594	1.9770687383031265E-4	1.7422783312812413E-4	5.858847742290823E-4	3.0392773718282253E-5	1.2741326112747058E-4	2.337659559596736E-4	0.062116936178353475	2.0478158397690217E-4	2.0755372330161397E-4
27	27	0.046597264186052506	1.3871806627647532E-4	0.09473430173973331	8.484414737522845E-5	1.449175427649019E-4	0.005546681239278012	0.5585784633089895	2.512036382726613E-4	0.014133973361431499	4.3859106500342783E-4	1.7852626330154683E-4	1.2089913410313927E-4	0.08374045473487879	0.03273269064335762	1.8585393387417973E-5	7.79140990150368E-5	0.14582783056947976	0.01100625861184513	1.2522536876652014E-4	0.005522656886687617
28	28	0.0027838917371151963	0.15411581090290907	0.0011724363802064098	3.22011183016615E-4	5.50009291497831E-4	5.728850908805245E-4	0.4817010694831259	9.533996538442991E-4	0.06388232271540822	0.22692894760449064	0.021156142755529368	4.5885160500301907E-4	4.043598450484462E-4	0.04231691620543966	7.053762335596246E-5	2.9570939155705225E-4	5.42539983608377E-4	8.151826276089527E-4	4.752710751145131E-4	4.8170484523991463E-4
29	29	0.009173283866976401	2.076113600626086E-4	4.623366358617143E-4	1.2698136084752197E-4	2.1688976034590806E-4	2.2591056548962088E-4	0.23840613974652047	3.759620530646566E-4	9.64784461300363E-4	6.564140487309514E-4	2.6719000145992565E-4	1.8094278802530472E-4	1.5945459693458993E-4	5.362060633338108E-4	2.7815690501121213E-5	0.7470993025846466	2.1394432574482758E-4	3.214577780291019E-4	1.874176148919392E-4	1.8995469723252816E-4
30	30	0.6076892501257999	5.865375293448936E-4	0.001306179912516259	3.58744018833543E-4	6.127505938746875E-4	6.382359081662533E-4	0.2514673162648959	0.0010621569728432843	0.128206165714688	0.0018544817309314112	7.548573607663026E-4	5.111942612828791E-4	4.504864536338276E-4	0.0015148736538921606	7.858407352386605E-5	3.294418986949438E-4	6.044292383706162E-4	9.081730925370808E-4	5.294867523688507E-4	5.366544430354157E-4
31	31	3.265226171211779E-4	6.175086104067212E-5	0.03616649529177648	3.7768686482695974E-5	6.451058096351727E-5	0.05771356207923045	0.25706003407901373	1.1182423008240132E-4	0.05913429495984028	0.10227735113868083	0.02049589376769762	5.381869737904935E-5	0.40597393814910865	1.5948638887634453E-4	8.273356710187228E-6	3.468374978495955E-5	0.06011193491859122	9.561275729580556E-5	5.5744536764636835E-5	5.64991535592824E-5
32	32	0.05855336481959962	2.2684625022964435E-4	0.17256675262385776	1.3874599900810358E-4	2.369842807871313E-4	2.4684085039048266E-4	0.441379373406392	4.107943897705629E-4	0.058408030727292136	7.172298544153394E-4	2.9194476598852335E-4	0.22078947760713877	1.7422783312812413E-4	5.858847742290823E-4	3.0392773718282253E-5	1.2741326112747058E-4	2.337659559596736E-4	0.0444695945196888	2.0478158397690217E-4	2.0755372330161397E-4
33	33	5.366156495051583E-4	1.0148294993159862E-4	2.259957530963085E-4	6.207002873662218E-5	1.0601834448376309E-4	0.002084126185359746	0.021798290231187754	0.0041311715337000645	4.715983419760989E-4	3.208631455507651E-4	1.306057121932266E-4	8.844702858320622E-5	7.79433402497643E-5	2.62104024856418E-4	0.9394940169355315	0.0020306985265407863	0.0020782769422907532	0.02581521116470215	9.161200245806683E-5	9.285215906637906E-5
34	34	0.18769015579350828	4.3330814680254037E-4	0.05995551826203738	2.650243133647002E-4	4.526732067435582E-4	4.715006367951231E-4	0.36274471046032036	0.017639123444849837	0.0020136131609748043	0.11092392521993953	5.576554401544039E-4	3.776478518944516E-4	3.3279959187222256E-4	0.00111912207278731	5.805445954132351E-5	2.4337719491207034E-4	4.465257550427583E-4	6.709183641542894E-4	3.911615403053488E-4	0.25321318508399965
35	35	0.0010272810260935296	1.9427593852856654E-4	0.4047203046446576	1.1882501538859643E-4	2.0295836285514542E-4	2.113997380527725E-4	0.29110369792322704	0.1703793357319814	0.031129928975735913	6.142508547802221E-4	2.5002768771141537E-4	1.6932035873658665E-4	1.4921241045200883E-4	0.004280153536670219	2.6029015831772485E-5	1.0911941837903873E-4	2.0020212123461533E-4	0.09476054453976505	1.753792905115437E-4	1.7775340940702963E-4
36	36	0.027486594290965886	6.0729779429699663E-5	1.3524116363229844E-4	3.7144162215533705E-5	0.03431555933585739	0.007152727181660504	0.5114719440211141	1.0997516007634767E-4	0.1266607105275453	1.920120381753927E-4	7.815752398900081E-5	5.292877809219043E-5	4.6643124431962916E-5	1.5684920105195487E-4	8.136552587047575E-6	0.028380688556389012	0.2634495391662918	9.403175216318374E-5	5.4822772752875785E-5	5.5564911578479976E-5
37	37	0.08995090390851293	0.21461468894092456	7.216784597851066E-4	1.9820993148651555E-4	3.385512980122402E-4	3.526322084510215E-4	0.3469263540525329	5.86853159251912E-4	0.1779805967330132	0.0010246211157083156	0.12647037307688314	2.824403312273579E-4	2.48898614116812E-4	8.369839980189733E-4	4.3418546404599745E-5	1.820201947378277E-4	0.03814994553774542	5.017754080889522E-4	2.925471294303141E-4	2.9650735566782966E-4
38	38	0.0324816805465062	0.3771706329012231	4.496282486179209E-4	1.2349098569395777E-4	2.1092804576416815E-4	0.004146458478902087	0.3064613920489871	3.6562787015827246E-4	0.150155053391164	0.004565128582414303	0.1219893308224858	1.7596915876723964E-4	1.5507162009808877E-4	5.214672047473277E-4	2.7051112185403476E-5	1.1340427341759956E-4	2.0806357321672645E-4	3.12621770650822E-4	1.8226601010527612E-4	1.847333548945817E-4
39	39	0.15319196121386475	2.4407537646545683E-4	5.435395655502208E-4	0.6267423674998643	2.5498339730526336E-4	2.655885800409733E-4	0.21382198402461647	4.4199450170168657E-4	0.0011342352871677936	7.717039472835513E-4	3.141181685552795E-4	2.1272284470689527E-4	1.8746055497262322E-4	6.303831193620283E-4	3.270112545219308E-5	1.3709038454414347E-4	2.515206385289792E-4	3.7791731708005494E-4	2.2033488387732353E-4	2.233175690599473E-4
40	40	0.1443665470698013	1.6766826653312293E-4	3.733860337233576E-4	1.0255096180141779E-4	1.751615621371405E-4	1.8244682225355843E-4	0.3621055543022727	3.036293664305033E-4	0.1605636676392956	5.301241976620025E-4	0.2676102562873136	1.4613055663584173E-4	1.2877655563114652E-4	4.3304345733594595E-4	2.2464130129191386E-5	0.03922507295622906	1.7278281025380948E-4	2.5961136418293785E-4	1.5135966835932017E-4	0.02297976599201852
41	41	9.16471828173763E-4	1.733200750631195E-4	3.859722339269744E-4	1.0600777812482213E-4	1.8106595675804302E-4	1.885967904473295E-4	0.5192571041117577	3.1386418950485274E-4	0.07496364193744844	5.479937714594498E-4	2.230580787832803E-4	1.5105636605443223E-4	0.010245600773524866	4.4764060655587315E-4	2.322135727126383E-5	9.734908979229051E-5	1.7860702124507865E-4	0.39128438651882524	1.564617421292644E-4	1.5857977315405795E-4
42	42	0.005614259576171526	1.2706290171064796E-4	2.8296059763787914E-4	7.771549768561482E-5	1.3274149493826997E-4	1.3826243404767532E-4	0.4745785302588407	2.3009737704662113E-4	0.11673648812336188	0.002872932285603351	0.007577102007802856	1.1074112554908631E-4	9.758986103410151E-5	3.281703771002279E-4	1.7023838903092442E-5	7.136771561744452E-5	1.3093882158215226E-4	0.3857026714744303	1.1470386771069315E-4	0.005058640363225886
43	43	0.0013415535522825785	2.537101035021948E-4	5.649954593137799E-4	1.5517674078026822E-4	2.6504871183027863E-4	2.7607252770429593E-4	0.3554885490843459	4.594419658306109E-4	0.2824340500346106	8.021664912440336E-4	3.2651779220899325E-4	2.2111994962140677E-4	0.1580924276038865	6.552671095931368E-4	3.399198249024663E-5	1.4250194409419582E-4	2.614492627573872E-4	3.9283537331846454E-4	2.2903246940836463E-4	0.19760409184117678
44	44	0.1010385281897762	5.057655407599745E-4	0.0011263060873895865	3.093414378486657E-4	5.283688084003161E-4	5.503445441703837E-4	0.5020938872385596	0.05009797277403512	0.04169599593449349	0.0015991013508063162	0.01048732312866762	4.407977819934225E-4	3.8845003674638196E-4	0.0013062606472931866	6.776227343084289E-5	2.840745079492868E-4	5.211933854208636E-4	0.28603920326895466	4.5657121708167123E-4	4.6275184622235794E-4
45	45	0.08875762856440157	7.276457927963876E-4	0.0016204185928889428	4.450500827912082E-4	7.601651545884768E-4	7.91781685150577E-4	0.4534816311870935	0.44001948688207626	0.003381420718061056	0.00230062998839505	9.364597408395433E-4	6.341765614548099E-4	5.588637662530049E-4	0.0018793195417586936	9.748970461329092E-5	4.0869850531810066E-4	7.498418606473997E-4	0.0011266599268653337	6.568698308749938E-4	6.657619131317203E-4
46	46	0.002034095030887595	3.8468122270760404E-4	8.566593963459914E-4	2.3528262199703094E-4	0.08269837408635965	4.1858765593995637E-4	0.24722159078810008	0.1353636183433745	0.3309736444519803	0.07603126459830678	0.12019907540510971	3.3526726532067617E-4	2.9545198921989807E-4	9.93531394449117E-4	5.153944287634734E-5	2.1606479732444578E-4	3.9641551788907495E-4	5.956262271188493E-4	3.472644138154689E-4	3.5196535087687685E-4
47	47	0.0016817902429388772	0.11784646869389732	7.082861874294661E-4	1.9453172639383388E-4	3.322687616168965E-4	0.012717500388813783	0.4580168149235812	5.759628559112665E-4	0.08807790566783086	0.001005607100731352	0.24783756761555084	2.771990526652398E-4	2.442797731579362E-4	8.214519871811817E-4	4.261282331441695E-5	1.786424245008144E-4	0.06837052254037262	4.924639026180934E-4	2.8711829782107054E-4	2.9100503367288365E-4
48	48	0.12279424654389617	0.07614685136119015	5.792873440498123E-4	1.5910202558811143E-4	0.0053308681722586335	0.5011354311389878	0.283534997747514	4.710638143079817E-4	0.001208832233520816	8.224577534886746E-4	0.0053938921483398196	2.2671330578158676E-4	1.9978955330375329E-4	6.718424675844959E-4	3.485182921589976E-5	1.4610661263813135E-4	2.6806277206273206E-4	4.027723697724232E-4	2.3482597730233753E-4	2.380048291966422E-4
49	49	0.16413867459252968	1.2929957003591437E-4	0.027949552126803015	7.90835113994175E-5	1.3507812264926817E-4	1.40696245983695E-4	0.32199218171523514	2.341477450772446E-4	0.17159991157218582	4.0881218754527975E-4	0.012739864294510893	1.1269048420913047E-4	9.93077200480503E-5	0.005363330857520728	1.7323506868614704E-5	7.262399031933717E-5	1.3324371711686493E-4	0.29441915199087476	1.1672298189933564E-4	1.1830306718794864E-4
50	50	0.0056612932315491075	2.2886568570442968E-4	5.096685998341364E-4	1.3998114656772976E-4	2.3909396725143716E-4	0.5343823041592521	0.4319552985296047	4.144513722540982E-4	0.0010635547940435373	0.022979167538033873	2.9454372284374263E-4	1.9946690413373474E-4	1.7577884782004753E-4	5.911004500271925E-4	3.066333690970238E-5	1.2854752214883823E-4	2.358469921848004E-4	3.543671924863183E-4	2.066045949142531E-4	2.094014124361478E-4
51	51	0.13976424788194372	2.960771682587367E-4	0.006417621926221572	1.8108971363627377E-4	3.093092114427991E-4	3.2217389496280924E-4	0.3054443233032594	0.1329765545882985	0.2201904492610729	9.361203196920597E-4	0.10978832202847072	0.04632426752434572	2.274002034955814E-4	7.646902018616096E-4	3.966830559873907E-5	1.6629835192357372E-4	3.051086901624789E-4	0.03500810203109995	2.672786146301332E-4	2.7089677962271504E-4
52	52	0.017158038382104102	8.588747991663023E-5	0.041950984566018666	5.253136955650694E-5	8.972589423918956E-5	9.345774311479455E-5	0.3074256759658038	0.028552141915852525	0.03046612270172835	0.17566237356580408	0.237305738036408	7.485486376032546E-5	6.596533777199842E-5	2.2182498819847752E-4	1.1507171662291517E-5	4.8240620663201646E-5	0.16044582789873574	1.3298500836463411E-4	7.753345785220956E-5	7.858303244441135E-5
53	53	0.019870175085476817	3.122598806246342E-4	6.953819033748298E-4	1.9098754792533194E-4	3.262151486021521E-4	3.3978297811044296E-4	0.31606600850290384	5.65469373997448E-4	0.23829842391310987	0.2013965655584075	0.006474878188239107	2.7214875607785283E-4	2.398292337607578E-4	8.064859325439987E-4	4.1836459203159985E-5	1.7538773362743494E-4	0.0731978867260221	0.14016268659017211	2.818872822540252E-4	2.857032055665466E-4
54	54	0.011657692386289628	1.8320068229102637E-4	4.0797568645791393E-4	0.18895059979518036	0.09995514973868806	1.9934829058472148E-4	0.5096659360225911	3.3175691646261223E-4	0.08280015051042774	0.10390598680992554	2.357741433514872E-4	1.5966776679214378E-4	1.4070612968407925E-4	4.7315964127259494E-4	2.4545157243152252E-5	1.028987534413604E-4	1.887890259806891E-4	2.8366118426722484E-4	1.6538129180987879E-4	1.6762006725879567E-4
55	55	0.019014624878474995	2.2886568570442968E-4	5.096685998341364E-4	1.3998114656772976E-4	2.3909396725143716E-4	0.5121267514143757	0.4586619618234565	4.144513722540982E-4	0.0010635547940435373	7.236147931573956E-4	2.9454372284374263E-4	1.9946690413373474E-4	1.7577884782004753E-4	5.911004500271925E-4	3.066333690970238E-5	1.2854752214883823E-4	2.358469921848004E-4	3.543671924863183E-4	0.004657715143889549	2.094014124361478E-4
56	56	0.07645854861788787	7.520906755367911E-5	0.001630194465252989	4.600013093290936E-5	7.85702508409824E-5	0.011783509268435093	0.13609685364385185	1.3619560816918996E-4	0.1495458089473701	2.3779184587636402E-4	0.04397805877614515	6.554813938814479E-5	5.776385044142929E-5	1.9424543063444833E-4	0.5514513294467592	4.22428519478266E-5	0.027868972223182287	1.1645094823402477E-4	6.789370319093591E-5	6.8812783905426E-5
57	57	0.00164118274701888	3.103749707968953E-4	6.911843350510315E-4	1.898346803032087E-4	3.242459998971456E-4	3.37731929242245E-4	0.7065208521847004	5.620560031276423E-4	0.28515076866991057	9.813263163639088E-4	3.994438882117925E-4	2.705059710235836E-4	2.383815406444008E-4	8.016177014502555E-4	4.158391970640462E-5	1.7432903193921964E-4	3.1984263209483056E-4	4.805731653514979E-4	2.801857120504743E-4	2.839786011155628E-4
58	58	0.4204155316945141	2.910493393726075E-4	6.4814744431483E-4	1.7801454205666157E-4	0.022946031704435977	3.167029050010462E-4	0.07949816978888989	5.270593436729042E-4	0.13720437669644972	9.202236100203189E-4	3.7457234222841145E-4	2.5366280006605235E-4	0.04550748865434549	7.517046295242657E-4	3.8994679010352996E-5	1.6347435957578702E-4	2.9992749265633615E-4	0.01743213133611476	2.627398278429412E-4	0.27196999680990747
59	59	0.06125008465153702	1.935446514702869E-4	0.2149885246096766	0.030231712979540273	2.0219439370255905E-4	2.106039941550331E-4	0.440574611224243	0.02293549017355183	8.994154859831183E-4	0.22646195302210698	2.4908654176395643E-4	1.6868300864585927E-4	1.4865075003474507E-4	4.998754192106853E-4	2.593103827180444E-5	1.087086746756652E-4	1.994485270355196E-4	2.9967740489871556E-4	1.7471913359034836E-4	1.7708431590605898E-4
60	60	0.006686252528578046	0.0012644816289152745	0.0028159161533613964	7.733950490856168E-4	0.0013209928270521028	0.0013759351114184756	0.025683963106930104	0.0022898415054270834	0.005876134267456907	0.0039979676706124205	0.001627352415465296	0.0011020535257497978	0.9354808875255769	0.0032658266686086687	1.6941476431566203E-4	7.102243383471062E-4	0.0013030533080339022	0.0019578767494569838	0.0011414892272489706	0.0011569416283591636
61	61	0.0012724864384810748	2.4064836283491925E-4	5.35907835029708E-4	1.4718778678243354E-4	2.514032263319346E-4	2.6185950381421043E-4	0.31378562144750516	4.3578854514888073E-4	0.0011183097159543007	7.608686062328547E-4	3.0970769806527165E-4	2.097360457151484E-4	1.8482845874733995E-4	6.215320358410316E-4	3.2241975478601024E-5	0.6787738489576713	2.479890874602776E-4	3.726110554833107E-4	2.1724120576335217E-4	2.2018201165882918E-4
62	62	0.0010593006281569893	2.0033137816405288E-4	0.004342283643743523	1.2252870465305767E-4	2.0928442733896596E-4	2.1798891405898162E-4	0.27680023411180293	3.6277878149402023E-4	0.09833492991443021	0.01621803277278441	2.5782086880014854E-4	0.5962869312941675	1.5386325270865138E-4	5.174037664181276E-4	2.6840321314758177E-5	1.1252059124716768E-4	0.004102601317130651	3.101857223742665E-4	1.808457353788319E-4	1.8329385383271897E-4
63	63	0.0031372466537694286	0.9237089228178587	0.001321251850968764	3.628835464133596E-4	6.198210894083571E-4	6.456004773453409E-4	0.05820691518222071	0.001074413143963504	0.0027571322633845492	0.0018758804940283327	7.635676184979292E-4	5.170929038584543E-4	4.556845921427689E-4	0.001532353697993283	7.949085084309243E-5	3.332433107157743E-4	6.114037142390032E-4	9.18652452098331E-4	5.355964709969274E-4	5.428468692534177E-4
64	64	0.0645565449078403	6.296319995050356E-4	0.25855644463178645	3.85101894743067E-4	6.57771007509319E-4	6.851287955324233E-4	0.5148521414383396	0.0011401964667912773	0.0029259437888020526	0.0019907354293186444	8.103187360086338E-4	5.487530614222254E-4	4.835848899015872E-4	0.001626175444839716	8.435785412971934E-5	3.5364687000968067E-4	6.488382599143399E-4	9.748989818084727E-4	5.683895504142467E-4	0.14752139599138317
65	65	0.05897289730764615	1.3614692116333414E-4	0.07179549297275838	8.327155758387662E-5	0.002790094559370966	0.00279601020313131	0.5429294621804329	2.4654756841611676E-4	0.06682926096429279	0.22020309651108624	1.7521727160510638E-4	1.1865826363704767E-4	1.0456678493622919E-4	3.516320330929622E-4	1.824091234996878E-5	7.646995795753357E-5	0.02926679370147633	2.1080487478850147E-4	1.229043113614693E-4	0.0027724311429128262
66	66	0.2865286417402707	1.8584940163356945E-4	4.1387420756872366E-4	1.1367109162529224E-4	1.9415523393604043E-4	2.0223047238978627E-4	0.3326949270230576	3.3655346498343626E-4	0.20327595147464697	0.10902276705868098	2.3918297090691384E-4	1.6197624674426088E-4	1.427404618855093E-4	4.8000059338192477E-4	2.4900031646143946E-5	1.0438646579676932E-4	1.91518541714591E-4	0.05811984703539828	1.6777237802764579E-4	0.007399054105704943
67	67	0.01837156377291433	0.07319420667942214	9.259330806131267E-4	2.5430872985190024E-4	4.3437051787216936E-4	0.008538927624778252	0.6311052334926535	7.529485551993231E-4	0.06662412516682088	0.0013146167427687421	5.351080618988899E-4	3.62378622275372E-4	3.193436874894983E-4	0.0010738732204094983	5.570717524273365E-5	2.3353685753290122E-4	4.284716227330468E-4	0.08150870064851794	3.7534591909338296E-4	0.11359129982191242
68	68	0.1382509094924054	2.1365000877861888E-4	4.7578430332879756E-4	0.33670085217418305	2.23198283503955E-4	2.32481470597201E-4	0.20378862126855682	3.8689740249988415E-4	0.030079158109427885	6.755067123084401E-4	0.004430148948339282	0.004341393121577773	0.008474467293498072	5.518023199880284E-4	2.862474634314682E-5	0.13308599730495832	2.2016717707419166E-4	0.029417119425769266	1.9286890204300654E-4	0.10823035153481884
69	69	0.11660835889746812	0.002769344301432706	0.018738995001655954	8.283289724480579E-5	1.4148223890714237E-4	1.4736672006679724E-4	0.37676669863142437	2.4524879794638507E-4	0.05594155751881699	4.2819416240048056E-4	1.7429425695276315E-4	0.08176938514087984	1.0401594497758579E-4	3.49779695616155E-4	1.814482234002344E-5	7.60671272832953E-5	1.3956086336017873E-4	0.3452525042384708	1.222568724464378E-4	1.2391187030924987E-4
70	70	0.09177359516037195	0.0013615636762759334	7.599821017085976E-5	2.0873007676506506E-5	0.024593233352925483	3.7134843540785725E-5	0.18122458819555476	6.18000844164592E-5	0.19595552211127137	0.04125844206539551	4.392029597364052E-5	2.9743107006041983E-5	0.4128590647197737	8.814075704855215E-5	0.031863056197215585	1.9168105722797033E-5	0.018619283456390374	5.284075256156077E-5	3.0807429438793335E-5	3.122447126932335E-5
71	71	0.03499121966262517	3.412758788864938E-4	0.020671983126936435	2.0873460639327484E-4	3.5652790657124476E-4	3.71356493999004E-4	0.4649075892398057	6.180142553322626E-4	0.0679592145735327	0.0807269652202926	0.007076540668477936	2.97437524579032E-4	2.621147883956502E-4	8.814266978133002E-4	4.57240115364695E-5	1.9168521687730095E-4	0.2857567977786273	0.033715059880763065	3.080809798739744E-4	3.122514886810589E-4
72	72	0.7288560524536623	0.06638578972783359	5.409716180176459E-4	1.4857856139333241E-4	2.5377873065823684E-4	2.643338093084951E-4	0.17974035034343455	4.399063028620904E-4	0.010577857672314507	7.680580392891642E-4	3.126341202412217E-4	2.1171783764060298E-4	1.8657489935506062E-4	0.010076385949306333	3.254662929452629E-5	1.36442702319992E-4	2.503323316530145E-4	3.761318502926819E-4	2.192939138040222E-4	2.2226250731873325E-4
73	73	0.04924387580464615	1.249022988903645E-4	0.017282347718018478	7.639400792567176E-5	0.05114308024795994	1.3591139215487374E-4	0.35719599712691835	2.2618475554110192E-4	0.1827682722452998	3.949091402594871E-4	0.33538637606153066	1.0885806145278864E-4	9.593042365196527E-5	3.2259010282071476E-4	1.6734362164792906E-5	7.015416480470311E-5	1.2871231185046647E-4	0.005051736584270403	1.12753420359526E-4	1.1427976947991203E-4
74	74	0.04718451511327429	1.5886169848910423E-4	3.5377439473726827E-4	9.71645995412382E-5	1.6596141802189968E-4	0.07123442371756497	0.31219007822757283	0.01264621372977341	0.16448879197296606	0.12717723430840133	0.2628232580985369	1.3845523012991854E-4	1.2201272653522148E-4	4.1029838605978567E-4	2.1284229515777858E-5	8.922821978434724E-5	1.6370760713517793E-4	2.459755988055586E-4	1.4340968923632895E-4	1.4535103391858105E-4
75	75	0.01199677477519653	0.04639350872325885	0.22567603809958853	0.0013876601543952453	0.002370184697341145	0.002468764613125204	0.6197046673202514	0.00410853653733414	0.010543224183380783	0.007173333268202849	0.002919868839049237	0.0019773539635427563	0.0017425296840768792	0.04998441193638719	3.0397158384327927E-4	0.0012743164262186831	0.002337996806094615	0.0035129104532676866	0.002048111271461557	0.0020758366639833984
76	76	0.037242352226060496	1.698841733043221E-4	3.7832071013832095E-4	0.05627198132390646	1.7747650043535947E-4	1.848580426781196E-4	0.44288324923589845	3.076421374987564E-4	0.014005481252811317	0.25824947466071785	2.1863616952131894E-4	1.480618206527241E-4	1.3047846886431275E-4	4.38766567314808E-4	2.2761016469651886E-5	9.541923885775308E-5	0.026607101627058323	2.630423925562143E-4	0.05301743067267545	0.10918758176258013
77	77	0.00652576847572942	0.0012341314236704673	0.002748328272879494	7.548319494420085E-4	0.001289286234792362	0.0013429097893575207	0.6251198111536996	0.0022348805173995952	0.00573509474819054	0.0039020080800652008	0.0015882925519721631	0.0010756019348904173	9.478668636742294E-4	0.051191625347008426	1.6534845544181003E-4	0.2887182895845453	0.001271777301772206	0.001910883610267583	0.0011140910970274488	0.001129172608174122
78	78	0.0014966353209759017	2.830386469058791E-4	6.303081670957362E-4	1.7311496127047818E-4	0.011305082450571281	3.0798613697555715E-4	0.26997450619547714	0.006017250066923785	0.09489515329546706	0.006399593082024229	3.6426280554778523E-4	0.6057633768342362	2.173860493263877E-4	7.31015097550356E-4	3.792140950194564E-5	1.5897497530101122E-4	2.9167244246049655E-4	4.382466089682638E-4	2.555083118252517E-4	2.5896714159522456E-4
79	79	0.0840216276089372	2.655006392898088E-4	0.02640929242840044	1.6238818758636367E-4	2.773661807806977E-4	0.005452510347271166	0.13448301073188487	0.5839685026399293	0.13548760918948238	8.39445151384408E-4	3.4169188130197864E-4	2.3139594038164093E-4	2.039160930840466E-4	6.857189922712637E-4	3.557167395901675E-5	1.4912436176087204E-4	0.026091639689596463	4.1109140437050343E-4	2.396761745261688E-4	2.4292068380135545E-4
80	80	1.983589739273591E-4	7.6708690124466E-4	0.050424139256918375	2.2944070347541583E-5	3.91894832897049E-5	4.081943894955441E-5	0.1729414028138111	6.793201565920989E-5	0.04176003877869295	0.07307599827242926	4.827815790238405E-5	3.269427914162974E-5	2.881161034097955E-5	9.688626390358439E-5	0.659539847929924	2.1070004522059247E-5	7.682311952508952E-4	5.8083720505410345E-5	3.386420583106412E-5	3.4322627408148E-5
81	81	0.0010272810260935296	1.9427593852856654E-4	4.326395425620626E-4	1.1882501538859643E-4	2.0295836285514542E-4	2.113997380527725E-4	0.23820624641454166	3.5181302549261456E-4	9.028138279156863E-4	6.142508547802221E-4	2.5002768771141537E-4	1.6932035873658665E-4	1.4921241045200883E-4	5.01764143192691E-4	2.6029015831772485E-5	0.7557869981138847	2.0020212123461533E-4	3.0080970282684975E-4	1.753792905115437E-4	1.7775340940702963E-4
82	82	0.0010272810260935296	1.9427593852856654E-4	4.326395425620626E-4	1.1882501538859643E-4	2.0295836285514542E-4	2.113997380527725E-4	0.24954141459497425	3.5181302549261456E-4	9.028138279156863E-4	6.142508547802221E-4	2.5002768771141537E-4	1.6932035873658665E-4	1.4921241045200883E-4	5.01764143192691E-4	2.6029015831772485E-5	0.7444518299334522	2.0020212123461533E-4	3.0080970282684975E-4	1.753792905115437E-4	1.7775340940702963E-4
83	83	0.09151360148808788	0.005265960548362305	0.06568318351202988	1.5750832020851755E-4	2.6903115224551153E-4	2.8022060442677065E-4	0.4660070823357499	0.0956266742676936	0.006205161880644766	8.142192955471212E-4	3.3142382492655037E-4	0.025266634199581663	1.97788285974127E-4	0.07078324989290831	3.4502722738438185E-5	1.4464308070825862E-4	0.1555269671091621	0.015424052960413456	2.3247375443206445E-4	2.3562076415876532E-4
84	84	0.008866810577099614	0.0016768614457639288	0.0037342584693193506	0.0010256189655114935	0.0017518023917157208	0.0018246627609685366	0.3275731914172213	0.6226752377772663	0.007792492020373177	0.005301807234646497	0.002158073681549233	0.0014614613816756874	0.0012879028674963025	0.004330896316647448	2.2466525422580981E-4	9.418466694839238E-4	0.00172801233647943	0.0025963904588620947	0.0015137580745800717	0.001534249899114043
85	85	0.6125322149628911	5.057655407599745E-4	0.0011263060873895865	3.093414378486657E-4	5.283688084003161E-4	5.503445441703837E-4	0.049618702785419536	9.158875073894504E-4	0.07120524709448088	0.07045402072411025	6.509060753384852E-4	4.407977819934225E-4	0.020061284143404648	0.0013062606472931866	6.776227343084289E-5	2.840745079492868E-4	5.211933854208636E-4	0.16800219862900503	4.5657121708167123E-4	4.6275184622235794E-4
86	86	0.11068738973582991	9.074286318775501E-4	0.0020207829707408406	5.550106820410402E-4	0.07154074357790799	9.874108782251124E-4	0.4419881208866098	0.1604769685363318	0.004216884102635301	0.002869057367600227	0.001167835215775401	7.908655216959075E-4	0.1242342763722868	0.07293641265819881	1.215769405323005E-4	5.096775508121167E-4	9.351087857140764E-4	0.001405029048677193	8.191657230117809E-4	8.302548134959773E-4
87	87	0.0019894429774383513	3.7623677627986505E-4	8.378541780191236E-4	0.7612259558942533	3.930512483326951E-4	4.0939890216866936E-4	0.2271600957749099	6.813247155933528E-4	0.0017483985241226203	0.0011895645090175722	4.8420618589069205E-4	3.2790754435210956E-4	2.8896628534962434E-4	9.717215889804487E-4	5.0408059178381816E-5	2.1132178545325446E-4	3.8771348252489204E-4	5.825511575054709E-4	3.396413338063002E-4	3.4423907682331E-4
88	88	0.6227960691924279	7.951631129071764E-4	0.001770775156388199	4.863457093207982E-4	8.306999045829417E-4	8.652500924765166E-4	0.32544696101990983	0.0014399556766051327	0.0036951784107609525	0.03344367508806895	0.0010233526394436065	6.930209914376342E-4	6.107200185367087E-4	0.0020536991923353148	1.06535649301002E-4	4.466211155847206E-4	8.194187254338173E-4	0.0012312012568520385	7.178199402295281E-4	7.275371073972407E-4
89	89	0.1817122019841507	0.0036550322270200958	3.980479951350569E-4	0.010538193066883562	1.867308960063331E-4	0.03148110333943834	0.19830280969791078	0.10113608103140151	0.10859560586225062	0.017946586411961913	0.038469221914639286	1.5578240706229173E-4	1.3728218294140607E-4	4.616457618407806E-4	2.3947874726890977E-5	1.0039481240864403E-4	0.3060976758737947	2.7675856538292136E-4	1.6135689900863477E-4	1.6354119603558732E-4
90	90	0.13926190781698106	4.6886956785563655E-4	0.18342100327736272	2.867747495529325E-4	0.07344056873346501	5.101964997637813E-4	0.5201788228107257	8.490728315511453E-4	0.00217886956333853	0.0014824457162172441	6.034219923326104E-4	4.0864125548059713E-4	3.601123172391422E-4	0.001210967960139941	6.2818965113151E-5	2.633510610091083E-4	4.8317193975749753E-4	0.07367672518101132	4.2326400673073806E-4	4.289937543721358E-4
91	91	0.12612060168478031	3.048543484586444E-4	6.788902777366329E-4	1.864581014058645E-4	3.184786543359854E-4	3.3172471020609596E-4	0.39157595086647	0.19620844677337687	0.12592528997046112	9.638715197695752E-4	3.9233900199471777E-4	2.6569449636623985E-4	2.3414146144301012E-4	7.873593719915326E-4	4.084426884005484E-5	1.7122825114668886E-4	3.1415360899179445E-4	4.720252371954625E-4	0.15442871990549306	2.789274895363056E-4
92	92	0.001816636386265826	3.435561739605265E-4	0.020810106634078642	2.1012930354061428E-4	3.589101107626521E-4	3.738377780169045E-4	0.5214673646943901	6.22143626756678E-4	0.1552750926305457	0.034494620090669406	0.040532207117113014	2.994249059443457E-4	2.638661546590963E-4	8.87316106006175E-4	4.6029524597081394E-5	1.9296599551667142E-4	3.5403599288252744E-4	0.2210272794447633	3.101394773660971E-4	3.143378521645315E-4
