0	0	0.001573526472449605	5.564865386098578E-4	0.019886896432814195	0.01024208868196466	7.332011959075365E-4	9.54804818221055E-4	0.015276688104717955	7.495037691454257E-5	6.069586133249102E-4	7.47251357406795E-4	0.01022781489070228	5.719602790580224E-4	6.513465020021028E-4	9.633504761423761E-4	0.0010215857643430045	0.8295332425008014	6.656382156042045E-4	8.52239489406989E-4	0.10180234023148567	0.003057629058122856
1	1	0.3001742470459292	0.016661349852885227	5.34185502459079E-4	0.02012856791518034	2.6246880597827817E-4	3.417976975209286E-4	0.1832598155358936	2.6830474426643915E-5	2.1727692672464057E-4	2.6749843377088945E-4	3.6888934114083423E-4	2.04748345132669E-4	2.3316674824433803E-4	0.023391853883046498	0.003658131856289603	6.348825353804997E-4	2.3828284601595183E-4	3.050817189616243E-4	0.4084872273687449	0.04060369716627425
2	2	5.45330888897625E-4	1.9285935386091535E-4	5.171584326492919E-4	3.620778694421727E-4	0.1978780223169683	0.02583076355656001	0.15191858024737043	2.5975257729468258E-5	2.1035126254550116E-4	0.006633937118078123	3.5713105767043533E-4	0.003385704602444908	2.25734598773038E-4	3.338645905695097E-4	3.5404696565864257E-4	6.146457651926632E-4	0.09266768230077009	2.9535729232979644E-4	0.3317171166719846	0.1859336598505044
3	3	0.0033074498216808207	0.0011696983400779092	0.1771262651815146	0.0021960142165097533	0.0015411410021500043	0.19532880648635081	0.03211060012810882	1.575407945790714E-4	0.0012757873429888583	0.0015706735235018483	0.002166011640009098	0.0012022231313553924	0.0013690877844244698	0.00202489974990572	0.0021473065202696475	0.0037278468318433797	0.0013991280325120648	0.0017913517164286376	0.4846324836185633	0.0837556841372257
4	4	0.02010487113607623	3.8360678490451295E-4	0.1531901020835794	0.26066266513424946	5.054227441922377E-4	0.00699824268012351	0.15001211470782205	5.166607118186953E-5	4.1839905563448933E-4	0.0068551683912150005	7.103513212084224E-4	0.006734333757630162	4.4899727155305074E-4	0.03236437491965796	7.042169097976763E-4	0.0012225607994661807	4.588490791446121E-4	0.019607661300148044	0.336458658879393	0.0021077369730221635
5	5	0.011402240415620784	0.10213098574019563	1.6560392410073637E-4	0.011343559328338363	0.028660752469824125	1.0596139299455878E-4	0.0833507441328882	0.6695824568784327	6.735845790742892E-5	8.292772851253807E-5	0.0011350524132549941	6.34744470806737E-5	7.228449349770367E-5	1.0690976464090768E-4	1.1337254335904938E-4	1.968212142000044E-4	0.028653254531636984	0.005198040424627418	0.05722887313907478	3.39326559812488E-4
6	6	8.316116262294173E-4	2.941041561427843E-4	7.886495592852291E-4	5.521568133379931E-4	0.0441347507101952	5.04616097355124E-4	0.10528987441915823	3.9611411643668246E-5	3.207787401856032E-4	3.949237127023336E-4	5.446130884804826E-4	0.019745505404616778	3.44237820750206E-4	5.091324932376074E-4	5.399099498437685E-4	9.373145272958355E-4	3.517910175971243E-4	0.204604255289841	0.3454510737219915	0.27382108944011013
7	7	6.664082816887606E-4	2.3567905877083898E-4	6.319808202307173E-4	0.01602320904967194	0.25349755535230845	0.00429955702767868	0.19733394268975005	3.17424287204961E-5	0.019732980418960183	3.164703624616043E-4	0.04717864520053348	2.4223238276246286E-4	2.7585344815170103E-4	4.079910612947447E-4	4.3265443939668086E-4	7.511128318025852E-4	2.8190616888485636E-4	3.6093415882534983E-4	0.4131571636354586	0.044141981182647755
8	8	2.805929179976658E-4	0.0066595441228371275	0.0019061748594686619	0.0018263801721679466	0.11001595195703136	0.013290883513117099	0.18805293682189464	1.3365231110943337E-5	0.06899149743237995	0.2904270057728927	1.837571419838502E-4	1.0199256668990656E-4	1.1614880259359336E-4	0.0034519411088884066	1.8217026254133128E-4	0.0511586670741064	1.1869731619855216E-4	1.5197225426609814E-4	0.2608850032861474	0.0021853173856864598
9	9	0.00798137696348093	4.1236542327349724E-4	0.001105770872449772	7.741827964339471E-4	5.433138099806135E-4	0.11656879331426119	0.09992006308755869	5.553942774263903E-5	0.048157346845744665	5.537252043122286E-4	7.6360568887204E-4	4.238317123691354E-4	4.826581729483924E-4	7.138581066983944E-4	7.570113864314414E-4	0.0013142150279613729	4.932485612506079E-4	6.315230888740078E-4	0.5661437073750494	0.15220386313430717
10	10	0.0010080006647728837	3.564851374776363E-4	0.018631348259971123	6.692720704580813E-4	0.15365668033222954	0.19504129120366656	0.298484804104554	4.8013192709254976E-5	3.88817535918978E-4	0.012262303788809603	0.012443743039458303	0.012150012367852923	4.1725240630588716E-4	6.171220741199757E-4	6.544275851788967E-4	0.0011361236866051666	4.2640767446558664E-4	5.459444038018626E-4	0.2891032340616055	0.0019587164100383025
11	11	0.09241552034582123	2.4131895074569514E-4	0.09238026902175696	4.530568509787456E-4	3.1795080564552805E-4	4.140486443313178E-4	0.345638565727408	3.250203744405792E-5	0.040147190667609335	3.240436219053401E-4	0.008423663984643706	2.480290983413412E-4	2.824547289637563E-4	4.1775444682594137E-4	4.4300802920379167E-4	0.03267627496096363	2.8865229366933324E-4	0.008346368380685785	0.3751833944561087	0.0013259329469478113
12	12	0.07791301249423105	0.014943315015992156	5.970939479515108E-4	0.31323177084040027	0.0665362855439742	0.004062211063877071	0.12387788545087787	2.9990169757637878E-5	0.01864367209578508	2.990004317897818E-4	0.007772654662514112	0.007589183574519325	2.606256695461196E-4	3.8546896633424974E-4	0.00408893236926899	0.03015094160829941	2.663442654318117E-4	3.4100971887866615E-4	0.32778714175874957	0.0012234603518211076
13	13	0.001573526472449605	5.564865386098578E-4	0.04747888680725047	0.001044758557152569	7.332011959075365E-4	9.54804818221055E-4	0.006079357979905863	0.009272280501726635	6.069586133249102E-4	0.009944581482218887	0.0010304847658901867	0.23970254352417242	0.08342731762531093	9.633504761423761E-4	0.0010215857643430045	0.3972587266346331	6.656382156042045E-4	8.52239489406989E-4	0.19377564147960658	0.003057629058122856
14	14	8.356736737004242E-4	2.955407222103958E-4	0.025215245155459132	5.54853850171627E-4	3.893909302915898E-4	0.015160726958653429	0.0032286456604057093	3.980489551211742E-5	3.223455995574854E-4	3.968527368018363E-4	5.472732776228229E-4	3.03758567764703E-4	0.24945790193704784	5.116193756852955E-4	5.425471662764899E-4	0.035133733644347076	3.5350935794769455E-4	4.5261018321261293E-4	0.15175649911599431	0.5145014671913375
15	15	0.011742885334624937	6.067073267709498E-4	0.0016269048086513017	0.0011390440331486597	7.99369808056027E-4	0.011068326410360504	0.0066279968562872795	8.171436263650116E-5	6.617343137730945E-4	8.146879430556798E-4	0.0011234820866524878	6.23577513291374E-4	7.101280401471774E-4	0.4522812235967455	0.001113779984148609	0.08215241848656357	7.257095264058884E-4	9.291508536368289E-4	0.4218375902935234	0.003333568421520185
16	16	0.04397576493100114	0.30473814184513653	0.057548765413754886	3.089074630319955E-4	0.06820196754703448	2.823105224342469E-4	0.05346624161435252	2.2160843409662664E-5	1.794616029933466E-4	2.2094245554003057E-4	3.0468708061299137E-4	0.08990955026685206	1.925859272563503E-4	0.0030042444214801504	3.020558813060912E-4	0.019560236490311918	0.04370732639444297	0.09543123576189985	0.20414231765319082	0.014501095883957878
17	17	6.31946595668332E-4	2.234914885558217E-4	5.992994667779467E-4	4.195872297337975E-4	0.018763237749534124	3.8346075834567235E-4	0.0024415411157778654	3.010094610068306E-5	0.04826257820254168	0.25886296315701984	4.1385470857608194E-4	0.015004726397074057	2.6158835694700265E-4	0.0705682400446765	4.102807656961542E-4	7.122708556646223E-4	2.6732807592551777E-4	3.4226932527321225E-4	0.32161039695449845	0.2597908378056126
18	18	0.006973517833816927	2.3220092251757145E-5	0.024239777112157888	4.359384889793919E-5	0.0184515550286669	0.033811602796625796	0.16335593025594766	0.6378289123330068	2.5326102280227464E-5	0.0027175701805978243	4.2998257222491297E-5	2.386575329790516E-5	4.109482691236818E-4	0.0042616672929755755	4.262693532602586E-5	0.006981863282403002	2.7774581594076398E-5	3.556075159348004E-5	0.09942279583958338	0.0012788934526307058
19	19	2.2284625910382863E-4	0.04306282882916842	0.15912194570983662	0.130402560957507	0.06783622953892052	0.200727305494289	0.16628431392547485	0.0820710126151762	8.595880576431507E-5	0.005316011369554863	1.4593950541208156E-4	8.10022651513696E-5	9.224511560048236E-5	1.3643180052764958E-4	1.4467920935779178E-4	0.06277337935941751	9.426913932564639E-5	1.206960196730894E-4	0.05609894197522834	0.0251814021055105
20	20	0.021575120622370065	1.597593868450231E-4	0.005709245704835082	2.9993535316907795E-4	0.005491337533210497	0.018757071478942407	0.19713659481740706	2.1517189417703877E-5	1.742492031295569E-4	0.013416639949792237	2.9583755029009265E-4	1.642016781039873E-4	0.08732094929692809	0.21415082224367166	2.9328277325224686E-4	0.013711270345725037	0.02131447878977561	2.446658613034854E-4	0.29590872372690447	0.10385429649492657
21	21	0.0014532336461227293	5.139443000684062E-4	0.0013781578304161224	0.2982623567001908	6.771494893323947E-4	8.818119755931672E-4	0.04808567052882718	6.922057647510083E-5	0.08550269153590462	6.901255452054139E-4	9.517063486559704E-4	5.282351052403308E-4	6.015524165413217E-4	8.897043357389649E-4	9.434876572696533E-4	0.0016379484907419462	6.147515583612819E-4	0.21314242166852349	0.29788088379202177	0.04529494649876937
22	22	0.0017687385394738308	6.255243904510609E-4	0.18776771878746168	0.0011743715513117966	8.241623100061925E-4	0.052765023527378885	0.38935262851043934	8.42487384342921E-5	6.822580427147823E-4	8.399555378702799E-4	0.0011583269501231827	6.429178068057771E-4	7.321527033791195E-4	0.0010828639644815741	0.02182503009520152	0.0019935559770294553	0.15582351364185298	9.579685224036914E-4	0.14544702192129288	0.03445201848188772
23	23	4.677943922477463E-4	1.6543813318742093E-4	4.436275656162013E-4	3.105967410436883E-4	0.054903541847700923	2.838543535652166E-4	0.08930424408172427	2.2282031240882634E-5	1.8044299896515062E-4	0.022096377945757664	3.0635327922365135E-4	1.700383284402405E-4	1.9363909434102485E-4	2.863948960496644E-4	3.0370769105385385E-4	0.7825308782327581	1.9788788430149252E-4	2.533626608620277E-4	0.008390636230686027	0.03918890161123464
24	24	0.11533054924705102	0.030783338620746094	3.109798916151532E-4	0.20338903667549213	1.5279808317474188E-4	1.9897996190473136E-4	0.28494008001496174	1.5619551617876475E-5	1.2648930907382383E-4	0.005905857545542452	0.002131462031279165	1.1919570614445308E-4	1.3573968174629853E-4	0.1152033894399539	0.0021296074920528676	3.696013859082706E-4	0.0039721390069754475	1.776054937090292E-4	0.18796927389758128	0.04663825696346959
25	25	0.0022894625214748172	0.06771971748267373	0.0021711861061248033	0.001520111420094026	0.001066799121668149	0.08168127311953344	0.2898675460640472	1.0905191741014843E-4	8.831176479226422E-4	0.0010872419414976395	0.05502737210973981	8.321954829505154E-4	9.477015041927079E-4	0.12183972861747344	0.0014863952789395604	0.0025804671476366494	0.1615525824439485	0.02800401288355609	0.17488522285029742	0.004448814338818708
26	26	0.001084690085345831	3.8360678490451295E-4	0.00102865367773617	0.013400311474754255	5.054227441922377E-4	0.36204162229375764	0.10563169225611779	5.166607118186953E-5	4.1839905563448933E-4	5.151080409715339E-4	7.103513212084224E-4	3.942734073866946E-4	4.4899727155305074E-4	6.640731684406325E-4	7.042169097976763E-4	0.10900358675360512	0.006798909429388079	5.874802494176407E-4	0.22233757257501063	0.17328936642959578
27	27	4.529330514988499E-4	1.6018233595918599E-4	4.295339797855826E-4	3.0072940599085087E-4	0.0611015531782185	0.0029222498251445035	0.14735764549868918	2.1574154309615494E-5	1.7471051277503474E-4	0.026689225484019502	0.002944033983361868	1.6463638779879548E-4	1.8748738194130548E-4	0.016161775801377336	2.940592139459421E-4	0.548525041967388	1.916011922687989E-4	0.07172547077128529	0.07430940517511007	0.04588615069913165
28	28	0.053206190422464536	1.874810214592835E-4	5.027362648912234E-4	3.5198048449221035E-4	0.2698245375882143	3.216749556269642E-4	0.10120309373971997	2.5250877151132985E-5	0.003303077324924017	2.517499311365739E-4	3.4717162609169445E-4	0.0032912863416701896	0.06528987560910228	3.2455399863155E-4	0.0034427657385769543	0.11524541624006708	0.15825245642774355	0.02817445034277118	0.1365508802024285	0.0599033708628368
29	29	0.23493264561911884	7.435566329814647E-5	1.9938705341509953E-4	1.3959675592073274E-4	0.05785688202952057	1.2757747160684884E-4	0.34736578768391263	1.0014590836013037E-5	8.109955435945822E-5	9.984494947392841E-5	0.03823399479439762	7.642320699399368E-5	8.703049909217682E-5	1.2871931066129604E-4	1.365004934592365E-4	2.3697265727259733E-4	8.894010475344947E-5	0.0025716992186434785	0.21145745507081348	0.10609507327245042
30	30	0.16373865054594744	3.935882786640264E-4	0.0010554193676797926	0.02675904809458001	0.007023603371440121	6.753083116844449E-4	0.17343053601827624	5.301042844397786E-5	4.292858483794131E-4	0.2216995131204627	0.013738893682054575	4.0453244792048497E-4	4.606802334828324E-4	0.007186381898427818	0.007227570184666774	0.001254371975573337	0.046005994661352696	0.07866312016918356	0.11753732146689604	0.13226316989488376
31	31	0.02245812685680399	3.257747082072408E-4	8.735751423015653E-4	6.116157184208425E-4	0.05965587488107745	5.589555891645817E-4	0.008943178791206359	4.3876959234904464E-5	3.553217399359594E-4	0.3773343084923631	6.032596489368802E-4	3.348332440919867E-4	0.005765547828601206	5.63958332308579E-4	5.980500536794438E-4	0.18410243699486292	3.8967356874750254E-4	4.98912465479954E-4	0.33419274178817426	0.0017899771964013304
32	32	0.0016818031648330697	5.947792034055105E-4	0.0015949191700985214	0.010946862007992558	7.836538585951107E-4	0.0010205063551185108	0.006497687626978456	8.010782360977796E-5	6.487243365047472E-4	7.986708325638316E-4	0.010931606015964747	6.113177149038369E-4	6.961666216932167E-4	0.010859852116082199	0.0010918825972757828	0.00189557058695482	7.114417693235481E-4	9.108833537761135E-4	0.9443755357918298	0.0032680290524958228
33	33	0.05095734775834653	4.2994690324170924E-4	0.00115291616481953	8.071906059131873E-4	0.021884318046254642	7.376914737594585E-4	0.018908864128058863	5.7907388976031614E-5	4.689421182528933E-4	5.773336545800211E-4	0.3276697043402942	4.419020653627441E-4	5.032366320534804E-4	7.44293932048231E-4	7.892870811795567E-4	0.10085349933193583	5.142785487557079E-4	6.584485048033102E-4	0.4481626977384528	0.02368019358291137
34	34	0.0012793592403958652	4.524526328547251E-4	0.023646995870581198	8.494432966195924E-4	5.961308827510988E-4	7.763062066975953E-4	0.012420745651002991	6.093857266188698E-5	4.934890668132398E-4	6.075543981846508E-4	0.34482169616220926	4.650335923571276E-4	5.295787396183144E-4	7.832542731065984E-4	8.306026052643697E-4	0.12108853296459278	5.411986495328109E-4	0.01564873515713344	0.449188209966415	0.024919742071207528
35	35	0.02871567448665998	0.040285980123931316	0.004654065097503383	4.548710580074554E-4	3.1922399814916184E-4	4.157066480876916E-4	0.06671676635199919	3.2632187610976297E-5	2.642600098555805E-4	3.25341212296478E-4	4.4865647906110727E-4	2.490222984939563E-4	0.03231854165641573	4.1942728998473945E-4	4.447819970372327E-4	0.05282897026074936	2.8980816410567427E-4	3.710513549454276E-4	0.10438864245986848	0.6660565768652371
36	36	0.0917919960767165	9.547519120119785E-5	2.560197327743375E-4	0.40098261773051475	0.03641901235518862	1.6381379647961415E-4	0.01051081845279744	1.2859073975794162E-5	1.041345758392855E-4	0.020641762644626378	1.7679804133099357E-4	9.81299873649591E-5	1.117501098449402E-4	0.00489917803642641	1.7527125889284253E-4	0.016083941188074175	1.1420210822060988E-4	1.4621688496473925E-4	0.15474905153224405	0.2624669512225224
37	37	0.036042390616769	5.22826296295143E-4	0.018683996261161587	9.815641692308477E-4	6.888520010800424E-4	0.018179072546813568	0.12668578295178043	7.041684793677976E-5	5.702454629034171E-4	7.020523094241693E-4	0.2947625120850458	5.373640754632714E-4	6.119484580835536E-4	0.00954609076385811	9.597930308494876E-4	0.036230297707226355	6.253757077506587E-4	0.018082711094610057	0.13020865672375695	0.30530805088996077
38	38	0.0013188069179490703	4.6640352718166117E-4	0.016667642426951297	8.756349746149089E-4	6.145119426596485E-4	8.002427805366077E-4	0.02051220943291095	6.281754854998456E-5	0.27801410545488026	6.262876900067382E-4	0.12419940521119723	4.7937240715088044E-4	5.45907735180993E-4	8.074050831621999E-4	8.562133506381105E-4	0.024611885321865794	5.578859326233638E-4	7.142805374158181E-4	0.37824513257419357	0.14902384915033098
39	39	0.04008669518386112	2.3846566250017222E-4	6.394531859118548E-4	0.004388940780187551	3.1419144363272475E-4	4.091530481657676E-4	0.3021394238541239	3.2117742380996735E-5	0.03179001994117993	3.202122201254048E-4	0.13050252809624643	2.450964711744397E-4	2.791150627023447E-4	4.128150342810083E-4	4.377700253151891E-4	7.599937812987655E-4	0.02787392458214885	3.652017440672123E-4	0.370747330209977	0.08801755193071933
40	40	0.21694770860545978	3.628995400401421E-4	9.731265483325003E-4	6.81314593504443E-4	4.781398260170128E-4	0.006620474792536015	0.11792311624377917	4.8877116373863996E-5	3.958137103356529E-4	4.8730230667343226E-4	6.720062779849204E-4	3.729903740527081E-4	4.247602225451773E-4	0.4084800816586996	6.662030045106756E-4	0.001156566487497927	4.3408022569483884E-4	0.006553589238136674	0.19234223890145472	0.04397871032637083
41	41	8.785887698594848E-4	3.1071788874289575E-4	0.0059685890751226284	0.03139568336637086	4.093876703383753E-4	0.17513635662804575	0.03420678479429027	4.1849031844592405E-5	3.3889930088470776E-4	0.015823400475220156	5.753778907913444E-4	3.193577526559024E-4	3.6368356806569947E-4	5.378930221999085E-4	5.704090752301134E-4	0.4734460754557712	3.716634395789553E-4	4.758534779895433E-4	0.257122182187764	0.001707247129233672
42	42	0.504421245324183	2.0459810602224752E-4	5.486362663528681E-4	0.061251022422130944	2.6956910115142805E-4	3.5104399455366034E-4	0.17130987852205887	2.7556291299832978E-5	2.2315469306837698E-4	0.03408968256414009	3.7886852018485925E-4	2.1028718881063442E-4	2.3947436537593474E-4	3.5418589521811125E-4	3.755967090345108E-4	0.0310855103477253	2.4472886361071126E-4	3.1333477687639516E-4	0.1929774566913418	0.0011241693568604196
43	43	0.001440993539540821	5.096155171319628E-4	0.00978921947613918	9.567619977140598E-4	6.714460830402085E-4	8.743847648378556E-4	0.03925799140890671	6.86375544428372E-5	5.558364958476174E-4	6.843128458843177E-4	9.436904407024851E-4	0.00894645536910459	5.964857394018851E-4	0.03457288830435652	9.355409726367268E-4	0.02689216083267299	0.3038256725962332	0.026048466415187654	0.5396293445755531	0.002800095070665188
44	44	9.211635715379341E-4	3.257747082072408E-4	8.735751423015653E-4	6.116157184208425E-4	4.2922584659579123E-4	5.589555891645817E-4	0.14893344014543575	4.3876959234904464E-5	3.553217399359594E-4	4.3745100020708917E-4	6.032596489368802E-4	0.2533941518459682	3.8130700728469195E-4	5.63958332308579E-4	5.980500536794438E-4	0.02257521235536748	0.06500056342454569	0.011267394108112984	0.4903357256063532	0.0017899771964013304
45	45	3.596286565443521E-4	0.02535172488273198	0.23156600139715477	2.3877902463063095E-4	0.0422084730416313	2.1822014440237483E-4	0.13592031503048255	1.7129869645795248E-5	1.3872007526397122E-4	0.019089189039339018	2.355167570645227E-4	1.3072122417753413E-4	1.4886490412533012E-4	2.201732500738339E-4	2.3348289489122408E-4	4.053396484357397E-4	0.010662356340283943	0.1809706501380272	0.321757263947936	0.03012744973315786
46	46	0.006898307803249286	0.29250888927874485	5.155152368147278E-4	3.6092741958136817E-4	2.5329528421774424E-4	3.298515593723513E-4	0.28488478312097215	2.589272511932761E-5	2.0968290194923396E-4	0.07015995498680977	3.55996325585818E-4	0.003374947017634191	2.2501735985938306E-4	3.3280378430609463E-4	3.529220328286197E-4	0.127706885299026	2.2995464539438845E-4	2.944188374157419E-4	0.20674629602561634	0.004233658355502493
47	47	9.261501871824317E-4	0.011154313862874535	8.783041433235796E-4	6.149266314922376E-4	0.011258325022394045	0.09800296192104707	0.00899159168621187	4.411448223094355E-5	0.038250959868731324	0.011266594701951594	0.02767346435195047	3.3664582629223515E-4	3.833711699878564E-4	5.670112574671798E-4	0.016841450945298868	0.017284032929708076	3.917830228924589E-4	5.016132721363044E-4	0.26562781523713647	0.48900456947969057
48	48	0.08385950962386905	0.1823724012605432	0.0344813149759079	0.01920081890157713	0.05900534206058033	1.9709112874848837E-4	0.13984656739210694	1.547128177854653E-5	1.2528859922042012E-4	0.16342661950594523	2.1271300876531335E-4	0.011509159926636266	1.3445116199262087E-4	1.9885512630429217E-4	2.1087607390051397E-4	3.660929152782926E-4	0.024818108601958662	1.7591955939666296E-4	0.2792122420864133	6.311568090768586E-4
49	49	0.14004038008570138	2.6337858430412465E-4	7.062579705122322E-4	0.00484746104391278	0.043876905684889035	4.518979775108685E-4	0.12040799249552087	3.547313869285226E-5	2.8726642823751077E-4	0.261533006040438	4.8771641352748603E-4	0.004623691136635164	3.082746979240562E-4	4.5594253767379246E-4	4.835046199501031E-4	8.393916511911346E-4	3.1503879918193137E-4	4.033550043614777E-4	0.41818592554037665	0.00144714014945857
50	50	0.003775669790668436	0.03083159812214416	0.10243456134196835	1.0282509339553072E-4	7.21616309632175E-5	0.025439595518699423	0.2911678015001747	7.3766129537837576E-6	0.005490941913103276	7.354444726894943E-5	0.03449905238901857	0.01363430498625002	0.028125331699851725	9.481291347537946E-5	1.0054442809868665E-4	0.020088969469709575	6.551208527420716E-5	0.018187894280903564	0.04260661248867435	0.38320088928740415
51	51	0.0013188069179490703	4.6640352718166117E-4	0.0012506757503362742	8.756349746149089E-4	6.145119426596485E-4	8.002427805366077E-4	0.005095242756295929	6.281754854998456E-5	5.08705275809907E-4	6.262876900067382E-4	8.636717982770582E-4	4.7937240715088044E-4	5.45907735180993E-4	8.074050831621999E-4	8.562133506381105E-4	0.3714936355457038	5.578859326233638E-4	0.30134513073140873	0.23949243248465837	0.07193901576725588
52	52	0.24913592090480946	2.0052956790279233E-4	5.377263532223452E-4	0.013633486165060974	0.0035784606034920843	3.4406330494115683E-4	0.28390211462342474	2.7008320334881857E-5	0.039989741411375734	0.11295384029526787	3.7133452563035404E-4	2.0610552036637173E-4	2.3471229497798888E-4	0.010289898793217737	0.003682379798092299	0.003953342878805669	0.01681112241468422	3.0710395436949476E-4	0.21233976528893986	0.04750134298108391
53	53	0.0010449401824317603	3.6954900686898167E-4	9.909573030991896E-4	6.937984307366726E-4	4.869008592007296E-4	6.340623678135077E-4	0.11397612007792103	4.977269966388798E-5	4.0306626881777635E-4	4.962312254686547E-4	0.031222921820508027	3.7982473686139505E-4	4.325431726412624E-4	0.05560922140230775	6.78409949659399E-4	0.019500919799704284	0.4035515838200796	0.006673671711220022	0.3607750090012871	0.0020304961637090443
54	54	0.036681635214752574	0.14453432312319026	2.1903700659170306E-4	0.08385488374118708	1.0762250439318985E-4	1.401504611792711E-4	0.3059979301475097	1.1001546797495722E-5	8.909206148823895E-5	0.03926040024798116	0.015001530455804796	0.08108543498739124	9.560751150500081E-5	0.07439276162160788	1.4995286290407303E-4	0.08126180687511736	0.005497803987957913	0.03387571219319887	0.09729450117447964	4.488122749626158E-4
55	55	0.05544576356801523	1.8462070015439326E-4	4.950662232090492E-4	3.466104621248141E-4	0.04906433967199157	3.167672923250057E-4	0.20950653625363266	2.4865634840629372E-5	2.0136538151796285E-4	2.479090853489325E-4	3.418749705111235E-4	1.8975428847565606E-4	0.3480663712570825	3.196024109473814E-4	3.389226261463883E-4	5.883890474850298E-4	2.2083300293545015E-4	2.827400850101242E-4	0.23210976301630196	0.10170790502194405
56	56	0.0024189438159328896	8.554731647600711E-4	0.0447104711643257	0.0016060818138209703	0.0011271322915299322	0.0014677981278975382	0.09417863439607721	1.1521938392115509E-4	9.330626525423868E-4	0.11425937906091667	0.0015841390631214506	8.792605680365909E-4	0.0010012990697224932	0.001480935159109779	0.0015704588453828684	0.002726406302983595	0.001023269371997147	0.0013101269528599322	0.7220514903203417	0.004700418474719919
57	57	0.15377286599222373	2.5030375059349107E-4	0.004808092116288518	4.699250874481078E-4	3.297887667395202E-4	4.294645252021429E-4	0.18062092581646147	3.3712155009122954E-5	2.730057365803786E-4	3.3610843105430114E-4	4.6350483603090737E-4	2.572637307568229E-4	2.929710982665433E-4	0.15763530782353646	4.595021274130829E-4	0.07112493226458926	2.993994110267231E-4	0.00452022608232928	0.4181105053721438	0.005512194876306438
58	58	0.07600825008465954	1.3075787506128315E-4	0.07598914927134383	2.4548735577076925E-4	1.7228059210336978E-4	2.243508880569502E-4	0.14190000255296673	1.7611121456540173E-5	1.4261731959728377E-4	1.755819644357541E-4	2.4213343705927653E-4	1.343937463355573E-4	1.5304716039161E-4	0.3416802397173479	2.400424349383925E-4	0.08902184836552149	1.5640529032277334E-4	0.002361351581510562	0.25299719276685073	0.01800725647426956
59	59	0.004325701714109113	2.234914885558217E-4	0.022761830177422636	0.004113342348174579	2.9446215733021727E-4	3.8346075834567235E-4	0.20559807263002086	3.010094610068306E-5	2.4376166281151195E-4	0.28841300410454607	4.1385470857608194E-4	2.297059233109295E-4	2.6158835694700265E-4	0.007774403031183211	4.102807656961542E-4	7.122708556646223E-4	0.02612361390501099	3.4226932527321225E-4	0.39548549932331406	0.04185928581760645
60	60	4.1153221041688985E-4	1.455406943010253E-4	0.0027956954828231564	2.732409056376566E-4	0.009813451863688146	0.041141914804864926	0.23251062328351735	1.9602145132775057E-5	0.05307805848738205	1.9543236687458304E-4	0.1975142369723802	1.4958761865949323E-4	1.7034989268337162E-4	0.007468220424122991	2.6718040979381683E-4	0.2506278872026056	1.7408767567736339E-4	0.005033737488346853	0.1974099431244654	7.996769466263374E-4
61	61	9.626277275909446E-4	3.4043874156309384E-4	0.0853119062473393	0.07378495409001909	4.4854650585234387E-4	0.09060972538817515	0.31880876949069875	4.58519842370441E-5	0.03975751998563946	0.03984334611427319	6.304140577703097E-4	0.06786911225768488	3.9847070518012897E-4	5.893436786474464E-4	6.249699640183587E-4	0.0010849835728485313	0.05104661929163806	5.213699149109111E-4	0.22545048119133773	0.0018705490905753487
62	62	7.479876979586892E-4	2.645300808392454E-4	7.09345744744503E-4	0.06607693939688812	3.485327284094995E-4	0.12724246436197031	0.22586290752758736	3.5628227977740776E-5	2.8852236291286023E-4	0.004727231947021306	0.026721970928717344	2.7188564027804833E-4	0.004681642849365045	0.03106207850501391	4.8561851199663535E-4	0.2238161002659032	0.017804497627959402	4.051184806561545E-4	0.2669935300381331	0.001453467075667618
63	63	0.0024189438159328896	8.554731647600711E-4	0.0022939782396030686	0.1712720535127115	0.0011271322915299322	0.0014677981278975382	0.17901162024552247	1.1521938392115509E-4	9.330626525423868E-4	0.0011487312616563013	0.0015841390631214506	8.792605680365909E-4	0.08583428491916777	0.001480935159109779	0.0015704588453828684	0.01686523727789114	0.001023269371997147	0.0013101269528599322	0.5099690256967285	0.018839249449627466
64	64	0.02839872277393663	2.102867750756295E-4	5.638906116185334E-4	0.10118470950744811	0.23661203278892434	0.11157726025366964	0.17259748366140298	2.8322469563117062E-5	2.29359311582475E-4	0.007233402034630994	3.894026236913788E-4	2.1613403777012412E-4	2.461327379184657E-4	0.017741604937690433	3.860398427309899E-4	6.701872280950941E-4	0.03500667576778673	3.2204677271652904E-4	0.12883273901664616	0.15755356684710162
65	65	0.001360764644300875	4.8124211446586924E-4	0.02515165006715317	9.034932244837352E-4	6.340625861838168E-4	8.257024343674948E-4	0.29159155758841193	6.481608334403184E-5	5.248896895141849E-4	6.462129778992767E-4	8.911494407406228E-4	0.008448351657407545	5.632757418651544E-4	8.330926050225333E-4	8.834537032446193E-4	0.0015337261157793113	0.024436819202191186	0.27911748738183106	0.16757458261358588	0.19353367012820769
66	66	0.0015591861229508007	5.514149928845278E-4	0.0014786366735685455	0.001035237139423822	7.265191593569298E-4	9.461031948062822E-4	0.24297521793353735	7.426731589279284E-5	6.014270898337046E-4	0.07364852258052576	0.010134603595748077	5.667477132418547E-4	6.454104490363126E-4	9.545709717872857E-4	0.0010122755320970383	0.0017573681724799332	0.18292977517985923	8.444725961587598E-4	0.3925068887929807	0.0850513547938303
67	67	0.08149370856181944	0.009117281763786607	2.4408008045738244E-4	0.0016752641825112913	1.1992726681240995E-4	0.009182433352275308	0.24169462350860263	1.225938241793946E-5	9.927818990285239E-5	0.3295806833686397	0.03777796595542107	9.355362944790152E-5	0.0181590568129595	1.5757201465443134E-4	1.670973659289744E-4	0.061969527912116885	1.0887621614486425E-4	1.3939796225737912E-4	0.200185403715678	0.008022008758165472
68	68	7.894031370873262E-4	0.16638661117184997	0.009976812405675661	0.03743689524183533	0.03266649846546694	4.790042824233035E-4	0.19684188497923139	3.760093249026181E-5	3.044975993921212E-4	3.7487934016857083E-4	5.169712242896283E-4	2.869397156533734E-4	3.2676601316460133E-4	4.832914484098179E-4	5.125067936865927E-4	8.897410821920555E-4	3.3393584713268794E-4	0.18960546081538807	0.27716263805653957	0.08458766144792278
69	69	0.3201172704110806	3.86054393054958E-4	0.17968958630604384	0.007105299149927863	0.05155275311209184	6.623818709165614E-4	0.19563286130670163	5.199572723046548E-5	0.006801581845253987	5.18394694620675E-4	0.007095396916108952	3.967890740625685E-4	4.5186210456598714E-4	0.07085395537424494	7.087101750785057E-4	0.0012303613647714395	4.617767717458212E-4	5.91228674897284E-4	0.1535705553110248	0.0021211854165773198
70	70	0.0013827608518742914	4.890211977093934E-4	0.0013113257463366525	0.0332472851915008	6.443119502591172E-4	0.03316823694487005	0.03767151770906025	6.586380899541637E-5	5.333743180736165E-4	6.566587481197478E-4	9.055545093610935E-4	5.026189877042936E-4	5.723808653639366E-4	8.465592084830962E-4	8.977343733953756E-4	0.2359451265798341	5.84939930890442E-4	7.489187014049812E-4	0.08137809239623857	0.5684477179805248
71	71	0.02544506604192326	0.012659896949578957	4.058934883910322E-4	0.24545137882945567	1.994333031539233E-4	2.5971026756088384E-4	0.10172185198116862	2.0386766039295732E-5	1.650948768342939E-4	0.2203533945160727	2.802954794105306E-4	1.5557520686281887E-4	1.7716853861817012E-4	2.6203471656122E-4	2.7787491970163695E-4	0.022997761918528686	0.03270323563672417	2.3181213751332044E-4	0.33540044857175255	8.316858541482264E-4
72	72	0.10081476758317116	5.011730866759053E-4	0.0013439114193975596	9.409120159981224E-4	6.603227230354713E-4	0.009143036628451714	0.3947825306980135	6.75004858870784E-5	5.466283559786797E-4	6.729763315566562E-4	9.2805700598583E-4	5.151087737496683E-4	5.866041930132055E-4	0.2327954362283767	9.200425442436354E-4	0.0015972464347051231	5.994753439268395E-4	7.67528890384613E-4	0.16623166171493442	0.08558507954251413
73	73	0.00729219600223574	2.0322370621979875E-4	0.31962899258032024	3.815361043948771E-4	0.006985317029824903	0.11790596439758916	0.3179453873933528	2.7371180293406587E-5	2.2165563830178325E-4	2.72889243124082E-4	0.017170220386018467	2.0887457226017906E-4	2.37865682251427E-4	3.5180663064972377E-4	3.7307361606589206E-4	6.476771176203314E-4	2.4308488308547851E-4	3.1122993209649075E-4	0.0942765170469381	0.11531511685735703
74	74	7.821849848115151E-4	2.766241447929022E-4	0.2841998854503094	5.19339502999213E-4	0.004936372298951663	0.02333414928507172	0.3367710547347531	3.7257116708849256E-5	3.017133312067414E-4	0.03694669139757142	5.122441376543971E-4	2.8431599342038864E-4	3.2377812683533676E-4	0.0050507773086015	5.078205289564231E-4	0.005453510444169766	3.308824012040976E-4	4.2364011266987335E-4	0.2974878404899512	0.0015199182093605797
75	75	0.05241851383388198	5.139443000684062E-4	0.0013781578304161224	9.648889382618094E-4	6.771494893323947E-4	8.818119755931672E-4	0.0056146037056944735	6.922057647510083E-5	5.605578896391934E-4	6.901255452054139E-4	0.06041119990104176	5.282351052403308E-4	0.10253211279205982	0.009383917700365507	9.434876572696533E-4	0.4943023236390814	6.147515583612819E-4	7.870875528599389E-4	0.10251397640561132	0.16421393360354095
76	76	0.0017155312365471679	6.067073267709498E-4	0.0016269048086513017	0.08135787681777082	0.0810182025926782	0.0010409723122827346	0.0066279968562872795	8.171436263650116E-5	6.617343137730945E-4	8.146879430556798E-4	0.0011234820866524878	6.23577513291374E-4	0.02076483623630272	0.0010502891832458588	0.12144202916108186	0.34286362503658563	7.257095264058884E-4	9.291508536368289E-4	0.33159140341082344	0.003333568421520185
77	77	0.06341906832039224	8.888322021485404E-5	0.0031763776342972035	0.33510280172032714	1.1710846325311178E-4	1.5250346779662851E-4	0.11702336999505933	1.1971234512021292E-5	9.694472794297486E-5	0.0324377318582436	1.645912309100504E-4	9.135471913599138E-5	1.040344564636738E-4	1.5386839855811475E-4	1.6316986334887555E-4	0.004690323926547154	1.0631715952872278E-4	1.3612151410164286E-4	0.4422750870362459	4.88371053120846E-4
78	78	0.0035549180012337664	9.907078900467137E-5	0.005177838227412625	1.8599740945225723E-4	0.04434012221042957	0.029643043742842132	0.37604513052306004	1.3343346984943046E-5	1.0805628625895194E-4	1.330324750496875E-4	0.18848356638421687	0.0017392178268048266	0.003390743145351781	1.7150440331920077E-4	1.818719783630879E-4	0.026514016339191437	1.185029621314939E-4	0.0017891156780273257	0.16221429648324304	0.15609661178762232
79	79	6.769557537125373E-4	2.394092319203624E-4	6.419833970355178E-4	4.4947150803495065E-4	0.035926954950594774	0.03997912789181491	0.358730638128569	3.224482700709561E-5	2.6112310962015945E-4	3.214792472341036E-4	4.4333069929004354E-4	2.4606627761437753E-4	0.34056808014895373	4.1444847550042087E-4	4.395022093312547E-4	0.02054717889789356	2.8636799433232545E-4	3.6664678732538657E-4	0.08732215401615574	0.1121068364480598
80	80	0.0013188069179490703	0.008174886865489173	0.0012506757503362742	8.756349746149089E-4	6.145119426596485E-4	8.002427805366077E-4	0.03592917610952597	6.281754854998456E-5	0.25488865543995776	6.262876900067382E-4	8.636717982770582E-4	4.7937240715088044E-4	0.015962874411796016	8.074050831621999E-4	0.016273180027253132	0.14794761873478596	5.578859326233638E-4	7.142805374158181E-4	0.2086584991314283	0.3031935159164812
81	81	6.850880965996891E-4	0.02026413270245968	0.012662804066092038	4.548710580074554E-4	0.040362918841092436	4.157066480876916E-4	0.018664332540467263	3.2632187610976297E-5	2.642600098555805E-4	0.544919591076325	4.4865647906110727E-4	2.490222984939563E-4	2.8358578206111334E-4	4.1942728998473945E-4	4.447819970372327E-4	0.008780905933511765	2.8980816410567427E-4	3.710513549454276E-4	0.34865518100182247	0.0013312424723787896
82	82	0.029447544214905964	8.206634973319138E-4	0.0022006350198535535	0.001540729473029311	0.0010812686667759077	0.0014080726253470112	0.10390996890990944	1.1053104464788584E-4	8.950958267404996E-4	0.42157093106883997	0.0015196795847663626	8.434829782572197E-4	9.605556670665621E-4	0.0014206751036283955	0.0015065560225132374	0.04330601015439439	9.816319858160973E-4	0.0012568171760061956	0.34001945228080854	0.045199698699361496
83	83	0.0033074498216808207	0.0011696983400779092	0.0031365829456393417	0.0021960142165097533	0.0015411410021500043	0.002006937335378294	0.03211060012810882	1.575407945790714E-4	0.0012757873429888583	0.21422472958957164	0.002166011640009098	0.0012022231313553924	0.0013690877844244698	0.00202489974990572	0.0021473065202696475	0.35170721130359395	0.0013991280325120648	0.0017913517164286376	0.36863936212797976	0.006426936476836694
84	84	0.0018253519379604172	6.455460390946303E-4	0.0017310520392072883	0.0012119605805108232	8.505419179769027E-4	0.0011076107430213983	0.01772155265627846	8.694535373074607E-5	7.040956097609443E-4	0.43830653494033356	0.0011954024272169221	6.63496180137115E-4	7.55587287872181E-4	0.0011175240387434246	0.001185079239139397	0.11941923448245885	7.721662317775604E-4	9.886309705191604E-4	0.3634876752915118	0.04622401203274832
85	85	0.002093368239206676	7.403315202307439E-4	0.0019852222927155146	0.0013899126703460182	9.754269301054579E-4	0.0012702411532955471	0.02032360703083577	9.971153412196414E-5	8.074779203868691E-4	9.941188061896808E-4	0.09925754473453652	7.609172792650286E-4	8.665301181027562E-4	0.0012816100175560697	0.0013590843434442522	0.27154765707567347	8.855433472172959E-4	0.001133791588866607	0.5881601335385347	0.004067769859369052
86	86	0.002119299624213493	7.495023012353611E-4	0.0020098140308685833	0.0014071300714250821	0.11247408964081676	0.013673373881178149	0.07012495461668583	1.0094670055494532E-4	8.174804705573975E-4	0.0010064333512482182	0.0013879054565310118	7.703430642546961E-4	0.1743008326081108	0.0012974858305981336	0.0013759198617761563	0.18819964169233577	8.965129248801437E-4	0.0011478363162383822	0.03801300850393143	0.3881274890525596
87	87	0.0012793592403958652	4.524526328547251E-4	0.0012132659877308405	0.150407642515622	5.961308827510988E-4	0.008254216167647713	0.23675804447950657	6.093857266188698E-5	4.934890668132398E-4	6.075543981846508E-4	0.008315747919453867	4.650335923571276E-4	5.295787396183144E-4	7.832542731065984E-4	8.306026052643697E-4	0.0014419735893908677	0.06036447833713377	6.929152352331999E-4	0.30710792070836274	0.21934540105591063
88	88	8.696567183025498E-4	3.075590181800983E-4	8.247291956805056E-4	5.774172307488199E-4	0.04107067402126108	5.277015921701812E-4	0.0491085693596868	4.1423579434014136E-5	3.3545392788205086E-4	4.12990931266542E-4	5.695283908186886E-4	3.1611104610821273E-4	0.025775891438111345	0.22419239044513944	5.646100900355795E-4	9.801953822138226E-4	0.09186514372645575	4.710157792335836E-4	0.5544158664487427	0.006773071678528264
89	89	7.716019129144232E-4	0.013803020802009083	7.317400206664808E-4	5.1231276711708E-4	0.004869582493515539	0.08164903914732344	0.06612175347565726	3.6753022725374085E-5	2.976311077705021E-4	3.66425723938018E-4	5.053134030546186E-4	2.804691583899435E-4	3.193973636379586E-4	4.7239311394698123E-4	5.009496463990698E-4	0.6142359976083325	3.2640551618402883E-4	0.009438001149856216	0.18973171964201896	0.015029492924542528
90	90	0.0012793592403958652	0.030364092476655204	0.06103654567533179	0.19527510228132272	5.961308827510988E-4	0.008254216167647713	0.25919177436235696	6.093857266188698E-5	4.934890668132398E-4	6.075543981846508E-4	8.378379585037473E-4	4.650335923571276E-4	5.295787396183144E-4	7.832542731065984E-4	8.306026052643697E-4	0.061265253276991824	5.411986495328109E-4	6.929152352331999E-4	0.3744091103569138	0.0024860121883571703
91	91	0.006401160699671353	0.03967886717564948	0.006070468961092989	0.004250114334765065	0.0029826880973212676	0.003884179380051206	0.3988816456145222	3.0490075351833034E-4	0.002469128857993756	0.003039844645487298	0.004192048052904656	0.22681711730313026	0.0026497003409123136	0.003918943415227327	0.004155846603505805	0.00721478719887682	0.0027078395314772577	0.003466940036799867	0.18964511613122007	0.08726866286587259
92	92	0.04824573578349507	2.0599122250844915E-4	0.007361410966611557	3.8673189283541966E-4	0.05814823623106694	3.5343426680838785E-4	0.2201396072701018	2.7743923162388918E-5	2.2467416207975197E-4	0.05815343709351889	3.8144825072017E-4	2.1171904248349897E-4	2.41104955672756E-4	3.5659756079704276E-4	3.781541616800507E-4	0.007465536249662017	0.007055434246507328	0.1909685606920535	0.38154002062207387	0.01815442140616099
93	93	6.204869612236047E-4	2.1943872400591685E-4	5.884318509710571E-4	4.1197849142682086E-4	0.19613486769585114	3.765071326047314E-4	0.006024039598711495	2.9555099598591436E-5	0.10178898702012103	0.01842852810824326	4.063499230356276E-4	2.255404670382394E-4	0.02201748311287487	0.0040066499931425735	4.028407895544862E-4	6.993546319085352E-4	0.18160113341758533	3.3606265943125714E-4	0.28313739979004887	0.18254436453262246
