0	0	0.11281159268885729	1.1711081324730015E-5	1.55653729157455E-5	1.4054695656888461E-4	0.39077670911737383	1.0958056772650812E-4	0.021396328534322984	0.18827227767728072	0.04230452588381147	0.0026751098733207683	1.1023490060458017E-4	3.0230086469729985E-4	5.380516507138585E-5	1.4183166936580658E-4	2.1760701856111202E-4	1.5299166021619804E-4	1.917147857042205E-4	1.3716549879982387E-4	2.0832638190802723E-4	0.23997007430156855
1	1	4.3914325529657746E-4	2.7023024536158978E-5	3.591670508925887E-5	3.2430855448192336E-4	2.8069603664637933E-4	2.528543939069543E-4	0.008766681865626529	0.5765503496512987	1.6509089454533858E-4	0.006172748505384904	2.5436425050590197E-4	0.3986246516272891	1.2415406020841238E-4	3.272729968310537E-4	5.021227023161243E-4	0.004413505006385535	4.423770285916827E-4	3.1650592603732746E-4	4.807078675085223E-4	0.0014995256475136322
2	2	0.0371462767817507	3.0489478785927465E-5	4.0524021151446765E-5	3.659101437272674E-4	3.1670310786907066E-4	0.04609879149276523	7.285522667970762E-4	0.2702569001159138	1.8626839198752955E-4	0.0023832249801605957	2.86993538022387E-4	0.037437833197701095	0.04137223161361967	0.023276005604447023	5.665338999975653E-4	3.9830958809374765E-4	0.28912418358475345	0.009519806909725162	5.423720172039922E-4	0.23992208926552733
3	3	0.06618362425774564	2.9153839324523325E-5	3.8748802815814534E-5	0.346421777321598	0.09667728160607313	2.727924242010431E-4	0.018219264559673837	0.19708867568870478	1.7810861278967497E-4	0.11179524699613386	0.026558362837967215	0.0051332117488811155	1.3394383437575528E-4	3.5307906974294434E-4	5.417159935199648E-4	3.8086101157169887E-4	0.053045142268855275	3.414629957725404E-4	5.186125599162746E-4	0.07608893357033696
4	4	0.2365584591007366	2.1243644336524924E-5	2.8235244638701064E-5	2.5494909267050395E-4	2.2066392905830605E-4	0.05446397934633147	5.076211812302157E-4	0.31598521113667427	1.2978311299784712E-4	0.07188607613060927	0.23322112780746693	5.483671297450778E-4	9.760138782666046E-5	0.0194097039815775	3.947343528118155E-4	2.7752351178914796E-4	0.0035398371523787373	2.4881520253747116E-4	3.7789948173476786E-4	0.06182816807284812
5	5	8.23839409584508E-4	5.069560402111086E-5	6.738028367297238E-5	6.084077685928547E-4	5.265900234475646E-4	4.743586792571134E-4	0.0012113817191022138	0.3198648799117268	3.097130229135732E-4	0.308663575979348	4.7719119314416897E-4	0.016543663879992423	2.3291490060695707E-4	6.139691074161175E-4	9.419898077125666E-4	0.23680549937701464	8.299060173486884E-4	5.937699192499064E-4	9.018152527092573E-4	0.10945845814313869
6	6	3.387366133563704E-4	2.0844423097976555E-5	2.7704633734243493E-5	0.012778492937528425	2.1651710162765922E-4	1.9504123092241172E-4	4.980817089309321E-4	0.4885758316900747	0.0032594279076045497	0.15196933421378064	1.9620587071776937E-4	0.2511047614653128	9.576721350539271E-5	2.524446072037971E-4	3.8731630651379033E-4	2.7230815050990334E-4	0.04732248717105471	2.4413934223058926E-4	3.7079780479294704E-4	0.04187375960750037
7	7	6.876470564254019E-4	4.231490078437271E-5	5.624136596256771E-5	5.078293248804675E-4	4.3953721484303035E-4	3.959404535472581E-4	0.001011123118968409	0.5022414965728664	2.5851306221262436E-4	0.04145699569347493	0.1275630741630179	0.032883476733432816	1.9441076007855124E-4	5.124712954236461E-4	0.17881694274646576	0.07049341817395353	6.927107677786012E-4	4.956113198955476E-4	0.032543924747990303	0.008706320527997986
8	8	0.22674027391056165	2.5968575560225598E-5	3.451522122317297E-5	3.116539079710445E-4	0.004171782239978267	0.04706745678493716	6.205243691678279E-4	0.31993078539471453	1.586489833352768E-4	0.06836451060456865	0.19144435340352792	6.703328778219672E-4	1.1930952026916323E-4	0.023726737110759743	4.8252967828057736E-4	3.3924924421958034E-4	4.25115304088906E-4	3.041557411370275E-4	0.04728641932697107	0.0677756778009062
9	9	0.039329325319280656	1.3016699599991247E-5	1.7300689644964952E-5	0.027538672257658933	0.09206202591109772	1.2179723567288399E-4	0.03356116220682368	0.09582034240714539	7.952250415622624E-5	0.07925304616765483	1.225245173197355E-4	3.3600309275224564E-4	5.9803672371672936E-5	1.576438744389427E-4	2.4186709262092972E-4	1.7004804484901758E-4	2.130882456702661E-4	1.5245749251095977E-4	0.5987338114319372	0.03201654113679375
10	10	0.12409023791680122	2.008936424385228E-5	2.6701073745896238E-5	0.09985583930337774	0.06058124556983584	1.8797614652861242E-4	4.800394247843319E-4	0.28372291249277437	1.2273130675757166E-4	0.11627818077543327	1.8909859894439057E-4	0.06994702863681314	9.229818573944434E-5	0.16928650032637885	3.7328633767246813E-4	0.015355587055721782	3.288704137688123E-4	2.3529575029595918E-4	3.573661946072021E-4	0.058468715125775235
11	11	0.03330153054195307	1.9999628933254916E-4	2.6581805205747966E-4	0.0024001942272745586	0.002077419782693522	0.24228296039989994	0.004778951813747783	0.42043981566646305	0.0012218308971106747	0.045684256934604914	0.0018825393201995094	0.005162550709455925	9.18859075675536E-4	0.09257648224253447	0.003716189396878334	0.002612718970489361	0.003274014131390457	0.0023424472961761644	0.0035576990882728306	0.13130372516378985
12	12	5.90095835318024E-4	3.631200990600406E-5	4.8262834134168055E-5	4.3578746809750437E-4	0.005833427315736321	3.397714139673814E-4	8.676828264177359E-4	0.3546049278867414	2.2183979406523893E-4	0.024663321481364804	3.418002737533862E-4	0.03913103750670656	1.6683119456617628E-4	4.397709178332422E-4	0.006130967928427341	4.743741869143466E-4	0.3825315127326286	4.253027379003379E-4	0.18070199601695394	0.0020149776385675346
13	13	0.028417136433491367	1.4427643602851756E-5	1.91759963701759E-5	0.01751633480779845	0.08252999698077479	1.349994362704732E-4	0.024191632022797883	0.14956474460692243	8.814233896686847E-5	0.057493097846925856	1.358055515471656E-4	3.7242411829866627E-4	6.62860861535738E-5	1.7473166827782573E-4	2.6808425475187707E-4	1.8848038764334907E-4	2.3618592722917148E-4	1.6898310893907759E-4	0.6029323594992105	0.035486971284027564
14	14	0.03552787049470281	1.0694815034442539E-5	1.4214638226829784E-5	0.03708942601781227	1.1109016271724968E-4	1.0007136580372315E-4	2.555547699265645E-4	0.3229926610473598	6.533748946830575E-5	0.08600713934242986	0.003314675479471193	0.013132093997111146	4.913605092306761E-5	1.2952377563038407E-4	1.9872347814656218E-4	1.397153228173181E-4	1.750781260603786E-4	1.2526252684057638E-4	0.4999682686831214	5.934624163961359E-4
15	15	0.09760677262530361	3.796937109504419E-5	5.046565761802664E-5	4.556777809214014E-4	3.9439893066275526E-4	0.0117658373984362	9.072858074871926E-4	0.46777963185576166	2.3196505746487215E-4	0.02008373149875449	3.5740080122593706E-4	0.15502264599503202	1.7444574269256534E-4	0.017575680132223763	0.01782135704912618	0.017611862771748348	0.04055852602527635	0.006149993533576555	0.034907104692183194	0.1105072472734099
16	16	0.03399173219472961	4.428596591006663E-5	5.8861138029034326E-5	5.314844594435205E-4	0.18678351328682113	4.143837065236812E-4	0.0010582221190992924	0.33265843237018083	2.705548269814981E-4	0.030079277274380176	4.168580949023993E-4	0.014451985507695131	2.034665834917541E-4	0.007190753444313377	8.228904520916057E-4	5.785446502323936E-4	0.007379388629092255	0.040445162052737495	7.877953189398681E-4	0.34183240792440495
17	17	0.01023447344694198	6.146434351064683E-5	8.169317599600528E-5	0.6287607851492436	6.384480610386353E-4	5.751217560594533E-4	0.001468702928845877	0.2862184685176467	3.755021366774429E-4	0.0048043903889677265	5.785559513888976E-4	0.0015865933875878675	2.8239058861381083E-4	0.00998002258094994	0.001142086897725154	8.029601790857124E-4	0.001006194314414934	7.198982828544187E-4	0.0010933784801652705	0.04958886943228583
18	18	0.05117515808976741	8.290282990153069E-5	1.1018738811616022E-4	9.949329280980535E-4	8.611358713378222E-4	0.06306063224563901	0.01443796202229222	0.14936752186954694	5.064755919704734E-4	0.1808778898405268	7.803536633919103E-4	0.0021399900205768285	3.808871549988759E-4	0.0010040274193343693	0.512276708665093	0.0010830290757586083	0.0013571503628177402	9.709955639491355E-4	0.001474743973201865	0.017057315423681236
19	19	0.03455058452580493	1.521950786362072E-5	2.022847497362409E-5	0.00933018739994847	0.16252683814059105	0.0070030602612094085	0.3319618219211369	0.011413074960882527	0.048117539516754335	0.010337175391841157	0.004717026836153428	3.928646945456991E-4	0.31108611885494925	1.843218527280709E-4	2.8279811559128216E-4	1.9882517345446707E-4	2.491490416377082E-4	1.7825778249810803E-4	2.707371693298329E-4	0.06716417037810617
20	20	0.09179082210138112	3.373507477266108E-5	4.483779120107284E-5	4.048611701559146E-4	3.5041605990419514E-4	3.15659036375928E-4	0.05149644159759969	0.07598819239741002	2.0609660714774022E-4	0.1800530916256796	3.1754391514637577E-4	0.06676824703257135	1.5499177373191195E-4	0.00547759544430623	6.268412658627148E-4	0.01057877655733479	5.522558038342096E-4	3.9512050424157465E-4	0.015807207905134686	0.4986372663362083
21	21	7.878314627519923E-4	4.8479826779821724E-5	6.443526108261117E-5	5.818157965056857E-4	5.035740990498764E-4	4.5362565543776627E-4	0.0011584352734383522	0.444291420069451	2.961762462885825E-4	0.062066093052173844	0.015025495303899109	0.01582058197534524	2.227347765925138E-4	0.007871714531521088	9.008178043848884E-4	6.33332566001083E-4	0.09549317900243266	0.32837393880480337	8.623991780537807E-4	0.024543919314006863
22	22	4.7585505995641106E-4	2.928211422072982E-5	3.891929489419899E-5	3.514203275948057E-4	3.0416186002374607E-4	2.7399269218327324E-4	6.99702046135672E-4	0.6027495510461036	1.7889227848683274E-4	0.04628816581433624	0.01787535480054549	0.01835559205127667	1.3453317807285103E-4	3.546325934665201E-4	0.26014005844510574	0.022382194311082043	0.018079085202207152	3.4296540956626115E-4	0.009320757434517029	0.0016248840402248044
23	23	1.8384314851980309E-4	1.1312932291081636E-5	1.5036187094817593E-5	0.017134584711988327	0.1973037765488674	1.0585508790639802E-4	0.06656570728150224	0.2787647173668602	6.911373334122656E-5	0.13177516421759625	0.005206131980755941	0.005391668156874362	5.197591686753072E-5	1.3700972845933487E-4	2.1020889521512724E-4	0.034145422344313184	0.24496814761247826	0.008631910206209766	0.005300888583971945	0.004027525358886729
24	24	0.0387181759678771	8.290282990153069E-5	1.1018738811616022E-4	9.949329280980535E-4	8.611358713378222E-4	0.013232703758077764	0.001980979900401906	0.17428148611332756	5.064755919704734E-4	0.15596392559674616	7.803536633919103E-4	0.0021399900205768285	3.808871549988759E-4	0.0010040274193343693	0.5247336907869834	0.0010830290757586083	0.0013571503628177402	9.709955639491355E-4	0.001474743973201865	0.0793422260331328
25	25	0.2778695464446727	1.944373663489604E-5	2.584296045819463E-5	0.041135979711247106	2.0196776285009768E-4	1.8193501010682568E-4	4.64612022390397E-4	0.29213438666020763	1.1878699477416906E-4	0.0015198291575038603	1.8302138939153958E-4	0.00634513878806659	8.933192676546052E-5	2.3548104134610918E-4	0.009126139384091217	2.5400981054564024E-4	0.006161534342345022	2.2773386676310257E-4	0.34801825034539297	0.01568702864444644
26	26	2.3496879802942166E-4	1.4458989220027152E-5	1.9217658297634207E-5	0.004518741584044153	0.0023227979638796355	1.3529273715623893E-4	0.004690716926260048	0.31283530716201585	8.833383773757925E-5	0.1684210273574758	1.3610060380561266E-4	3.732332500016955E-4	6.643009984962978E-5	1.7511129173769356E-4	0.08282777929018967	0.04798627085679911	0.2674675108821338	1.693502430316376E-4	0.10671501151684021	8.023389514945703E-4
27	27	2.0092017387059538E-4	1.2363780435720476E-5	1.6432885042306218E-5	1.483801250920347E-4	1.2842619306469645E-4	0.011262380357564892	0.10433123156624945	0.3399567817394392	7.553364610848908E-5	0.11800669202457091	1.1637867329556095E-4	0.1582306260148588	0.2155595252973133	1.497364393813533E-4	2.2973501115392214E-4	1.6151841516248982E-4	2.0239971450995196E-4	1.4481020697345377E-4	0.050380053316715884	6.860744191969472E-4
28	28	5.294328281324591E-4	3.257906419446034E-5	4.330132029413412E-5	3.90987663173732E-4	3.3840824089829356E-4	3.048422473925242E-4	7.784833330754338E-4	0.024430967488479755	0.08341966676830295	0.0466045403754084	0.019887987839807414	8.409709576704056E-4	1.4968062113552327E-4	0.05424320619079211	6.053610960669364E-4	0.059169583501910684	5.333314778794775E-4	3.815807837682876E-4	5.795432873691319E-4	0.7067355449142478
29	29	0.15217662449901484	2.0211385575900926E-5	2.6863254118856542E-5	0.1551276994520739	2.099415562716126E-4	1.8911789992181953E-4	4.829551492112995E-4	0.14574590357613113	1.2347676775637914E-4	0.4783831029173467	1.9024717003164075E-4	5.217211943890451E-4	9.285879818257063E-5	2.4477795661555603E-4	0.009486444163219289	2.640382513608825E-4	3.3086794865704245E-4	0.024532432950385333	0.003396500314647879	0.02845421479508826
30	30	5.294328281324591E-4	3.257906419446034E-5	4.330132029413412E-5	3.90987663173732E-4	3.3840824089829356E-4	3.048422473925242E-4	0.01056914598476897	0.4454294615113018	1.9903422890789276E-4	0.16409249219573083	3.066625364203392E-4	8.409709576704056E-4	1.4968062113552327E-4	0.2402657965729693	6.053610960669364E-4	4.256075917494739E-4	5.333314778794775E-4	3.815807837682876E-4	0.13275348908523188	0.001807833992313366
31	31	0.2688840094651853	1.9219132888225648E-5	2.5544436267450966E-5	0.0291093283413241	1.9963473823170433E-4	1.7983339323719732E-4	4.5924507040290166E-4	0.2800962022220453	1.1741483032949583E-4	0.0043901404763869315	1.8090722324384632E-4	0.012047578266251028	8.830001166469755E-5	2.327608890858045E-4	3.5711631498153E-4	2.510756237578396E-4	3.146244006782235E-4	2.251032057600663E-4	0.3815404063990669	0.02128155555921139
32	32	9.547504115550633E-4	5.875131517148326E-5	7.808724955256987E-5	7.050859192937654E-4	6.102670444727981E-4	5.497359545762156E-4	0.9636531139744752	0.008745581358157868	3.589275199153537E-4	0.013420299879049673	5.530185649586997E-4	0.0015165613563743593	2.6992590379228273E-4	7.115309745661093E-4	0.0010916753266851245	7.675176184618926E-4	9.617810247937714E-4	6.881220638118951E-4	0.0010451168925082555	0.0032601496478276235
33	33	0.0014963496043633724	9.207904615562096E-5	1.223836340468265E-4	0.0011050584777009677	9.564519056509574E-4	8.615834758265505E-4	0.7216618837056678	0.24891528015937395	5.625355547589528E-4	0.007197403553147062	8.667282054728136E-4	0.002376857823928442	4.2304618511674106E-4	0.001115159605482797	0.0017109476187791423	0.0012029056712913864	0.0015073684583076592	0.0010784715727553812	0.001637978082744207	0.005109527659429456
34	34	7.994792039396753E-4	4.919657966651474E-5	6.538790803812798E-5	5.904176868045722E-4	5.110192203123158E-4	0.007852612093108316	0.008567842010887722	0.5839211091120344	3.005550816433656E-4	0.011237754426791955	4.6308106990697437E-4	0.14911551839056264	2.2602781216408594E-4	5.958145817376554E-4	9.141359988703949E-4	6.426961090471343E-4	8.053664274561701E-4	5.762126657726318E-4	8.751493700699165E-4	0.23189062425118553
35	35	0.001078526016176156	6.636794405126596E-5	8.821062463530482E-5	0.29996998242209233	6.893831899028035E-4	0.12029039988325606	0.35062161129704866	0.019851824254211406	4.0545954572544156E-4	0.005187682716894513	6.247129118958879E-4	0.0017131711682774305	3.0491959590325785E-4	8.037751626991208E-4	0.001233202129894664	8.670200183904031E-4	0.0010864680910847898	7.773314775713562E-4	0.0011806077744228596	0.19315934377586627
36	36	2.074726359411723E-4	1.276699132685865E-5	1.6968798653545737E-5	1.5321913713827755E-4	1.326144621803055E-4	1.1946071579251276E-4	0.0022234384053603454	0.2474516401616576	0.03460863111259247	0.31944711964644973	0.009712016863040466	0.10392145974451916	0.007732130671555937	0.002072988247418125	0.09423728680227772	1.667858966137728E-4	0.027066160316874824	1.4953279590191587E-4	0.13259454066276355	0.017973765931941648
37	37	0.014815673558870902	1.6142402846275627E-5	2.1455108464483682E-5	0.18696169537748827	0.05595551022612582	1.5104443554922234E-4	0.11438695276006122	0.18431977102089261	9.861826245381703E-5	0.04492182308921296	1.5194635951512437E-4	0.007693361646857427	7.416434278861882E-5	1.9549893641571152E-4	0.024555526861766513	2.1088172328846192E-4	0.17732999238446784	1.8906714733177198E-4	0.022117176535856087	0.1658336978197468
38	38	3.8044175346189295E-4	2.3410781594350043E-5	3.111561910134119E-5	2.809573268897621E-4	2.4317461576275876E-4	0.2605292143971313	5.594053646442538E-4	0.44319798108668373	1.4302273493647022E-4	0.04052466863861008	2.2036267280282134E-4	0.1237239781015827	1.0755804124374525E-4	2.8352550397488707E-4	4.350025624170374E-4	3.05834640180931E-4	0.03204258701316356	0.003791902559060762	0.05669972809290289	0.03647612849385473
39	39	6.032620140035887E-4	3.712220103469891E-5	4.9339671251209845E-5	4.4551072884685254E-4	3.855991281837174E-4	0.25135659756038775	8.8704250742422E-4	0.26769113439645087	2.2678946866624283E-4	0.00847965817619415	3.4942649852853086E-4	0.2184995898359036	1.705535209859191E-4	4.495830570458275E-4	6.897784470618291E-4	4.849583919449883E-4	6.077043288229719E-4	4.347920640529923E-4	6.603603557675351E-4	0.24749119764744265
40	40	2.439800397321405E-4	1.501350304369814E-5	1.99546708939133E-5	1.8017995962282376E-4	0.41975883527480695	1.404813220464958E-4	0.10864336634313106	0.15563807993857864	9.172151120340854E-5	0.17488010872515763	1.4132017102927774E-4	0.0026434765369289406	6.897774741433241E-5	1.8182695010577222E-4	2.7897027993464563E-4	0.05208251229187949	2.4577666561107305E-4	1.7584496056507443E-4	2.6707258553948206E-4	0.08430250052277508
41	41	3.5778714126954596E-4	2.2016712270166734E-5	2.9262740763327023E-5	2.642268307615984E-4	2.286940111366945E-4	2.0601033868165609E-4	0.0501495731376405	0.2712441439873377	1.3450599205746045E-4	0.27630419941017587	2.072404777530159E-4	5.68322512030416E-4	1.0115315615851872E-4	0.10943829662924738	4.0909895361343035E-4	2.8762274544215073E-4	0.21539549896973254	2.578697249836785E-4	0.06324805861840027	0.011146417910544033
42	42	5.192649325691807E-4	3.1953374768575816E-5	4.246970714302693E-5	0.06280057638377089	0.005133224233179936	0.07231871583480944	7.635323576015753E-4	0.24962357929373147	0.19704913536822896	0.13213316181577053	0.08192313158635088	0.05844060242090203	1.468059657634316E-4	3.8698394790652105E-4	5.93734978312598E-4	4.174336869330457E-4	5.23088707730871E-4	3.74252425283235E-4	0.11099866285621623	0.025779690123027683
43	43	4.092329695948431E-4	2.5182471653579406E-5	3.347039879233271E-5	3.0221972264157153E-4	0.004045496748927035	0.007803470487437613	0.004385659329044409	0.5032259204542114	1.5384646402511775E-4	0.03980759089760334	2.3703936320961213E-4	0.1974138327304512	1.156978597155777E-4	3.0498225521174163E-4	0.06479454707348803	3.289797107371107E-4	0.1328494140031237	2.9494853545945093E-4	4.4796659348726687E-4	0.043020501931184944
44	44	3.675137059604837E-4	2.2615244054785027E-5	3.0058258288240563E-5	2.7140992670340576E-4	2.3491113533478103E-4	2.1161079955646305E-4	0.007336730560138203	0.523286058104183	1.3816258303617318E-4	0.0017677315818422103	2.1287438037537692E-4	0.435549195017549	1.0390303898990627E-4	2.7389083283299966E-4	4.202204473127196E-4	2.954418672535201E-4	3.7022001191779037E-4	2.64880000850464E-4	0.02758763753384493	0.0012549349699754434
45	45	0.001100474876653122	6.771858439028065E-5	9.00057808611794E-5	8.127038550324935E-4	7.034126849946225E-4	6.336426771670019E-4	0.0016181492805511497	0.53920106449722	4.1371096930234696E-4	0.39195833685972103	6.374263155001665E-4	0.0017480355613302735	3.1112495170070243E-4	0.010995529485284384	0.041959886212262675	8.846645639358666E-4	0.001108578579089931	7.931507901235543E-4	0.0012046340797044898	0.0037577493951746876
46	46	2.0166948979942153E-4	1.2409890178921084E-5	1.6494170189942514E-5	0.057954960005304756	0.08777030017704934	1.1611932096809518E-4	0.0021612473701669334	0.37851883437294725	0.29470007948169474	0.1408233150579138	1.1681269837127179E-4	3.2033938010185065E-4	5.701575892779589E-5	1.5029486961258743E-4	2.3059178974389868E-4	1.6212078534239002E-4	0.002067865080792953	1.4535026520977456E-4	0.0020854679031856644	0.0323887121324986
47	47	7.055923542358689E-4	4.341917875560884E-5	5.7709078289749364E-5	5.210819788207626E-4	4.5100767217348654E-4	0.05912377905265845	0.0010375100646019134	0.22176079744563534	2.652593921008329E-4	0.2186914028154087	0.006932866458139742	0.0011207893548267013	1.9948423338810698E-4	0.03967084900402853	8.067844271073604E-4	5.672210839333073E-4	0.26820164829533555	5.085451246005331E-4	0.13125572257583304	0.04807853041012656
48	48	5.837259332176607E-4	3.592003298577379E-5	4.7741851761270885E-5	4.310832771132548E-4	3.731118580683879E-4	0.005733449099936574	0.2221494784052941	0.30220096860457824	2.1944510207525265E-4	0.09995992433790067	3.3811064547374745E-4	0.08188739336177255	1.650303034005905E-4	4.350237267406717E-4	6.674406118370314E-4	4.6925346423045355E-4	0.27585264046786223	0.005818057139671679	6.389751981434352E-4	0.0019932265779365457
49	49	0.0012535378134207783	7.713743221718285E-5	1.0252451203528572E-4	9.257412731623753E-4	8.012490042137813E-4	7.217748200137961E-4	0.013433887819892906	0.3707933662980139	4.7125323335384247E-4	0.12193621765307393	0.34844628264036065	0.0019911664698751734	3.5439872361436647E-4	9.34203296740151E-4	0.08256802597998748	0.0010077108588427734	0.001262768644263682	9.034686100133809E-4	0.0013721843199523565	0.05064310059695221
50	50	3.7778388901588524E-4	2.3247227821698463E-5	3.0898237341919624E-5	0.0177446408160753	2.4147573502864881E-4	2.1752427057182276E-4	0.4791142066481314	0.11174753441150037	1.4202354113426705E-4	0.0018171309012251073	0.003711952428141367	0.007586344627901732	1.0680661296043352E-4	2.8154472150373604E-4	4.319635220539604E-4	3.0369800031662154E-4	0.2693515193002828	2.7228208151393096E-4	0.10520741885693972	0.0012900041705392407
51	51	0.03680670439375789	1.1619349719921214E-4	1.5443451071176488E-4	0.0013944606780212049	0.001206935741195789	0.0010872223525876363	0.17736885668293123	0.12205172199270303	7.098571948266382E-4	0.06146003824526983	0.0010937144281976884	0.002999329754576262	5.338371516405935E-4	0.0014072071758578924	0.00215902526851357	0.0015179329346210857	0.001902131049908361	0.0013609109661778646	0.0020669458439876733	0.5826025401373148
52	52	3.831372812154328E-4	2.3576653008161493E-5	3.1336081272207097E-5	0.028623977629764614	2.448975705114955E-4	2.2060670147252883E-4	0.4398493284379773	0.08499002485652589	1.440360878292595E-4	0.001842880581597968	2.219239990636197E-4	0.018321733154870498	1.083201176526848E-4	2.855343551534085E-4	4.3808466754663E-4	3.0800155733211104E-4	0.28025362640935286	2.76140458786319E-4	0.14212454920530615	0.0013082841937608193
53	53	3.387366133563704E-4	2.0844423097976555E-5	2.7704633734243493E-5	2.501579612181803E-4	2.1651710162765922E-4	1.9504123092241172E-4	4.980817089309321E-4	0.5198966691308503	1.273441635269891E-4	0.14883725046970306	0.0033282896147953304	0.2511047614653128	9.576721350539271E-5	2.524446072037971E-4	0.0035194000505913516	2.7230815050990334E-4	0.05358665465920983	2.4413934223058926E-4	3.7079780479294704E-4	0.016817089654879883
54	54	0.0027535856662387827	1.6944405299116575E-4	2.252106189027459E-4	0.00203353091796194	0.027220734125331464	0.001585487711151261	0.18227358526322435	0.30529040228040893	0.0010351791024083292	0.013244677046253346	0.001594955053388205	0.10621657605648209	7.784904731471929E-4	0.002052119034396618	0.02860915871197229	0.0022135895279061703	0.0027738625842737732	0.0019846056399691896	0.13031755734555542	0.18762724878803674
55	55	0.028288189320459216	2.6485309115281936E-5	3.5202019500762095E-5	0.15154582735548203	0.07190941316932137	2.478229916426239E-4	0.03645002309183853	0.139251778394925	1.6180584702134176E-4	0.20503409430031086	2.493028044847937E-4	0.2514037303296872	1.2168359089994431E-4	3.2076078214549086E-4	0.01641086515289496	3.459997672742317E-4	4.3357442584093515E-4	3.102079590202931E-4	0.020369559913828696	0.0770836734743065
56	56	9.301172567960383E-4	5.7235494679132594E-5	7.60725499204408E-5	0.7747055632551051	5.94521774956395E-4	5.35552424847624E-4	0.0013676537300788625	0.15472346628176872	3.49666966541046E-4	0.030274462657194887	5.387503418394726E-4	0.0014774331296242085	2.6296164749963017E-4	6.931730326367844E-4	0.001063509423907409	7.477151862795842E-4	0.026737588775548167	6.703680863473874E-4	0.0010181522263056032	0.00317603575812349
57	57	5.837259332176607E-4	3.592003298577379E-5	4.7741851761270885E-5	0.005828428690447966	0.011167802684737809	0.12447504819330021	8.583164585709458E-4	0.41554522228460716	2.1944510207525265E-4	0.13774134223124365	3.3811064547374745E-4	9.272121617518767E-4	1.650303034005905E-4	4.350237267406717E-4	0.1787798392518825	4.6925346423045355E-4	5.880243877919541E-4	0.005818057139671679	0.08699650181149882	0.028979953644610097
58	58	2.97708854549116E-4	1.83197477909101E-5	2.4349050115958818E-5	0.04701619989320864	0.3084955983016685	0.011182321624818458	0.003190480025558792	0.37434503663589375	1.1192024588511241E-4	0.12255191356151862	1.724414271265859E-4	0.09406557400775621	0.03311687922335405	0.002974594475232955	3.4040457811126756E-4	2.3932620323921942E-4	2.9990112992155023E-4	2.1456919937195345E-4	3.258867963531848E-4	0.0010165750185251318
59	59	3.4632974981272253E-4	2.1311672703410733E-5	0.003230618348295919	0.003458058200425121	0.04185117547936208	1.9941328467336155E-4	0.054948222397203136	0.5027300640633351	1.3019871651138458E-4	0.052902520269598685	2.0060403109120983E-4	0.11263036717668769	9.791393603705488E-5	2.581034178389262E-4	3.959984077427929E-4	0.13477470504117361	3.488800608621055E-4	2.496119816407573E-4	3.7910962648122316E-4	0.0908467941385236
60	60	0.003145686128646319	1.88917909446104E-5	2.5109361206314048E-5	0.02577485455981514	0.4061276416214015	0.0030154516236236438	0.05154768419937838	0.37751810139648523	1.1541501072302137E-4	0.018508773063742684	1.7782599567676093E-4	4.8765819140684716E-4	8.679607818301174E-5	0.003067477653757719	3.510338788319581E-4	2.4679928188782457E-4	3.092656905103008E-4	0.08254302311160858	3.360627721833576E-4	0.0265964485899867
61	61	1.8229375948038154E-4	1.1217589421702787E-5	1.4909465464629169E-5	0.09789683644800914	0.048997626364438926	1.0496296484230944E-4	0.015438044980940282	0.2898997935548548	6.853125821623779E-5	0.10201015108984011	0.003476700482911324	0.008717339138604197	5.15378754362518E-5	1.3585504103541846E-4	0.07605842935763615	0.010259877036466119	0.3204391581531047	1.3138549769185916E-4	0.02042621228885859	0.005679137652746838
62	62	2.96078806922491E-4	1.8219441532125263E-5	2.4215731570858093E-5	0.005693962893010646	0.0029269045747144667	0.005645787127226888	0.0031730111652478253	0.44894969214028013	1.113074480848837E-4	0.18484694431710555	0.13979184728641686	0.014158572290426844	8.370704907277746E-5	2.206537326281959E-4	3.385407582545055E-4	0.005713323662883199	2.982590789123818E-4	2.133943669514909E-4	0.183746915249265	0.003748662879492859
63	63	0.026010859583574374	2.4353119551802318E-5	3.236809454008935E-5	2.9226650734089435E-4	0.23078890050317186	2.2787209758015622E-4	0.00790052391287827	0.3183249988422613	1.4877972990761626E-4	0.0019035734676934126	2.2923277866198884E-4	0.2933726804166238	1.1188750049245567E-4	2.9493805947733995E-4	4.525124189121109E-4	3.1814518987295E-4	0.04796957743248052	2.8523478729507645E-4	4.3321339368442783E-4	0.07087808216399956
64	64	0.11768909290964229	1.6626340693738032E-5	2.209831747780416E-5	0.08264259557268858	0.17255364552454955	0.015145219847672366	3.972897761228437E-4	0.17235762596153179	1.0157476837842252E-4	0.1486978035603975	1.5650160416201802E-4	0.005425728666274501	7.638773745602851E-5	2.0135985658795448E-4	3.089388868221383E-4	2.172038085572561E-4	0.007767003025019839	1.947352470054649E-4	0.20765254942989417	0.06837601915906573
65	65	3.169003292239564E-4	1.9500710232592234E-5	2.5918684916927595E-5	2.3403180271107287E-4	2.0255956422471464E-4	1.8246811196205633E-4	4.659734180390594E-4	0.632890970859475	0.19058066618566538	0.02203552433990154	1.8355767453080018E-4	5.033763665423116E-4	8.959368515853743E-5	0.0031663484444785536	0.015013235395294162	2.5475410435236366E-4	0.035481362750101185	2.2840116739314062E-4	3.4689473113076866E-4	0.09777796167466589
66	66	3.10530953741241E-4	1.9108765718191833E-5	2.5397745615102393E-5	2.2932800063546772E-4	0.21554477373160164	1.7880068781783227E-4	0.055011000128238556	0.4651211781979958	1.1674056772780446E-4	0.007236213603337883	0.00592243596219911	0.052176367509921585	8.779294287766835E-5	2.3142424394305235E-4	0.1295628367960088	2.496338050129573E-4	0.0663523451743198	2.2381053538155518E-4	3.3992249856490723E-4	0.0010603581493409976
67	67	6.504269306208848E-4	4.0024531159601594E-5	5.3197201522416795E-5	4.80342155143234E-4	4.157464776045595E-4	3.745094689245162E-4	9.563942732034122E-4	0.10218335597015293	2.445205807386509E-4	0.10536802369300617	3.767457582936151E-4	0.5182446834471165	1.8388793026307822E-4	4.8473287073522284E-4	0.02480005730003247	5.228739602850949E-4	6.552165595478704E-4	4.6878547151258987E-4	0.1871487004290978	0.05634777499103951
68	68	5.566843726109779E-4	3.4256009351215384E-5	4.553017312167158E-5	0.18571424290304953	3.558271592930362E-4	3.205334203276308E-4	0.355982886577799	0.28820127226956593	0.06197698910136486	0.028414183497771306	3.224474052593818E-4	0.011178876660398188	1.5738514546363404E-4	4.1487091220464804E-4	6.365209032387455E-4	4.475149303213356E-4	5.607836979136881E-4	4.0122192641841404E-4	6.093741721079519E-4	0.06366859876241897
69	69	3.0700496025889436E-4	1.88917909446104E-5	2.5109361206314048E-5	0.0570003474120768	1.9623454199985856E-4	1.7677045523621947E-4	4.5142316840473683E-4	0.27532557933453794	1.1541501072302137E-4	0.100830526946978	0.235788362971833	0.04874523805399306	8.679607818301174E-5	2.2879648537029457E-4	3.510338788319581E-4	0.028633610965762068	3.092656905103008E-4	0.0030599503967606826	3.360627721833576E-4	0.24801357972420582
70	70	0.014340115407881956	8.612126300212702E-5	1.1446505556855628E-4	0.0010335579674660385	8.945666745530613E-4	8.058365091504104E-4	0.002057885010765959	0.10340389478811376	5.26137861784158E-4	0.05849404649593428	0.3890281681258684	0.002223068182388083	3.9567386166131893E-4	0.0010430055227854842	0.0016002443119437827	0.039946826138531386	0.001409837317598017	0.0010086913129031577	0.0015319961179585085	0.3800558620741416
71	71	0.03776087811467887	4.919657966651474E-5	6.538790803812798E-5	0.04494409637969161	5.110192203123158E-4	4.603323109604786E-4	0.5334197065433842	0.3325835965190079	3.005550816433656E-4	0.03341459377323547	4.6308106990697437E-4	0.0012699227476058762	2.2602781216408594E-4	5.958145817376554E-4	0.008306415781018234	6.426961090471343E-4	8.053664274561701E-4	5.762126657726318E-4	8.751493700699165E-4	0.002729951004602548
72	72	0.001100474876653122	6.771858439028065E-5	9.00057808611794E-5	8.127038550324935E-4	7.034126849946225E-4	6.336426771670019E-4	0.0016181492805511497	0.1423605869551986	4.1371096930234696E-4	0.1680996059385807	6.374263155001665E-4	0.0729758135816931	3.1112495170070243E-4	8.201326252325533E-4	0.4896773480545433	8.846645639358666E-4	0.001108578579089931	7.931507901235543E-4	0.07243241210006732	0.044459336835382016
73	73	0.15114824812390995	2.865178476800569E-5	3.8081514614190986E-5	3.4385562167571764E-4	0.04334979626224057	0.008878531064196277	0.20733511292300177	0.18508420032507858	1.7504142703720106E-4	0.00223958073093767	2.696955608510169E-4	0.005044813362671729	1.3163720465137366E-4	3.469987400202535E-4	0.07372109626205474	3.7430225256465986E-4	4.6904044336557407E-4	0.11227125543195486	5.096815990272151E-4	0.20824037936537873
74	74	5.837259332176607E-4	3.592003298577379E-5	4.7741851761270885E-5	0.016623119517117386	3.731118580683879E-4	0.04891221240661426	8.583164585709458E-4	0.5288894759646361	2.1944510207525265E-4	0.10535726975123538	3.3811064547374745E-4	0.0063245575750865875	1.650303034005905E-4	0.28109698522014565	6.674406118370314E-4	4.6925346423045355E-4	5.880243877919541E-4	4.207117263369678E-4	6.389751981434352E-4	0.007390571991271256
75	75	7.709826082045835E-4	4.744301930447224E-5	6.305722479815907E-5	5.693728690622117E-4	4.928044774367768E-4	0.050345452435196406	0.00113366054896039	0.6842972806450904	2.898421117305613E-4	0.02509477596603151	4.46575032005445E-4	0.079641344834998	0.014475550769997238	5.745773973491395E-4	0.13632855765718635	6.197878819040371E-4	7.766599878280478E-4	5.556741710712722E-4	8.439555908148599E-4	0.002632644771030228
76	76	5.217701153606127E-4	3.210753315589913E-5	4.2674601355631386E-5	0.1016993888931515	0.28980225364006873	3.0043013227920026E-4	7.672160034690154E-4	0.3038971526342146	1.9615351950181577E-4	0.026632096266640176	3.0222407546814635E-4	0.25652618915848624	1.475142280704787E-4	3.888509438580081E-4	5.965994402799807E-4	4.194475870127114E-4	0.014999049504724566	3.760579982704814E-4	5.7115530401414E-4	0.0017816684206181936
77	77	0.18282191374471873	4.488330987283946E-5	5.965507680221099E-5	5.386533001051622E-4	0.013954551453121883	4.199730529515319E-4	0.2573508688308624	0.040402061558622526	0.27004091264215163	0.0035083258074785693	4.224808167106715E-4	0.007902751023743538	2.0621100901747547E-4	5.435770266990582E-4	8.33989874526662E-4	5.863482545325153E-4	7.347565861230081E-4	0.014014029116693381	7.984213664472221E-4	0.2048156361488191
78	78	0.21224843517453842	4.3993216972478054E-5	5.8472041048328357E-5	5.279711227091949E-4	0.03350908198288488	4.1164445522034115E-4	0.020882493788988696	0.1519780169582886	2.687663453139843E-4	0.10259508608682413	4.141024868468881E-4	0.0011356071367647719	2.0212158344652648E-4	0.013753641848904399	0.15946758651873305	5.747202257624152E-4	7.201854321093057E-4	5.152685206870036E-4	7.825876591786417E-4	0.2999102174147781
79	79	9.988390403085899E-4	6.146434351064683E-5	8.169317599600528E-5	0.00997327990480647	6.384480610386353E-4	0.03751765938259302	0.001468702928845877	0.22156902767121295	3.755021366774429E-4	0.18951707852163555	0.01904982476465568	0.02005786220085465	2.8239058861381083E-4	7.4438817431655E-4	0.4352169040094946	8.029601790857124E-4	0.001006194314414934	7.198982828544187E-4	0.05650718491996562	0.003410697399118876
80	80	7.54839335472603E-4	4.644963035936457E-5	6.173689673004736E-5	5.574510158146186E-4	0.007462008939895393	4.3462911103838315E-4	0.1337208618986317	0.45360385906991074	0.16779232722786297	0.010610281095396704	0.028355316722316122	0.10589186135359782	2.1340728150464648E-4	5.625465687256003E-4	8.630941324284639E-4	0.07738156432491312	7.603978388896663E-4	5.440391489601892E-4	8.262843682331583E-4	0.009557044039318766
81	81	0.05137828548112235	3.754100725221129E-5	4.989631284341254E-5	4.505369034272641E-4	3.8994939050247763E-4	3.512711400129492E-4	8.970499667599362E-4	0.4342976580669233	2.2934806801909287E-4	0.17780271610524467	3.533686675289772E-4	0.01225088087397706	1.724776761549718E-4	0.2317320907714456	6.975604075674979E-4	4.90429608201576E-4	6.14560343397171E-4	4.3969731252088955E-4	0.006308723489812017	0.08105595840728665
82	82	0.02880997944523618	1.583513062209036E-5	2.104670836687745E-5	0.016845751441002473	0.054890391591289486	0.3166066777119195	0.002757770932685084	0.31881568838930374	0.05006387396288202	0.036928569928991815	1.4905404563287985E-4	0.1455513800714158	7.275261723692035E-5	1.9177759495308226E-4	2.9423718166164215E-4	0.014483191257178722	2.592270166719537E-4	1.8546823560628488E-4	0.012178624781987538	8.787019553558865E-4
83	83	0.0010893899020642849	6.703646178749915E-5	8.909916153268646E-5	8.045175694821285E-4	6.963272785904844E-4	6.272600571510313E-4	0.36422628920291344	0.020051789716457352	0.5745649060513262	0.01531283882569773	6.310055832694909E-4	0.001730427772012392	3.0799102083438015E-4	8.11871510414714E-4	0.0012456240529778667	8.757534252820718E-4	0.0010974119767079536	7.851614606620994E-4	0.0011924999197652979	0.013792799051070927
84	84	0.47652571544081324	3.1058640820969205E-5	4.128050290400718E-5	0.023707103050333807	3.226151599131352E-4	2.9061564851305205E-4	7.421525088253489E-4	0.26596817313619325	1.897455552998951E-4	0.11909952522183731	0.018959840813150573	8.01723915679349E-4	1.4269521745496517E-4	3.761479195408629E-4	5.771096658119542E-4	0.01907323485445413	5.084415780362397E-4	3.637728952711397E-4	5.524967413171508E-4	0.0717265515338297
85	85	2.4789467001226916E-4	1.52543928873517E-5	2.027484117914268E-5	0.01622795018850312	0.24312376638435965	1.4273532789746407E-4	0.004948758023652993	0.35755020212521493	9.319317177650387E-5	0.05620338167680323	0.02077271811734554	0.05082052858834653	7.008448704344167E-5	0.15834141136436597	2.8344632439421323E-4	1.992809057262611E-4	2.497201225365103E-4	1.7866637172638013E-4	0.08278787965786755	0.007722853258360942
86	86	3.2450723946258304E-4	1.996880741851836E-5	2.6540839870660628E-5	0.0032401632291990893	0.057217182153627116	1.8684809652220522E-4	4.7715869504173536E-4	0.31202542053451005	1.2199479282252741E-4	0.1485860429421168	1.8796381307027786E-4	0.02451956907956587	9.174430179758524E-5	2.4184011816501112E-4	3.7104623613097256E-4	0.003261382951240381	0.08434128049381204	0.21927138393940074	0.0033557353317236515	0.14213222640450215
87	87	0.005917197034009751	3.553642822994738E-5	4.7231996956993945E-5	4.264795620965294E-4	3.691272435980463E-4	3.325142975642104E-4	0.14502118377642403	0.13344278716075283	2.171015578799503E-4	0.13627034597757248	3.344998232996521E-4	9.173100830135589E-4	1.632678771448848E-4	4.303779300471903E-4	0.006000017689261616	0.05920099655645462	0.10737584362035167	4.162187733622665E-4	0.21956005424144343	0.18352190837053642
88	88	0.0017366256710712642	1.068646223150773E-4	1.4203536391826943E-4	0.8202140793513486	0.0011100339971721793	9.999320864109026E-4	0.0025535517800979245	0.03196509597393693	0.016710346487986773	0.008353125325129182	0.0010059029300883218	0.002758521338518926	4.909767496714566E-4	0.0012942261571600232	0.001985682722784726	0.017453543920000175	0.0017494138754919647	0.00125164695022219	0.001900996116716927	0.08621739857995825
89	89	0.3213749700031618	2.180035042240132E-5	2.897517100338549E-5	2.6163023029594925E-4	2.264465975258319E-4	2.0398584124584507E-4	5.209237858320424E-4	0.34719589724708905	1.331841795806491E-4	0.03118552777926663	2.0520389153849794E-4	0.003838458930651514	1.0015910747835242E-4	0.010091185993979363	4.050786710009971E-4	0.25906678819577444	3.5687989807413746E-4	0.0035310570141355406	3.878026291419935E-4	0.02086404448280156
90	90	0.07981616948601764	1.6543679387897245E-5	2.1988451102920626E-5	0.0524014746204273	0.1294362438954983	1.5479917945603576E-4	3.9531456748875886E-4	0.5294636677220791	0.0025869236120336157	0.048524367798853656	1.5572352393351154E-4	0.04020070734132235	7.600795995449344E-5	2.0035875424101755E-4	3.074029329835805E-4	2.1612393471251423E-4	0.030101072349780003	1.9376708028091542E-4	0.06492649256199703	0.020804850548449372
91	91	4.538872586067995E-4	2.7930308340265818E-5	3.712258952979448E-5	0.1598139431673477	2.9012025811298345E-4	0.06741028958335896	0.034241873239242486	0.2265885221722831	1.706337343050432E-4	0.060938513693478503	2.6290439613316056E-4	0.13501886301504332	0.06308045909526952	3.3826101518366294E-4	5.189812073615604E-4	0.004561686110476232	4.572296041356633E-4	3.271324456637024E-4	0.18935325726456917	0.05610838984155843
92	92	0.01355635551076828	2.9026683383182155E-5	3.8579797957036165E-5	3.4835485261126544E-4	3.015086254222322E-4	2.71602626277555E-4	6.935984745721227E-4	0.46228364159574864	1.7733178308748234E-4	0.11130764638507801	2.7322443324416675E-4	0.09234183220363858	1.3335963158320684E-4	3.515390975635936E-4	5.393532718787826E-4	3.7919986705116187E-4	0.2796144071678958	3.399736876859684E-4	5.163506050665736E-4	0.03650311369948645
93	93	1.2963398972657347E-4	7.977129200664915E-6	0.22535562053213376	9.573507349340178E-5	0.06001504640853912	7.464198415142673E-5	0.08289703130163335	0.3535887080928117	4.8734418824189195E-5	0.12767976975393627	7.508769004005389E-5	2.0591549049111212E-4	3.664996779854938E-5	0.003692541307923004	1.48225364840381E-4	0.03846081072777319	1.3058859150870178E-4	9.343175710762716E-5	1.4190375920950296E-4	0.10712194665885737
