0	0	0.0026585789417734457	2.1777886763898514E-4	0.30530872702184636	0.01553245399582972	2.1844366712223776E-4	6.375130737886153E-4	4.257862656468119E-5	0.040307462667447704	1.1913286619295429E-4	1.065741925701007E-4	0.3568449710608655	0.11793281016058266	0.10607362980612116	3.4275845503408755E-5	1.625290547540093E-4	1.7438176363954722E-4	1.7573948008590452E-4	0.007767997508929286	0.045662348825972546	2.2072572771249285E-5
1	1	1.751352549698408E-4	2.426661256993409E-4	0.1116433842799775	5.839072919229723E-4	2.434068969078462E-4	0.11498802046104456	4.744441211430284E-5	3.175473201315996E-4	1.3274709064254057E-4	1.1875324126211136E-4	0.3781135581991047	4.0868202770763046E-4	0.3467507831375599	3.819280871259534E-5	1.8110249382007155E-4	0.01691786880815609	1.958225755657697E-4	2.9392648682082553E-4	0.028582456113277	2.4594974602838783E-5
2	2	1.475759719954393E-4	2.0448018519523463E-4	1.2891569822710955E-4	0.0075379936010630914	2.051043886495319E-4	0.17674783224402865	3.9978559626536405E-5	0.3102902562317857	1.118580090257279E-4	1.0006623172406326E-4	0.01093958879116796	0.01678496839448253	0.23816697837117917	3.218278849662649E-5	1.526042061656719E-4	1.6373312851821945E-4	0.08471664743316372	2.4767421610947296E-4	0.15326083683989125	2.0724709504332053E-5
3	3	0.027057792930779777	1.8033775192949567E-4	1.136949635706805E-4	0.08950228226122843	0.17210351837935642	0.13930882844067433	3.525839709869792E-5	2.359858413642778E-4	9.865123050308698E-5	8.82516770803184E-5	0.07593140421154211	0.0997288482495164	0.31154372724083074	2.8383051994806734E-5	0.014634085558142893	0.02292932847583044	0.029144523738360135	0.014717930904100547	0.0025988888980896054	1.8277798006856438E-5
4	4	1.2699543374311881E-4	0.006239322352622912	1.109374703163381E-4	0.004465646322266764	1.7650109599121928E-4	0.00253622598575935	3.440325990435647E-5	2.3026237442039883E-4	9.625859943042098E-5	8.61112708864935E-5	0.25396943977984243	0.32165434243088403	0.40302257616216486	2.769466552670541E-5	1.313224442366048E-4	1.40899357755419E-4	0.0021631158541540038	2.1313425265992157E-4	0.004556976388788942	1.7834498645783094E-5
5	5	0.34793082090935645	8.639280621418179E-4	5.446683708872232E-4	0.002078798158283121	8.665653195373859E-4	0.18114420181352775	1.6890927359244014E-4	0.05074584684618057	4.7259969409931457E-4	0.03019197772918339	0.0164505258539147	0.0014549697499480906	0.004024970138340068	1.3597216803018852E-4	6.447522334817987E-4	6.917718912182357E-4	6.971579479608209E-4	0.060584819195888956	0.3002191828197774	8.75618246503181E-5
6	6	1.8602367787164367E-4	0.018021041038736786	1.6250187612072087E-4	0.006541305686804308	0.08611443184206613	7.545311331954142E-4	5.039410276063735E-5	0.03290331770500222	0.006062096175470056	1.2613630934879877E-4	0.45195076428292785	0.050763406388844724	0.18475482627950807	4.056731322421987E-5	0.10085099387534067	2.0639022968678785E-4	2.0799716038507137E-4	0.059523160319965636	7.539905214776842E-4	2.6124081262608265E-5
7	7	1.9773155293957649E-4	2.739753905552827E-4	1.727293465464957E-4	0.003806121814214409	0.012862322318860787	8.020194763106016E-4	5.356578426931721E-5	0.2930181389210555	1.498743835755991E-4	1.340750199918861E-4	0.43948603003186665	0.01304892157485274	0.21841098645055135	4.3120520646549115E-5	2.0446869678203522E-4	2.1937992568711197E-4	2.21087992671236E-4	0.01606623769179945	8.01444839814285E-4	2.7768267009210825E-5
8	8	0.0011471265310595586	0.0381022553116844	0.001002077883728628	0.6427986524181383	0.0015943021257139353	0.004652862965090486	3.1075835585595E-4	0.0203363205220016	8.694863271432664E-4	7.778273639110716E-4	0.17631680810038397	0.03918965056973389	0.007405118001856333	2.501608495527952E-4	0.05595541942213537	0.0012727181342396204	0.0012826273719165951	0.001925202731291077	0.0046495292494500625	1.6109576511314595E-4
9	9	4.007914688612069E-4	5.553337218063008E-4	3.501133101349865E-4	0.0013362532931983225	0.0579640297855731	0.2950392111497991	1.0857503033197064E-4	0.007105252605148009	3.0378750100793585E-4	2.7176302113282136E-4	0.27847374977416867	9.352558410373985E-4	0.0918870334344246	8.740302976971823E-5	4.14447305455852E-4	0.22369411926448748	0.03234091198524682	6.726414302501183E-4	0.008003042229901067	5.6284818264451326E-5
10	10	9.136158007511549E-4	0.001265899357523203	7.980934651665029E-4	0.9045324122440017	0.0012697636867294983	0.003705719472559065	2.4749993696266916E-4	0.001656526832409467	6.924924369776712E-4	6.194917044324533E-4	0.06772498963205303	0.0021319428693041286	0.005897721506514007	1.992377463972193E-4	9.447446771236809E-4	0.0010136417961406873	0.0010215338951114262	0.0015333056880239538	0.0037030643728801402	1.2830287893831764E-4
11	11	2.1535134566420865E-4	2.98389246217001E-4	1.8812120099948956E-4	7.179891968662163E-4	0.0551360179213192	0.04885561524064539	5.833901343748213E-5	3.904653161590986E-4	1.6322963990204412E-4	1.4602240029962002E-4	0.11535522813245304	0.01078441176103097	0.2310189268720653	4.6962975857542135E-5	2.226888341471428E-4	2.3892879768597466E-4	0.09277775036001894	0.024352484498450563	0.41900283455876114	3.0242688019670644E-5
12	12	0.021452128773059746	6.097876217058348E-4	3.844440816962261E-4	0.0014672811782537598	6.116490809934086E-4	0.0017850564900372613	1.1922148236815405E-4	7.979540801752513E-4	0.39255827063193904	2.9841106314443776E-4	0.01861531139979617	0.0010269634502613684	0.1499252112091074	9.597343644071148E-5	0.028471136057506948	4.8827437699282576E-4	4.920760253885165E-4	0.37195125573984406	0.008787789929106666	6.180389218214318E-5
13	13	5.246006671534255E-4	7.268828395478309E-4	4.582674291894981E-4	0.03514490366492561	0.06752083377639398	0.2859926952787479	1.421151341124973E-4	0.05104498121498348	0.008746597536371062	3.5571381446564463E-4	0.19751823603533927	0.026271066880239936	0.16201685122975198	1.1440285358045685E-4	5.424749522734258E-4	5.820358646082979E-4	5.865675292116099E-4	0.12611492583227407	0.03552217560625868	7.367186057137762E-5
14	14	3.2936236003760995E-4	4.5636207213265974E-4	2.8771606949191784E-4	0.10069170970246032	0.38310686393464927	0.0013359275420979937	8.922477400255423E-5	0.07398194551211766	2.496464522216434E-4	2.233293794041646E-4	0.43327309700603384	7.685744208036279E-4	0.002126153545760648	7.182605019310138E-5	3.4058445162024744E-4	3.654221544057907E-4	3.682672894620319E-4	5.527631851938746E-4	0.0013349703674347855	4.6253730476202725E-5
15	15	1.3096589968991646E-4	0.3545140011158335	1.1440588988964235E-4	0.008773881194181342	1.820193384236451E-4	0.048470318907656504	3.547886528545528E-5	2.374614436272041E-4	9.926808945584979E-5	8.880350838364536E-5	0.3077645004849012	0.04616041059188877	0.023772831774950057	0.06881075864049037	1.3542819258930826E-4	0.13979400978117662	1.464358492125647E-4	2.197978173829976E-4	5.308305272360525E-4	1.839208774536068E-5
16	16	2.0283800398242428E-4	0.006737343445027094	1.77190111349533E-4	6.762692618618346E-4	2.819087974768152E-4	8.227317659290521E-4	5.4949129774253394E-5	3.677766912010572E-4	1.5374491506603684E-4	1.3753753022598423E-4	0.34430700384415	0.03598293627437572	0.007765685510401219	4.423411543883296E-5	0.5393101806789864	2.2504544964447023E-4	2.267976277494683E-4	0.022937443610781216	0.039559897849343044	2.8485387235695826E-5
17	17	0.0019438226210844397	1.592292343323945E-4	0.009244911181559727	0.03513233202009357	0.022106573390859315	0.00961064251725447	3.1131404898559936E-5	0.06604893798310113	0.01837615251931062	7.792182623826126E-5	0.220671646811595	0.058793118107028024	0.3153134685623248	2.5060818318931433E-5	0.13911560116797292	1.2749939884840834E-4	1.284920945701638E-4	1.9286453480728974E-4	0.10288445542240317	1.613838339878908E-5
18	18	6.999052257062524E-4	9.697835510509116E-4	6.114055672119353E-4	0.02461135101465623	9.727439466604356E-4	0.02511672905010343	0.1561344966654065	0.0012690364872988934	5.305064503090218E-4	4.7458185471120656E-4	0.7759127926703624	0.0016332444709322253	0.004518142198039351	1.526325833536374E-4	7.237525182175922E-4	7.765334066353075E-4	7.825794068324032E-4	0.001174638904855575	0.002836853416473905	9.829061118279007E-5
19	19	6.921949212970637E-4	0.1882347057375666	6.046701938106011E-4	0.057388863421671474	0.06705930053225677	0.02484003783588368	1.8751667741084266E-4	0.0012550565122050248	0.011540874368607686	4.6935376034570387E-4	0.5690733551653965	0.01263146439331614	0.026500793565074184	1.5095115044358893E-4	0.011731991596846642	7.679789499329434E-4	7.739583461095726E-4	0.0231941230132913	0.0028056020375701552	9.720782096355748E-5
20	20	7.976383616528816E-4	0.0011052018679209193	6.967808169231422E-4	0.01535368899403222	0.0011085756462799	0.003235303074232056	2.1608146889073531E-4	0.001446241787358289	0.013298918903028678	5.408513598109732E-4	0.24954275991399663	0.001861306925746204	0.005149045053810438	1.7394584187908094E-4	8.248156345606644E-4	8.849667233335881E-4	0.013586190740234094	0.6741383524139741	0.01592731878908259	1.1201568325281432E-4
21	21	0.0012882380903871447	0.0017849732563920333	0.001125346563261324	0.00429503251552358	0.0017904221289632523	0.005225225935141437	3.4898569606784963E-4	0.0023357750177960017	9.764445118902214E-4	8.735102979530341E-4	0.6900583711106237	0.044010489903203415	0.008316044320752947	2.809339043181686E-4	0.0013321311625308946	0.0014292791025760107	0.16545783753347465	0.0021620278347809956	0.06672801846418938	1.8091265017393293E-4
22	22	0.009880642806126223	0.005206854416282179	0.14874790525658899	0.001003430540904783	4.182888578422046E-4	0.034749617642376995	8.153207327481802E-5	0.03407456727048096	2.281226605824825E-4	2.0407456930603975E-4	0.6210399617953813	0.010281987279361133	0.05942090543551087	6.563341687160851E-5	3.112202499383277E-4	3.339165181679462E-4	3.3651635394758714E-4	0.0052949441055164265	0.06827761288329139	4.226586824766278E-5
23	23	1.4320360276909148E-4	0.03666355528888668	1.2509619411610987E-4	0.007314658522838343	0.2577340323963184	0.14872045305793896	3.879407802386616E-5	0.036724783719588414	0.006945756406239877	9.710147732488233E-5	0.2339644137566673	3.341688043608845E-4	0.053343060518941846	3.122927938441777E-5	0.020659720413190814	1.588820563363006E-4	1.6011909383618935E-4	2.4033614402338608E-4	0.19658052450976393	2.0110679450275965E-5
24	24	0.04600888046603451	6.606899049225028E-4	4.1653571627668894E-4	0.07747651658496535	0.13725886301638113	0.32065842946683143	1.2917354673449555E-4	8.645636392039366E-4	0.06865949925203643	0.023089347098950944	0.05052393389414184	0.0011126896646639108	0.003078100196702816	1.0398486020381742E-4	4.930749567059833E-4	0.038472410030570524	5.331522826244199E-4	8.002528662466049E-4	0.2295929395572172	6.696299858536482E-5
25	25	3.982512014111064E-4	5.518139458453602E-4	3.4789424731882955E-4	0.15978097266859542	5.534984326370618E-4	0.007953475303071344	1.0788686794111524E-4	7.220910591020891E-4	3.01862057078826E-4	2.700405524418429E-4	0.5429101046773838	9.293280702261731E-4	0.04059962130629309	8.684905821888896E-5	0.0828074786195592	4.418531977901873E-4	0.14622222703786977	6.683781430706071E-4	0.01429044547623805	5.592807790723199E-5
26	26	0.049533522668493715	5.348637718106057E-4	3.372079134881209E-4	0.0012869981570175356	5.36496515900816E-4	0.056856671512979136	1.0457288647791576E-4	0.3570193189822428	2.925897027998187E-4	2.617456653792872E-4	0.004041194985735235	0.1790604859887989	0.29737691429040214	8.418129916232963E-5	0.024972922829839383	4.282807089889432E-4	4.316152535543588E-4	6.478474443969499E-4	0.026138359298041983	5.4210124489971755E-5
27	27	6.361327361841507E-4	8.814208569651596E-4	5.556968030868591E-4	0.2957165442215354	8.841115134856532E-4	0.18481200529696395	1.7232934454069373E-4	0.45673287114112116	4.821688814480365E-4	0.020679316085146778	0.016783615709550587	0.0014844299427874252	0.014230455727745074	1.387253292495848E-4	6.57807161347236E-4	7.057788719935044E-4	7.112739854847167E-4	0.0010676106323111514	0.002578370984662846	8.933477439010094E-5
28	28	1.71315253936621E-4	0.01932262760913588	1.4965326183910617E-4	0.008750566033735198	2.380977739797361E-4	0.22426499579977885	4.640956791158448E-5	0.0030370859883654252	1.2985164835424318E-4	1.1616302888940787E-4	0.048143390668082826	0.09037311037182776	0.24376128012003315	3.735975788699884E-5	0.0710652402899968	0.226486659938952	0.06290024453764853	2.8751544477483904E-4	6.943743889521534E-4	2.4058515918885988E-5
29	29	0.19864316405981497	2.3999046257555198E-4	1.513033549986011E-4	0.02262968682934952	2.4072306596005608E-4	0.33148580043507303	4.6921284860516435E-5	3.1404600880483117E-4	1.312834067674266E-4	1.1744385509393592E-4	0.2526572392414454	0.03623902971972865	0.04246600422977019	3.77716906452437E-5	1.7910563800451802E-4	1.9216722253313732E-4	1.9366341452614497E-4	2.906856213740111E-4	0.11371964667093937	2.4323787734932565E-5
30	30	1.9111594934433822E-4	0.006347990826545394	1.6695025429223445E-4	0.2074653744132944	2.6561722359963046E-4	0.012941549844712033	5.177360699803395E-5	3.46522792108031E-4	1.4485996126374967E-4	1.2958920490014394E-4	0.014167142990766535	0.20423256925764272	0.4848466892446286	4.167781579152262E-5	1.976276851911422E-4	2.1204002164285324E-4	0.02150482782843243	0.006403928579233471	0.04031531328941988	2.6839210192892753E-5
31	31	6.173816429826764E-4	8.55439479654163E-4	5.393166956757124E-4	0.01188393912917867	8.580508245022349E-4	0.041806428679978795	1.6724964431929826E-4	0.0011194084609712268	4.6795613445262726E-4	4.1862542874389217E-4	0.12437011986198938	0.001440673848147126	0.4068336424716344	1.3463616447279965E-4	6.384171776387909E-4	0.32492866406415477	6.903079762935986E-4	0.0010361409950316197	0.08110689984004484	8.670148013335554E-5
32	32	4.3703057915901294E-4	0.014516141206105056	3.817701587669256E-4	0.001457075801261212	0.049294476815066685	0.0017726408912387373	1.1839226149950949E-4	7.924040722206602E-4	3.312556224911649E-4	2.963355254470481E-4	0.16454708217850061	0.0010198206140260137	0.0028211909684478214	9.530591264591065E-5	4.5192116101899077E-4	0.16045671892819297	4.88653490279015E-4	7.334609059015556E-4	0.5999269488800006	6.137402773034383E-5
33	33	0.08191898896838336	0.017157515042668003	1.5471516756495213E-4	0.19507978926471695	0.0030648367333620894	0.2121197872597526	4.797933561767199E-5	3.2112758422173196E-4	1.3424377983361948E-4	0.0029387776399163214	0.2414424166689027	0.062424370515189995	0.001143308410552356	3.8623422775023356E-5	0.17776033002743846	1.965004942222244E-4	1.9803042457247776E-4	0.003115925918614556	7.178610651002253E-4	2.487227659465458E-5
34	34	9.852435112638407E-4	0.00136514618824167	8.606641952677252E-4	0.12872524343113748	0.0013693134818379058	0.003996248819143757	2.669039947975869E-4	0.0017863989562396016	7.467840196837492E-4	6.680600111907382E-4	0.43367581276285705	0.0022990877310135574	0.02204015509748814	2.148580362503574E-4	0.001018812899439647	0.0010931115700629746	0.0011016224115948088	0.0016535172428798755	0.3959946537824191	1.383618571904255E-4
35	35	2.546211202435633E-4	3.528011580613608E-4	2.2242550095202623E-4	0.14267834326748866	3.5387813136971195E-4	0.22390758360073837	6.897725625786409E-5	0.16255244145797013	1.929949109007098E-4	1.7264989466523985E-4	0.09181553577732895	5.941640690005411E-4	0.3582433744418061	5.552677409995944E-5	2.6329661531203656E-4	2.824979706424075E-4	2.8469746749803376E-4	4.273262476847471E-4	0.017241106831663515	3.575750631599113E-5
36	36	2.4759778970471434E-4	3.4306968274154683E-4	2.1629023687039461E-4	0.2845410503454863	3.441169494037296E-4	0.024647244579399968	6.707462512538595E-5	4.489331094689009E-4	0.03959260899069454	1.678876138435566E-4	0.27842664618326807	0.012399256234323036	0.009479321084641883	5.39951537540629E-5	0.07512541532294892	0.2485258122430522	2.7684452734955275E-4	4.1553911281335434E-4	0.024646525024406056	3.4771190703751445E-5
37	37	8.87798439306101E-4	0.001230127010723413	7.755405852357942E-4	0.4974827318114384	0.0012338821399971113	0.0036010016043278316	2.4050597371801015E-4	0.07225582733446742	6.729236778464045E-4	6.019858324538869E-4	0.023423519943703872	0.0020716974799492418	0.005731061070353914	1.936075975884904E-4	9.180476620517663E-4	0.354215554724133	9.926669361810072E-4	0.0014899768542615288	0.03185686608311449	1.2467723914830073E-4
38	38	0.003983074102544895	0.005518918284067907	0.003479433488235887	0.7739623663354797	0.005535765529455572	0.016155757431417957	0.0010790209500393816	0.0072219297443368285	0.0030190466163853486	0.0027007866574084998	0.10508873585217351	0.009294592348171794	0.02571218862163304	8.686131602274266E-4	0.004118786095724948	0.0044191556058308015	0.004453562645419244	0.006684724774058995	0.016144182041891962	5.593597154963826E-4
39	39	2.4122696582475102E-5	3.342423158659867E-5	0.017680945090383905	0.010446003336880793	3.35262635795454E-5	0.019293357821710124	6.534875905849569E-6	0.006954123109710599	1.828425573324894E-5	1.635677755255321E-5	0.11926472363269451	5.629085106136706E-5	0.16370149738235476	5.260582949818435E-6	2.494460929356267E-5	2.676373752677347E-5	2.6972116922919506E-5	4.0484706864717943E-5	8.655945770665559E-4	0.6614807893436393
40	40	7.158528828447524E-4	9.918805078997634E-4	6.253367196027852E-4	0.43531027327322347	9.949083574622528E-4	0.11683083430279442	1.9392565587520816E-4	0.0012979520576538188	5.425942797301465E-4	4.853954169266488E-4	0.07585056898651067	0.0016704586849274063	0.08437017317985071	1.5611038580186332E-4	7.402435467022178E-4	7.942270715356018E-4	0.16029857696908134	0.0012014035835980108	0.11682875393076295	1.0053020721594589E-4
41	41	7.411852443980943E-4	0.0010269808424042185	6.474659255516479E-4	0.0024711384863332357	0.0010301158404907751	0.0030063234356074546	2.007882318972218E-4	0.0013438835494328657	5.617954239879956E-4	5.02572427025507E-4	0.17290184843900297	0.10789256541336141	0.004784619697474026	1.6163476773862248E-4	0.16590887274356736	8.22332912573271E-4	8.287355024799165E-4	0.4258958908390022	0.10916716254122377	1.0408773644751989E-4
42	42	1.1027891853796386E-4	0.03700943594713187	0.20544043998516762	3.6767391403167397E-4	1.5326810904121721E-4	0.16893477363500994	2.9874730016727856E-5	0.01599565315362945	8.35879994444373E-5	0.014115398957334165	0.1591115061066999	0.0371139726044527	0.33417667683054514	2.4049193530323992E-5	1.1403636101963035E-4	1.223526573986225E-4	1.2330528118071132E-4	0.005450312682052913	0.02150791600510864	1.5486928666286076E-5
43	43	2.5670156803558793E-4	0.028953340066658378	2.2424288610021413E-4	8.558523379536154E-4	3.567695842717716E-4	0.425920672276653	6.95408527904075E-5	4.6543966842836827E-4	1.945718257924175E-4	1.7406057533385838E-4	0.14976105089697284	5.990188403732777E-4	0.07110855267378195	5.598046998529687E-5	2.654479484828651E-4	0.3189444044677402	2.8702366187297295E-4	4.308178274390876E-4	0.0010404618990537432	3.604967228004097E-5
44	44	2.833237210060966E-4	0.040974186278849946	2.474987955283974E-4	0.07308970490822886	0.013920974650789831	0.0011491900962165543	7.6752835307122E-5	0.02756811975667155	2.147505919356722E-4	1.9211214898856357E-4	0.11118373556963235	0.43804077064328417	0.22728237413386818	6.178612456977894E-5	2.929771760769826E-4	0.004823411371160438	0.018353063812568886	0.041057112336516384	0.0011483667164982345	3.9788332301949784E-5
45	45	2.1609195651662623E-4	0.22383972003743222	1.887681651621714E-4	7.204584203088543E-4	3.0032943733410454E-4	8.764911579557488E-4	5.8539646065701246E-5	0.03478262425151562	1.637909999547283E-4	0.07236723837911518	0.26019337176779134	5.042554052051477E-4	0.08393291061382233	4.7124485364133065E-5	0.13434763744296893	0.14124209647572145	0.013997943600518935	0.003801745024069419	0.028388516038085565	3.0346695091855704E-5
46	46	1.9711126789698848E-4	0.006547127671507877	0.015857216851975824	0.044575258319584386	2.739496515001462E-4	0.13255375014709492	5.339774808954318E-5	3.57393232443172E-4	1.4940422675430794E-4	1.3365442586692582E-4	0.07421467866017019	0.08829612795159086	0.24282187687706225	0.14748226122031446	2.0382727727965506E-4	2.1869172957210263E-4	2.2039443834006824E-4	3.3080845142080225E-4	0.24548538869374298	2.7681157792556532E-5
47	47	2.1315966261443574E-4	2.9535246624633833E-4	1.8620664575832383E-4	0.04820448432871704	2.9625406964370495E-4	8.645974728819142E-4	5.774528310114713E-5	3.864914556182664E-4	0.13925056081125833	0.09852455530881153	0.338080583522584	0.01745948507571069	0.16421191650926967	4.648502222397458E-5	0.09520802704094619	2.3649716116949104E-4	2.3833850098929206E-4	0.0037501566450688145	0.09245916811656266	2.9934900824248913E-5
48	48	9.005221164527811E-4	0.0012477568445245272	7.866554144400447E-4	0.561939387420186	0.0012515657912531876	0.36194556785235205	2.4395283758479915E-4	0.0016327859564772406	6.825678304402818E-4	6.106133238302012E-4	0.009427500925029662	0.0021013884646518812	0.005813197023221868	1.963823271394746E-4	9.312048625378821E-4	9.991145674528835E-4	0.0010068935590843127	0.04450648570771108	0.003649993097410535	1.2646407821923023E-4
49	49	1.3375374099638504E-4	1.8532820322770085E-4	0.0022455184678448026	0.06430625719777577	0.004443248434282069	0.18999479378062306	3.623409581785807E-5	2.4251623134526645E-4	0.004358735678306874	0.029892175289789085	0.267484913969599	3.121173409277137E-4	0.17328628584227287	2.9168490635130277E-5	1.3831102170936755E-4	1.483975891754963E-4	0.004406907487432887	2.2447660350841475E-4	0.028214934391402918	0.22991592614332731
50	50	2.5775459335831757E-4	0.012663557644795402	2.251627614220227E-4	0.05828929875287954	3.5823310243215077E-4	0.47689351683801956	6.982611898302523E-5	4.6734896629829797E-4	1.9536998632262804E-4	0.037094018903934364	0.13806897666383172	6.014760984747075E-4	0.07550238804451652	5.6210109612837645E-5	2.6653685266743297E-4	2.859745078406331E-4	2.882010726168486E-4	0.03324969115333546	0.16513026027563862	3.619755301983343E-5
51	51	1.8825300611387678E-4	0.018237007179185954	0.06308102749425075	0.1264607987054962	0.02123383096694168	0.05169604156604655	5.0998031237977776E-5	0.039289689752539235	1.426899391023981E-4	0.0600481985862479	0.10982779827125909	0.021411485318798374	0.17198881080315442	4.105347637354042E-5	1.946671952612812E-4	0.030169138955667217	0.18296816928996523	3.1594178299531835E-4	0.10262796252423356	2.6437155129480795E-5
52	52	2.082151969171256E-4	2.885014508147157E-4	1.8188738403089014E-4	0.10010591035207074	2.8938214055977034E-4	0.19304052132474311	5.640581967747145E-5	3.7752637413348005E-4	1.5782066051219586E-4	1.4118362129998E-4	0.11153267450889469	4.85874810815721E-4	0.3492851013174196	4.5406752559789176E-5	2.1530954129950753E-4	2.310113573050474E-4	0.17586017020858352	3.494439845540868E-4	0.06711841266493293	2.924052887571752E-5
53	53	2.138852500270038E-4	2.963578348472772E-4	1.8684048612306088E-4	7.131011808390161E-4	0.01050914880416841	0.14042998658754344	5.7941845856217533E-5	0.39184344843905045	1.6211838488673505E-4	1.4502829086717993E-4	0.056702542801058804	4.991060063425955E-4	0.3962403103789986	4.6643255477794614E-5	2.211727854445429E-4	2.373021885426252E-4	2.3914979621338415E-4	3.5895993718715883E-4	8.669189484336505E-4	3.0036798092090982E-5
54	54	1.1066737826062347E-4	1.5333990822369588E-4	9.667401912740118E-5	0.04792299230071016	1.5380799905755083E-4	0.271682936771393	2.997996435789374E-5	2.0065708299966611E-4	8.388243986435019E-5	0.36817840491448567	0.08922157479580471	2.5824479803582327E-4	0.2208719131196547	2.413390730130426E-5	1.1443805640948446E-4	1.2278364711079828E-4	1.237396265294412E-4	1.8573115791802147E-4	4.4855663106967874E-4	1.554148168597754E-5
55	55	2.6763549352943787E-4	0.008889617342829854	0.008752577833690534	8.923064421047238E-4	3.7196579862585987E-4	0.02238251594645811	7.250287015947824E-5	0.017522831696471713	2.0285940215082024E-4	1.814744971757897E-4	0.011320640194943537	0.27322560746451297	0.18914092264397636	5.836489752352322E-5	2.767544165867319E-4	2.969372050583329E-4	2.992491241399428E-4	0.37101625310352193	0.09479139845748165	3.758516905867004E-5
56	56	6.361327361841507E-4	8.814208569651596E-4	5.556968030868591E-4	0.00212088961387473	0.011008099603404986	0.0025802196784159613	1.7232934454069373E-4	0.0011534070947511097	4.821688814480365E-4	4.313399053081138E-4	0.08765153233898591	0.0014844299427874252	0.004106467637825739	1.387253292495848E-4	6.57807161347236E-4	0.5575251238175568	7.112739854847167E-4	0.2541673128802945	0.07344628761409817	8.933477439010094E-5
57	57	4.5939729279415915E-4	6.365375219188267E-4	4.0130870875126716E-4	0.0015316472357229018	0.007949742041177954	0.03110840818685187	1.2445143890231863E-4	8.32958385378309E-4	3.482088976202176E-4	3.115016308723234E-4	0.2899485917304881	0.0010720138396740511	0.5951777498054917	1.0018355772966973E-4	4.7504995720900933E-4	5.096937866302024E-4	0.029758707813212604	7.709985767813456E-4	0.038418334514142366	6.451507865067464E-5
58	58	1.0389677607264923E-4	1.4395861145457807E-4	0.16544142672434345	0.1359339427213153	0.006758424752499089	4.2141598898790526E-4	2.8145797727516737E-5	0.07128916782826632	7.875053342720038E-5	0.0033774622031274714	0.45414851595688643	0.031659072214137864	0.022166278124950235	2.265740096179592E-5	0.1009713437553999	1.1527177466164657E-4	1.161692675014507E-4	1.7436817269202937E-4	0.007035140737816506	1.4590657770553842E-5
59	59	4.08610503363442E-4	5.661677187059747E-4	0.3255066831898681	0.001362322237811665	5.678960223330007E-4	0.001657366146427338	1.1069321890184983E-4	7.408740766844983E-4	0.01331570366760285	2.770648416648473E-4	0.0107807086056844	0.01395949131360903	0.022146713438218054	8.91081741115155E-5	4.225327514607915E-4	4.5334667396375593E-4	4.5687637926260965E-4	0.5144223524303276	0.09269810573209422	5.7382877904324006E-5
60	60	8.516969910157371E-4	0.0011801051085640428	7.440039919107915E-4	0.002839588657626832	0.0011837075392078541	0.08478259870630904	2.30726035401729E-4	0.0015442584481791975	6.45559899894597E-4	5.775066720502578E-4	0.10379905387962104	0.001987453944328565	0.019052684502302637	1.8573473550233328E-4	8.807161589399164E-4	9.449438889202783E-4	9.523011138507693E-4	0.06920274531617464	0.7082950070480672	1.1960736213250456E-4
61	61	6.772729562397233E-4	9.384244443526521E-4	5.916350396572744E-4	0.002258052599624808	9.412891120425929E-4	0.0027470886340972833	1.8347429394066354E-4	0.0012280006803231352	5.133518920972151E-4	4.592356849367047E-4	0.028647782662325826	0.0015804315648226051	0.015150773213121329	1.4769702689690963E-4	7.003491181317436E-4	7.514232736298023E-4	7.572737692062299E-4	0.6155242955829392	0.32610703618446535	9.511226714903317E-5
62	62	0.033508831796243824	4.1305888966825134E-4	2.6041533129312814E-4	0.024715853424671724	4.143198078619283E-4	0.0012091643475924659	8.075843355729684E-5	5.405193786016898E-4	2.259580553712506E-4	2.0213815108668427E-4	0.506026108284033	0.07186147874194446	0.001924407562556639	6.501063597019135E-5	3.0826715017551903E-4	0.18061752407806206	3.33323225077532E-4	0.10487686725303051	0.0723741306363816	4.18648168201872E-5
63	63	0.03394198091699668	0.0014325327466570093	0.03381125209743308	0.00344698426399999	0.06725311307150947	0.25100428974222655	2.8007895129062067E-4	0.0018745794592909203	7.836468885834366E-4	7.010368933421222E-4	0.14245600087408233	0.0024125756570850384	0.02312810466051113	2.2546389204477482E-4	0.0010691037002005664	0.4289524175236575	0.001156000868371072	0.0017351384181340892	0.004190507677884236	1.451916966994282E-4
64	64	2.525741234856184E-4	0.02848780607488714	2.2063733711511619E-4	0.04103900731745858	3.5103316946345504E-4	0.0010244665721582977	6.84227216623179E-5	4.579559727209546E-4	1.9144335085519704E-4	1.7126189600157358E-4	0.3402982748828083	0.03274692017982658	0.0016304576156031122	5.508037308478431E-5	0.02035963788758967	0.5228401352424897	0.00832179188132505	4.238908082256847E-4	0.0010237325552185511	3.5470038020230706E-5
65	65	4.4319569490508065E-4	6.14088706627135E-4	3.8715572519964966E-4	0.0014776305207567127	6.159632955588479E-4	0.0017976472335677557	1.2006240091398196E-4	8.035823811442523E-4	0.0073893432012226675	3.0051588009767346E-4	0.35025709968429736	0.0010342070492676736	0.009914403639884708	9.665037687968884E-5	0.12036634474366176	0.22620098597015023	4.955468416163226E-4	0.1700257584072929	0.10759757842629712	6.223982065835373E-5
66	66	5.77651379338651E-4	8.003895175367738E-4	5.046101332918647E-4	0.0019259106491339238	8.02832814921079E-4	0.002343013291808084	1.5648665429731983E-4	0.0010473713445696504	4.378418270271252E-4	3.9168569245413875E-4	0.02443391695685694	0.0013479623908783129	0.04050200212607987	1.259719445833288E-4	5.973332175457703E-4	6.408947625627362E-4	6.458846958066407E-4	0.8283631518867557	0.09427396672111589	8.112199343630434E-5
67	67	2.525741234856184E-4	3.499648543562322E-4	2.2063733711511619E-4	0.06113746533212352	3.5103316946345504E-4	0.005044158175091284	6.84227216623179E-5	4.579559727209546E-4	1.9144335085519704E-4	1.7126189600157358E-4	0.0950970871038961	5.893873563626892E-4	0.08604398127719583	5.508037308478431E-5	2.6117987292473564E-4	2.8022686120153365E-4	2.824086754590775E-4	4.238908082256847E-4	0.748686370700754	3.5470038020230706E-5
68	68	1.7862028297290804E-4	2.47494954958211E-4	1.560346049944225E-4	0.06597817203335492	2.482504668219085E-4	0.6261237203325645	4.838851160378531E-5	0.014537484809065106	1.3538863376470994E-4	1.2111631985142639E-4	0.16959066223466807	4.1681441836282246E-4	0.05232208567819363	0.06542159834160885	1.8470626430304454E-4	1.9817628406925013E-4	1.9971926192738766E-4	0.0031424990681588683	7.239831071298476E-4	2.508439162650076E-5
69	69	1.6501649051706523E-4	2.2864563983518923E-4	0.24700890042930482	0.08196301387867713	0.002855564350787214	0.18187855482793608	4.4703223135146626E-5	2.992004342600194E-4	0.0027512981202424637	1.1189205231108114E-4	0.287985606277823	3.850696649359639E-4	0.08510430497742165	3.598614829337125E-5	1.7063896106596607E-4	1.830830987194255E-4	1.8450856276448028E-4	0.002903165077615383	0.10571767383006415	2.317395429044663E-5
70	70	1.7225454589041913E-4	0.0029800882939235475	0.005633301100054125	0.02798843947948981	2.3940322295860602E-4	0.3132198390881694	4.666402355821782E-5	3.123241487695192E-4	1.3056360251876659E-4	1.1679993071722178E-4	0.17999520813084197	4.019598287533619E-4	0.38490987766326057	3.75645949880318E-5	1.7812363272015635E-4	0.08243352333118427	1.926015914670216E-4	2.890918423089991E-4	6.981815238188916E-4	2.4190424607129788E-5
71	71	7.411852443980943E-4	0.0010269808424042185	6.474659255516479E-4	0.0024711384863332357	0.0010301158404907751	0.20353642150801132	2.007882318972218E-4	0.1428945410123062	5.617954239879956E-4	5.02572427025507E-4	0.24367717717043966	0.16687200602289198	0.1935188296479718	1.6163476773862248E-4	7.664390368818048E-4	8.22332912573271E-4	0.012624623624386025	0.0012439184503821483	0.026595945687880995	1.0408773644751989E-4
72	72	4.527765572602519E-4	6.273638792871939E-4	3.9552513346736485E-4	0.0015095734633302008	6.29278992481064E-4	0.0018365081947773537	1.2265787138089298E-4	8.209539672704053E-4	3.431905854580477E-4	3.070123359880575E-4	0.3578288453027097	0.0010565642054848692	0.002922836970643081	9.873973372160953E-5	4.6820363882314097E-4	5.023481887838817E-4	5.062594142668369E-4	0.6276725839031271	0.001835192360604151	6.35853011347964E-5
73	73	4.2520098198812925E-4	5.891553642947733E-4	3.7143635741424306E-4	0.001417635495254407	5.90953840822753E-4	0.06262793403341375	1.1518760528441308E-4	0.26468514772662394	3.222891547849429E-4	2.8831427919877306E-4	0.09918982642932897	0.4205481118252822	0.06364810182888239	9.272616054532746E-5	0.0072067190818275555	4.7175353879483177E-4	0.04107761002625904	7.13607496389335E-4	0.03555857602556919	5.971274804094149E-5
74	74	1.916990193532298E-4	2.6561675623118855E-4	1.674595978953643E-4	0.012842613419436594	2.6642758734717384E-4	0.5072220512581216	0.1403919738292503	3.475799882665344E-4	1.4530191024389423E-4	1.299845647804292E-4	0.04776994043404149	0.07061735507555597	0.12022143560854155	4.1804969409561896E-5	1.9823062166272895E-4	2.126869282863271E-4	2.1434288435898417E-4	3.217251677578866E-4	0.09840484928631218	2.6921093147086268E-5
75	75	1.403253010544349E-4	0.004660959626246719	1.2258183984667156E-4	0.03843331994238576	1.9502724390472486E-4	0.0072689627021333535	3.8014341626628556E-5	0.10521779054951386	1.0636222536531931E-4	0.03359409418087931	0.3252921844540975	0.007027241099395525	0.19966625406814464	3.060159064850938E-5	0.20560529869715471	1.5568862763522015E-4	1.5690080146486476E-4	2.3550553975044828E-4	0.07203318070122093	1.97064675308456E-5
76	76	2.103058837398039E-4	2.9139829115332926E-4	1.8371371353341997E-4	0.014089154831442139	2.922878238957833E-4	8.530222528196011E-4	5.697218997929431E-5	3.813171128850253E-4	1.5940533627152847E-4	1.426012447059572E-4	0.35028934916891136	0.030613725097344786	0.004704597637586798	4.5862681332726676E-5	0.5089609921920063	2.3333094015854546E-4	2.3514762814406267E-4	3.529527482975047E-4	0.08787432909304256	2.953413274956415E-5
77	77	1.6162087379197645E-4	0.02594573912609727	1.4118468956187595E-4	5.388498549326847E-4	2.246243074931665E-4	0.14212544220834789	4.3783345299498546E-5	0.06716971956821703	1.22503608920344E-4	1.0958960045889656E-4	0.0016919972417555327	3.771459174942155E-4	0.5772116061709026	3.524564553129209E-5	1.6712764829757674E-4	1.79315717470771E-4	1.8071184911675928E-4	0.07743664081700942	0.10611445471563559	2.2697093665617464E-5
78	78	2.373114236920954E-4	3.2881696938444766E-4	2.073045324985653E-4	7.912048934653313E-4	3.298207277091252E-4	9.625594950453804E-4	6.428803262380599E-5	4.302823360323224E-4	1.798746978544658E-4	1.6091277999290057E-4	0.0024843961358661936	5.537715056250181E-4	0.0015319313502454872	5.175194344477737E-5	2.4539713977080784E-4	2.632931452785572E-4	2.65343115562702E-4	0.06460365945895219	0.9262747536835508	3.3326633404997214E-5
79	79	0.013036463924833298	1.6069874792219613E-4	1.013134415583216E-4	0.0022324596699870264	0.1016792902693846	0.10568008835651546	3.1418714089989895E-5	0.22355010881856233	8.790798960956291E-5	7.864096040404045E-5	0.11934432278374556	0.0021164217166773445	0.38467168233491256	2.529210256296882E-5	1.1992998165113E-4	1.2867608037981705E-4	0.046274269286142845	1.9464446583615123E-4	4.700830320045594E-4	1.6287323220181697E-5
80	80	5.035788523044482E-4	6.977551669644402E-4	4.399037219910074E-4	0.11388064043848388	6.998851590957419E-4	0.06615781910756893	1.3642029187609436E-4	9.130663900410086E-4	3.816971492349546E-4	3.4145963902302505E-4	0.0613727757340654	0.001175112495230636	0.0032507842191649293	1.098184987430665E-4	0.3531546206186697	5.587125046750144E-4	5.630625762682272E-4	0.1370900573552549	0.2585021104019455	7.071967939914472E-5
81	81	1.1224897541211917E-4	0.3860246443840458	9.80556309056748E-5	0.02002498402218589	0.003728868295826916	0.07012610544109205	3.040842147846202E-5	0.00913568015752337	8.508124144468157E-5	0.0036489743582526777	0.21376042478772997	0.0020483665691270027	0.11684262799039251	2.447881579775669E-5	0.009048228936143694	0.1376797314728927	0.007271232360349275	1.8838552522051013E-4	0.02010570902220575	1.5763591973136212E-5
82	82	3.3822689566664974E-4	4.6864470773103366E-4	0.25867210613280517	0.017276201137414373	4.7007530916131176E-4	0.0013718830085738562	0.010857319790685925	6.132577037893949E-4	2.5636549525415457E-4	2.2934011858065552E-4	0.3265116809224065	0.016937800412967836	0.12060600694242184	7.375919331533685E-5	0.24257785702658552	3.7525721177846894E-4	3.7817892146537716E-4	5.676403829070957E-4	0.001370900072287783	4.7498614201639606E-5
83	83	1.8331018486661746E-4	2.539932486492925E-4	1.6013149129013248E-4	6.111628046894283E-4	2.5476859743442636E-4	0.0065782509921586815	4.965901329837054E-5	0.26289504266433816	1.389434339212865E-4	1.2429638231900448E-4	0.4103498856307997	0.117122279711899	0.18789456784326322	3.9975565324564955E-5	1.89555961349299E-4	2.0337965355492966E-4	2.049631442521378E-4	0.01197709846136753	7.429922011063524E-4	2.5743014117931468E-5
84	84	7.077892339288376E-4	0.023509495568120455	0.034411474670001406	0.23891206890333416	0.29385794522750236	0.0028708657889687235	1.917412008813944E-4	0.0012833314142878	5.364822839830029E-4	4.7992773170627733E-4	0.2101688862509406	0.0016516419801454595	0.004569036331890412	1.5435189690924091E-4	7.319051517387757E-4	0.07963603856058614	0.07964215266531156	0.0011878705002835203	0.02539759684412662	9.939779535331271E-5
85	85	8.29217450915698E-4	0.13311807537903653	7.243668818268382E-4	0.002764641055639168	0.04074320029822564	0.26730162661490625	2.246362931346457E-4	0.0015034995631803575	6.285211058049867E-4	5.622640628484671E-4	0.14065013529367484	0.0019349974356056298	0.13732201729020227	1.8083248566613808E-4	0.014054382467690073	9.20003206650241E-4	0.040517901573228064	0.0013916613887942943	0.2145115696864489	1.1645046652094328E-4
86	86	0.001806862840028209	0.0025035759084329383	0.001578393701042696	0.03478018540028514	0.0025112184129066463	0.06484089947734689	4.894819448607328E-4	0.003276121948120235	0.0876376634640889	0.0012251720466354065	0.680304817103481	0.00421635477893619	0.011663955266747694	3.940335532727427E-4	0.0018684265847917136	0.002004684784392113	0.08828841051010294	0.0030324268339235656	0.007323570152889598	2.537452877146849E-4
87	87	6.921949212970637E-4	9.591002097712671E-4	6.046701938106011E-4	0.0023078029723199076	9.620279930348867E-4	0.0028076136561430588	1.8751667741084266E-4	0.0012550565122050248	5.246622787373733E-4	4.6935376034570387E-4	0.04029517485162152	0.0016152523034458279	0.0044683693853335565	1.5095115044358893E-4	7.157795069763295E-4	0.6176758559826704	7.739583461095726E-4	0.22148594063095692	0.10195151084640297	9.720782096355748E-5
88	88	4.4319569490508065E-4	6.14088706627135E-4	3.8715572519964966E-4	0.0014776305207567127	6.159632955588479E-4	0.0017976472335677557	1.2006240091398196E-4	0.06428431389126261	3.359285889872935E-4	3.0051588009767346E-4	0.4348980750311219	0.10683542623279828	0.05223489131329695	9.665037687968884E-5	4.5829633566041024E-4	4.91718378618287E-4	0.2262048144331483	0.007797222325879307	0.10054416381406174	6.223982065835373E-5
89	89	0.027168144043886303	2.933620548988255E-4	1.8495177957958484E-4	0.14896620756167175	2.94257582296029E-4	0.3041185058345442	5.7356131562273565E-5	0.013862097292365198	1.6047958560555747E-4	1.435622494987713E-4	0.23471564457182065	0.16897169125617256	0.03843182852442615	4.6171754767975694E-5	2.1893702543462304E-4	2.3490338191574435E-4	0.0036062849235861554	0.007094436555673368	0.051401444723916494	2.973316637779414E-5
90	90	4.4953723997951154E-4	6.228755050043371E-4	3.926954123184593E-4	0.0014987734620317637	6.247769168279308E-4	0.12344714341192994	1.217803353070574E-4	8.150805837433009E-4	3.4073528344155516E-4	3.0481586545657864E-4	0.019014852181690467	0.22283353464731917	0.4536253245842835	9.803331612862389E-5	4.6485395096093667E-4	4.987542192137192E-4	5.026374624610825E-4	0.172458602460494	0.0018220627711148904	6.313039029309258E-5
91	91	3.400573724055598E-4	4.7118100288468814E-4	2.970587488476359E-4	0.0390176141775125	0.15742000025726044	0.028439200870570985	9.212206943538959E-5	6.165766413905318E-4	2.577529398416021E-4	2.3058130240648144E-4	0.24709907538789136	0.011617488775127837	0.5109211870276663	7.415837649495471E-5	3.516438663086593E-4	3.772880957976562E-4	3.802256177150176E-4	5.707124405414521E-4	0.0013783193542131508	4.775567568770266E-5
92	92	1.2301731082981803E-4	1.7045188427746433E-4	1.0746236196321622E-4	0.004325760269408826	1.7097221173538346E-4	0.06510663638309269	3.3325580239160014E-5	2.2304942194837764E-4	9.324330566189879E-5	8.341384146159048E-5	0.054148676594263534	2.8706364142232525E-4	0.547022566419189	2.6827132102386856E-5	1.2720877802790455E-4	1.364856954131179E-4	0.0020953564041493655	2.064578373816312E-4	4.986133346280631E-4	0.3250134115928042
93	93	0.033373185105669445	9.48649683657112E-4	5.980816000573207E-4	0.002282656741526875	9.515455652746457E-4	0.002777021399428842	1.854734624118709E-4	0.0012413811936909489	5.189454654271514E-4	4.642395984684591E-4	0.06164846644993441	0.012493829715357042	0.0044196812394303705	1.4930635991638352E-4	7.079802464262592E-4	7.59610914987659E-4	0.6872247068835116	0.06652610568305488	0.12263298406447565	9.614862729314629E-5
