0	0	4.707904811021834E-4	0.5377030719879591	0.009650184430496232	5.826241489100448E-4	4.4107937010061783E-4	0.07367493112246049	8.646989609980457E-4	1.2223136057711216E-4	0.14902964603054272	0.01856487647169764	5.746724124784826E-4	0.20333858911048427	5.827982344502134E-4	4.6125733224257386E-4	6.5475238048541E-4	5.848211056961383E-4	6.659152122746754E-4	4.975318292242204E-4	0.0010134487140328401	5.220793037869715E-4
1	1	2.3708673429889365E-4	0.188048918673183	0.014052488613499246	2.934053731616839E-4	2.22124430338835E-4	0.37263661291362127	4.354562401829374E-4	6.155484291078555E-5	0.19915204864045213	1.5641516825250443E-4	2.894009353103685E-4	0.21730892125820717	2.934930414002401E-4	2.3228590840832197E-4	3.2972863703677923E-4	2.945117449570339E-4	0.004931712381003218	2.5055348681725544E-4	5.103655567269393E-4	2.6291542023133537E-4
2	2	0.06154697429350524	0.6678008001983475	3.191442466546916E-4	3.554971289467518E-4	0.01697632617785554	4.013784525259569E-4	5.276094350244754E-4	7.458135374873989E-5	0.0018277029430027784	1.8951644490452694E-4	3.506452540684963E-4	0.0015507543444627833	3.556033499295876E-4	0.23418217025597335	3.9950728418837347E-4	3.5683763608387853E-4	0.005975383386287441	0.005872641662744466	6.183713957745307E-4	3.185547559708911E-4
3	3	1.671662714388073E-4	0.16499870414782752	1.8572073172505406E-4	2.0687569212420284E-4	1.5661657715695067E-4	0.06505008561387288	3.0703361055356643E-4	4.340138898461152E-5	0.7658984200856355	1.1028597002935261E-4	2.0405222354510927E-4	9.024359191756113E-4	2.0693750567360442E-4	1.6378128169517196E-4	2.3248667624966912E-4	2.0765577814799765E-4	2.3645032684120493E-4	1.7666147501289533E-4	3.5985103696808425E-4	1.8537768734218292E-4
4	4	3.212525365935506E-4	0.4790168512842112	3.5690965438876934E-4	3.975642950125535E-4	0.006529049649178333	0.0066769459444820075	5.900432267876232E-4	8.340681516063918E-5	0.008272052189631158	0.04380843980693462	3.921382815277816E-4	0.18857639135607293	3.976830854800933E-4	3.147474172765592E-4	0.06272749267118231	3.99063428849471E-4	4.5439948275640703E-4	3.394999869158755E-4	6.915453543757129E-4	0.19965452353318244
5	5	0.04212567431088366	0.3594895881662086	1.7180128230070047E-4	1.913707148020479E-4	1.4487843406165584E-4	0.2850195339185905	2.8402196950530695E-4	4.014852952564516E-5	0.18985355236735418	1.0202022625492045E-4	1.88758860336914E-4	0.09377066724079518	1.9142789553223407E-4	0.027132886997448695	2.1506219971527703E-4	1.920923347200181E-4	2.1872878151200337E-4	1.6342100129823153E-4	3.3288082064999547E-4	1.7148394850432838E-4
6	6	2.1621671696020353E-4	0.4439598565043642	2.402154844958502E-4	0.1260203347889547	2.025714986818748E-4	0.029644422004424492	3.9712436425688263E-4	0.046165480588738365	0.08521085819105914	0.08816957631420712	2.639258594668327E-4	0.1227282298874826	0.05056876054602343	2.1183849303372973E-4	3.0070363742062674E-4	2.6858678023103464E-4	3.0583031465463415E-4	0.004420256598932296	4.6543964364513274E-4	2.3977178296684176E-4
7	7	2.075180608671169E-4	0.333567082714537	2.3055132939609355E-4	2.568128253424156E-4	0.5835466950391854	2.89957712823603E-4	3.811475780054657E-4	0.0040769970522173665	0.06971336648072327	1.3690758574894676E-4	2.533078077368323E-4	0.005143391477293639	2.5688955988818687E-4	2.0331597810479705E-4	2.8860597187174274E-4	2.5778121410633374E-4	2.935263967734335E-4	2.1930528454731097E-4	4.467144523228401E-4	2.301254785081599E-4
8	8	1.1655141604700359E-4	0.35907300349706384	1.294879289077428E-4	1.4423755854126396E-4	1.0919597408595304E-4	1.6285320844907944E-4	2.140695116068428E-4	3.0260251072328325E-5	0.003001126174876042	7.689341795090381E-5	1.4226898403023861E-4	0.08649260711636085	0.002403844132504697	1.1419133859519715E-4	1.62094010327192E-4	1.4478144894408988E-4	1.6485754082400128E-4	1.2317164758467736E-4	2.5089479811701E-4	0.5469436100441111
9	9	2.610878179571856E-4	0.12609906246912084	0.020536736423822904	3.23107781134321E-4	2.4461082988741446E-4	3.648088567551125E-4	4.7953893287792357E-4	6.778624568683568E-5	0.8216512921490146	1.722495992667735E-4	3.1869796063619456E-4	0.01659446715704007	0.010446539031034936	2.5580098839302485E-4	3.6310817058789473E-4	3.243261546496149E-4	3.692987787481515E-4	2.7591785490710586E-4	5.620315702621857E-4	2.8953122821691405E-4
10	10	2.7797182915034226E-4	0.4252593563599242	3.088250462513373E-4	3.4400249554862003E-4	0.054150378819140324	3.884002938011185E-4	5.105497275355011E-4	7.216984251595423E-5	0.0556585555623371	1.8338862591608986E-4	3.3930750104569805E-4	0.0015006123004666142	3.441052819854146E-4	2.7234311121223894E-4	3.865896277638783E-4	3.4529965876858355E-4	3.931805697975729E-4	0.4583583317369018	5.983769937961566E-4	3.082546161414491E-4
11	11	0.05342880814813394	0.27891300591552887	0.035720813344495755	0.31505043572472113	2.1424639794232587E-4	0.022486244685990645	4.200120210928076E-4	5.937169247625896E-5	0.05465510258848957	1.5086763005097047E-4	2.791368237019457E-4	0.22733505603831555	2.8308379607421236E-4	2.240474813748712E-4	3.1803423277575275E-4	0.009150754721285913	3.234563782303013E-4	2.4166716808503104E-4	4.922645473790526E-4	2.535906638550794E-4
12	12	4.502433145019512E-4	0.016694292732284836	5.002176402207169E-4	5.571961168373766E-4	4.2182891439861354E-4	6.291092020694138E-4	8.269600637096397E-4	1.1689669849203517E-4	0.8233713643571553	2.9704270043048376E-4	0.03546476906849139	0.002430608374991349	5.573626045930953E-4	4.411262301247514E-4	0.1141005037247393	5.592971897028954E-4	6.368520273602231E-4	4.7581756397387966E-4	9.692177866800329E-4	4.992936892428325E-4
13	13	7.634520769344479E-4	0.35392785236352525	8.481907094349532E-4	9.448058837472444E-4	7.152713886820619E-4	0.001066744827671141	0.0014022293232257017	1.9821510808937828E-4	0.019658414192303193	5.036784762317378E-4	9.319110399948836E-4	0.00412144489952969	0.38576906267088584	0.0599516811355876	0.0010617718174528357	9.483685539553412E-4	0.0010798738977965858	0.060010505264732186	0.0016434476835290649	0.10445307868669086
14	14	1.6450068142148677E-4	0.4653367508023032	1.827592770952725E-4	0.0065818731839990645	1.5411920982906057E-4	0.12779577659665947	3.0213773221501617E-4	4.270932169005817E-5	0.0010466416741314595	1.0852737854896317E-4	2.007984597002118E-4	0.02321208288307608	2.0363773386805395E-4	0.2393472800935059	0.13098385320335557	2.043445529558221E-4	2.3267995124213667E-4	1.738444769415357E-4	0.00354326108465254	1.8242170280917752E-4
15	15	2.296963605798295E-4	0.39593527181979293	2.5519128825627745E-4	2.8425945715225987E-4	2.1520045562893543E-4	3.2094667365016176E-4	4.218823708444981E-4	5.9636079743060255E-5	0.09052317639238201	1.515394566183858E-4	2.8037984405060196E-4	0.059130121534748545	0.031455948071423115	0.1649892360577455	3.1945046664152055E-4	2.8533134156448383E-4	0.16508908763099162	2.4274333282584855E-4	0.08955618144040957	2.5471992495084116E-4
16	16	4.140975874351482E-4	0.5692890373927036	4.6005995277694265E-4	5.124641727680571E-4	0.048556222539424126	0.04874686227639011	0.1934336042811741	1.0751218122634869E-4	0.002634711226857632	2.731959845967945E-4	5.054699895710622E-4	0.0022354780885463247	0.11290521983573508	4.0571242651561885E-4	5.75906676132605E-4	5.143965705996589E-4	5.857252725113112E-4	4.376187251526618E-4	8.914085656272336E-4	0.016515296254255504
17	17	7.309939245459583E-4	0.06961905396645518	8.121298954911532E-4	9.046374772699865E-4	6.848616374555126E-4	0.0010213921890154	0.0013426135668057	1.8978799605649243E-4	0.10385260386758849	4.822645941685998E-4	8.922908575858875E-4	0.0039462217379831865	0.8086895926508961	7.161918540328668E-4	0.0010166306062440451	9.080486806132754E-4	0.0010339630769422162	7.725150763024968E-4	0.001573576532521538	8.106298120259297E-4
18	18	1.9135162300756595E-4	0.3112906547201945	2.1259051324088916E-4	0.03362413319670272	1.7927561565457626E-4	2.67368915845291E-4	0.02631937579160621	4.968063324920303E-5	0.012346590802752716	1.262419696176898E-4	2.3357417628323636E-4	0.05667854401442033	2.368768964633917E-4	1.8747689830542593E-4	0.14494453972705965	0.11523849228336608	2.7065958588599843E-4	2.0222057760618594E-4	0.29718815422099865	2.1219783773965894E-4
19	19	3.981170820880507E-4	0.16912616773192546	4.423057065354362E-4	4.926875870027551E-4	3.729923157804453E-4	5.562750445715534E-4	7.312200247362107E-4	1.0336316167371762E-4	0.002533034670107709	2.626530352410744E-4	4.859633174332953E-4	0.0021492084008415424	0.8186253804562353	3.9005551423686245E-4	5.53681770707848E-4	4.945454113646782E-4	5.631214560841917E-4	4.2073051186794334E-4	8.57008076994381E-4	4.4148872457155155E-4
20	20	2.3600198369686437E-4	0.0041752389085712065	0.009412861471282109	2.920629460701094E-4	2.2110813724994502E-4	3.2975729981591924E-4	4.3346388316603096E-4	6.127320904753821E-5	0.33550083193199703	1.5569951687525565E-4	2.880768298527852E-4	0.0012740409010241604	2.921502131973388E-4	2.312231231802325E-4	0.6454500794870627	2.9316425584680777E-4	3.3381582121799844E-4	2.494071213469592E-4	5.080304646917325E-4	2.6171249480734613E-4
21	21	2.153141719355397E-4	0.7009108386050855	2.3921276235009287E-4	2.664608593583416E-4	2.0172591236068544E-4	0.016997895232473477	3.954666634825304E-4	5.590203125093139E-5	0.2685226529788567	1.420509777994916E-4	2.6282416402583793E-4	0.001162359134948537	2.6654047669435826E-4	2.1095422385876552E-4	0.004473709493660837	2.6746562888993545E-4	0.004478814770805639	2.2754422215630167E-4	4.634967770594259E-4	2.3877091294710446E-4
22	22	2.3386199103705245E-4	0.5345972025610879	2.598192788787447E-4	2.8941461002224007E-4	2.191031973620357E-4	0.35850049408880846	4.2953336735536575E-4	6.071760262613933E-5	0.05589409130935205	1.5428768203374312E-4	2.8546463866824544E-4	0.03299940080639816	2.895010858382746E-4	2.2912646374274208E-4	3.252438217911487E-4	2.9050593346407214E-4	0.009398478172330296	0.004780990219693527	5.034238022884299E-4	2.593393672213163E-4
23	23	6.40258639717729E-4	0.7064322486928192	7.11323534575527E-4	0.050442711838992904	5.998525646632166E-4	8.946109558482365E-4	0.0011759604383627686	1.6623038866616993E-4	0.0040736692927994455	0.08731053885632438	7.815344444420045E-4	0.003456393380499016	0.07526813024438248	6.272938896514348E-4	8.904404088632057E-4	7.953363133736714E-4	0.02573080312601792	6.76625940799837E-4	0.0013782549161810967	0.03794778213301983
24	24	1.8384933237627874E-4	0.3097787067424927	2.0425551304219944E-4	2.2752172166403764E-4	1.722467869955667E-4	0.010949658157181177	3.3767532069419175E-4	4.773281308690854E-5	0.11166172478242008	1.2129242212469263E-4	2.244164731663359E-4	0.12217724683569778	2.275897041565074E-4	1.8012652334840784E-4	2.5568866163607656E-4	2.283796596525824E-4	2.6004788140424284E-4	0.23187101727968296	0.2106869451560745	2.0387823310275078E-4
25	25	0.010280351089686607	0.094769673226861	2.87159993666959E-4	0.08049490853356552	2.421593695372226E-4	3.611527862199461E-4	4.747330513032418E-4	0.010088986762550779	0.4025197272487939	1.705233344765625E-4	3.15504007962283E-4	0.2369095163752504	3.1996520941270936E-4	2.532373816186477E-4	0.07552356811268426	3.2107579689145813E-4	0.010387477573228724	0.0052840925705505875	0.07070955799470792	2.8662958103128943E-4
26	26	7.118961440873995E-5	0.3973600804007658	0.022161356122650317	8.810031249787308E-5	0.04423122668012663	0.0442640005232433	1.3075367511461658E-4	1.8482963818148268E-5	0.05013804254813344	0.04973206249749322	8.689790702629777E-5	0.10389492901400109	8.812663648481889E-5	0.062176118068346234	0.0014791485900230504	8.843252080019157E-5	0.023563101439808668	7.52332523708348E-5	1.5324656311258765E-4	0.20019947066977414
27	27	9.301261131675729E-5	0.2793414890641413	0.05059350965401575	0.12634054023363694	0.3859763235418208	1.2996326164799526E-4	0.0037772768273764083	2.4148869801829594E-5	0.05288518985039249	0.01088068679790598	1.1353624145328207E-4	0.014927886122545527	1.1514163483106729E-4	9.112917674215043E-5	1.2935739170476736E-4	1.15541287212527E-4	1.3156279766790097E-4	0.05419490995588296	0.020035649095383763	1.0314558451983881E-4
28	28	5.129242603360904E-4	0.028962380446870745	5.698557976393092E-4	6.347665737293576E-4	4.805541291504222E-4	7.166910906806671E-4	9.420859018749847E-4	1.3317055618267988E-4	0.013207479373762175	3.383957129381883E-4	6.261031901409768E-4	0.02265694682805418	6.349562391973534E-4	5.02537934520748E-4	0.9255034697758272	6.371601489602314E-4	7.255118389456204E-4	5.420588472839276E-4	0.001104148135741578	5.688032181636041E-4
29	29	0.1228068490025061	0.2907107998514804	1.6347005848198743E-4	1.8209050317608114E-4	1.3785278998898996E-4	0.005910694357623426	0.0031228001916902707	3.8201591871915E-5	0.11789078214015494	9.707292127801215E-5	1.796053063460914E-4	0.2660815983699855	1.8214491101973865E-4	1.4415911163111604E-4	0.005909735919547915	0.060086356650003836	0.008765776102169992	1.554961655795391E-4	0.11727134594219205	1.631681132720532E-4
30	30	0.04715692216160469	0.14443601973608	2.2423642057010232E-4	0.0041627026116467245	1.890965017066979E-4	2.82015635349271E-4	3.707077674406922E-4	5.240218484648081E-5	0.36909903349650686	1.3315762289314452E-4	2.463695883174958E-4	0.07543514375360676	2.498532346009191E-4	0.08236915126402415	2.8070091921478967E-4	2.5072046599267567E-4	2.854865713753269E-4	0.14107856276282585	0.04347664284214168	0.09022107445925569
31	31	4.980659860488594E-4	0.028123404742331513	5.53348343419956E-4	6.163787987883623E-4	4.666335455225397E-4	6.95930144810081E-4	9.147957699498154E-4	1.293129015467911E-4	0.003168963270920674	3.285931422483869E-4	0.010263891193331185	0.01234470068325262	6.165629700698588E-4	4.8798052897717874E-4	0.9373173932804217	6.187030374718009E-4	7.044953756287482E-4	5.263566088530774E-4	0.0010721634215776718	5.52326254829102E-4
32	32	0.001211873037304185	0.06842867587645468	0.001346383725070914	0.0014997467563349744	0.0011353929558742162	0.00169330771818616	0.0022258422765158463	3.1463866866980486E-4	0.17217129480130186	7.995189000816744E-4	0.0014792780014047575	0.053530989059792554	0.0015001948740875275	0.0011873335308202795	0.6595282447501669	0.0015054019953426876	0.0017141482746147842	0.0012807085810781203	0.0026087425734515396	0.02483828364344658
33	33	0.019871806813153647	0.3054931515698697	3.731789494299652E-4	0.07855932825516583	3.146983601877736E-4	4.6933632928538275E-4	0.013640879879247985	8.72088139791324E-5	0.3016877792084042	2.2160370600600194E-4	4.1001343094072997E-4	0.0018133144593915507	0.019951721356195867	3.2909479771908685E-4	4.67148351147768E-4	4.172542527295986E-4	0.18932224629222952	3.5497568331606323E-4	0.06584276984024275	3.724896513574311E-4
34	34	1.1655141604700359E-4	0.34551562263858226	1.294879289077428E-4	1.4423755854126396E-4	0.0046283229269131546	1.6285320844907944E-4	2.140695116068428E-4	3.0260251072328325E-5	0.016558507033357647	7.689341795090381E-5	1.4226898403023861E-4	0.09327129754560166	1.4428065609109643E-4	1.1419133859519715E-4	1.62094010327192E-4	1.4478144894408988E-4	1.6485754082400128E-4	1.2317164758467736E-4	2.5089479811701E-4	0.5379053561384567
35	35	6.40258639717729E-4	0.6071315220723207	7.11323534575527E-4	7.923485287436811E-4	5.998525646632166E-4	8.946109558482365E-4	0.0011759604383627686	1.6623038866616993E-4	0.0040736692927994455	4.2240306338824763E-4	7.815344444420045E-4	0.09034452917343515	7.925852790086439E-4	0.013039884717213738	8.904404088632057E-4	0.17457160789924595	0.10020634809139174	6.76625940799837E-4	0.0013782549161810967	7.100096503329135E-4
36	36	0.07204397930224864	0.2550754217101777	2.2871106567095233E-4	2.547629420133252E-4	0.004183876464870213	0.02822468902061341	3.7810525305524234E-4	5.3447872157672246E-5	0.1649410703491485	1.3581478760976275E-4	2.5128590150408933E-4	0.0011113303229924553	0.05612893057215107	0.16383296109528206	0.24772870756533596	2.557236010854704E-4	2.911834652372395E-4	2.1755478689916758E-4	4.43148771724687E-4	0.004219295150222382
37	37	2.3072379352999872E-4	0.232205110327797	2.563327601432885E-4	0.1478946931946655	2.1616304832499059E-4	3.2238226969932414E-4	4.2376945276345824E-4	0.1610880798251997	0.00146798867600713	1.5221729335287927E-4	2.8163398447151987E-4	0.0012455469449538252	0.045015665431213756	2.2605181234629695E-4	3.2087937014937723E-4	0.01817862729594465	0.2821256597598833	2.4382912494701927E-4	0.10784878634617948	2.5585928842746956E-4
38	38	3.777102935245335E-4	0.2629735730871863	4.196338860087565E-4	4.674332789908949E-4	3.538733789992681E-4	5.277613541812925E-4	6.937389592166423E-4	9.806494594665247E-5	0.22940405764815994	2.491898978956008E-4	4.610536837735839E-4	0.07526512821180298	4.6757294600438575E-4	3.7006194760737243E-4	5.253010070213255E-4	4.6919587451022953E-4	5.342568305584061E-4	0.42511045465259883	8.130793348948826E-4	4.18858781118093E-4
39	39	0.04679922086410281	0.5094015827649653	1.1634363723704569E-4	1.295960351550462E-4	9.811151436249674E-5	1.4632201446505448E-4	1.923393617612245E-4	0.002057384215923411	0.049390983062751095	6.908798371754293E-5	1.2782729021706819E-4	0.19749430617331942	1.29634757881912E-4	1.0259980050030643E-4	1.4563988238039621E-4	1.3008471536065958E-4	0.0854163412961161	1.1066852026562961E-4	2.2542652139864288E-4	0.10771649958811882
40	40	0.001871375246085776	0.4684681083492502	0.0020790867502385392	0.0023159100572498685	0.0017532746474248429	0.0026148070385892943	0.18483739536784663	4.858652663152404E-4	0.12074684310834498	0.11007476652129342	0.0022843021906537	0.08266259314410307	0.0023166020410168523	0.0018334813219109327	0.0026026171860730283	0.0023246428815342306	0.0026469890413359995	0.001977671144009168	0.004028422223360293	0.0020752464733639732
41	41	0.15211110841864978	0.24757907894967487	2.9006701039722716E-4	0.02056977719456	0.025552947596669512	0.11678315798395277	4.7953893287792357E-4	6.778624568683568E-5	0.16869620356603646	1.722495992667735E-4	3.1869796063619456E-4	0.1633828204043762	3.2320432432209767E-4	2.5580098839302485E-4	3.6310817058789473E-4	3.243261546496149E-4	3.692987787481515E-4	0.1015092649220355	5.620315702621857E-4	2.8953122821691405E-4
42	42	0.012477672082912169	0.22044411988740423	2.343221531396218E-4	0.18835133199409207	1.9760170679870127E-4	2.9470016835833526E-4	3.8738150578500184E-4	5.47591365899863E-5	0.3570779741923873	1.3914680239698578E-4	2.5745082915569435E-4	0.21376243383404916	0.0043500111376549	2.0664134916071095E-4	2.9332631876416215E-4	2.6199740112782646E-4	2.983272205605043E-4	2.2289217158118045E-4	4.540207709105859E-4	2.3388933717088107E-4
43	43	3.3372324920645155E-4	0.542900693017479	3.707645418111322E-4	4.1299735624476683E-4	0.3755633084334538	0.01340597725137151	6.129481339005183E-4	8.664458701718228E-5	0.028002681429909457	2.201699657670099E-4	4.073607101669583E-4	0.027680937512169282	4.131207580433098E-4	3.2696560745220553E-4	4.641259766546212E-4	4.145546850066076E-4	4.7203883098068426E-4	3.5267904789327767E-4	0.0071882292020862696	3.7007970338596166E-4
44	44	7.579218813920269E-5	0.3481124151207801	8.420466951318225E-5	0.36743652339758354	0.013295347198856269	0.007452756311837444	1.392072035575254E-4	1.9677930309216363E-5	0.07688951785895885	5.0002999514402526E-5	9.251605831751097E-5	0.06506147903733836	9.382422798616112E-5	0.02946167562966442	0.020676600792138202	0.03242030988163539	0.02802525243153126	0.004488209983022625	0.006040637944075618	8.404913524073075E-5
45	45	0.0020999321767598677	0.281417312888885	0.0023330121386573575	0.0025987594192414983	0.001967407581416722	0.002934161626769835	0.003856936884449257	5.452055158041831E-4	0.01336089619844812	0.0013854054117285774	0.0025632911847209986	0.052047389107773144	0.08402162773693811	0.40916786924762927	0.002920482989317295	0.002608558810756951	0.1251034118481618	0.0022192103262244365	0.004520426069599224	0.00232870283671835
46	46	3.4955416261378823E-4	0.03329115235304307	3.8835259229871394E-4	4.3258881533464645E-4	3.2749415302701115E-4	0.02081867004122201	6.420247081399259E-4	9.075476800560634E-5	0.015777551472098555	2.3061422361012344E-4	4.2668478226423915E-4	0.0018870447329173603	4.3271807097523276E-4	0.9219804878285311	4.861428369242797E-4	4.342200194912464E-4	4.944310553040569E-4	3.6940917227345376E-4	7.524689449039225E-4	3.8763526702154056E-4
47	47	2.4266358292415052E-4	0.230108117740067	2.695977950324386E-4	3.003069712489766E-4	2.2734932968900028E-4	0.21674513082101496	4.4569921536079867E-4	6.300276045066842E-5	0.26969929806314974	1.6009442815971878E-4	2.962083394150578E-4	0.2694653451334436	3.0039670165476925E-4	2.377498300942159E-4	3.3748464540900715E-4	0.005005919052390581	3.432383997143641E-4	2.5644710576072855E-4	5.223705786942286E-4	0.004973579506325945
48	48	0.019944321786158258	0.41269139147766537	1.6208300814380235E-4	0.014322282391603776	0.0029650304900588334	0.2943519753208944	2.67955713600397E-4	3.7877449754286856E-5	9.282310243734296E-4	9.624925344833362E-5	1.7808134774951063E-4	0.15634668409112215	1.8059940377043122E-4	0.028426409783539427	0.042628107589576435	1.8122625766140606E-4	0.017176440282788818	1.541767740588139E-4	0.00879909292908043	1.6178362495170454E-4
49	49	2.4152732254192113E-4	0.2664902572174077	2.6833541651671584E-4	2.989007985145859E-4	2.2628477755003035E-4	3.374776621178491E-4	4.436122505401915E-4	6.270775310012766E-5	0.07177349435427167	0.6276078040310187	2.9482135832416837E-4	0.0013038690726791151	2.9899010876213326E-4	2.3663657811976425E-4	3.359043900300661E-4	3.000278924376474E-4	3.4163120266173853E-4	0.02834995343472969	5.199246039572693E-4	2.6783977471891307E-4
50	50	2.692654095547749E-4	0.5059034002611049	2.9915226594657337E-4	0.010773637915736971	2.5227234195189036E-4	3.762351188651891E-4	4.945586820906675E-4	6.990939427912921E-5	0.0017132111344876856	1.7764466858357736E-4	3.286799727632206E-4	0.04321525128335034	3.3332748130261345E-4	2.638129899858409E-4	3.7448116511536254E-4	3.344844487358448E-4	3.8086567073767404E-4	0.42312116500118074	0.011020045091817638	2.985997024093584E-4
51	51	0.0015368362694615592	0.08677779579295014	0.0017074159401257237	0.0019019032020632255	0.001439848087189255	0.002147367452333612	0.002822700922746757	3.990088919401233E-4	0.21833895322846733	0.0010139095482302686	0.0018759457593285856	0.008296507659810102	0.00190247148239781	0.0015057165049002104	0.6576140799927357	0.0019090748909712165	0.0021737963949780633	0.0016241300346031787	0.003308275769124554	0.0017042621756426508
52	52	3.253045766160206E-4	0.4030726581210572	3.614114467149074E-4	4.0257887466997144E-4	3.047749338702105E-4	4.545366827952007E-4	5.974855922091785E-4	8.445884655239521E-5	0.09666917161770056	2.146158461171314E-4	3.970844214958639E-4	0.36123388996001166	4.0269916347191777E-4	3.1871740657313333E-4	4.524176984706459E-4	4.040969174635952E-4	4.6013093910486906E-4	3.43782186674353E-4	0.05115328623657587	0.08234689853185537
53	53	2.4266358292415052E-4	0.4418097035573305	2.695977950324386E-4	3.003069712489766E-4	0.12254382113521903	3.3906531892336574E-4	0.01926361795467311	6.300276045066842E-5	0.15679178562727586	0.04250041159161242	2.962083394150578E-4	0.0013100030982432097	0.07086759197407594	2.377498300942159E-4	0.014450923699893242	0.009710398737218658	0.005047718084542441	0.1131639595416346	5.223705786942286E-4	2.6909982149786715E-4
54	54	0.14146851305732816	0.47188810726231034	2.529385736922167E-4	0.16800525281156609	0.031109735464576863	0.05769720651855797	4.181581819522525E-4	5.910963910200762E-5	0.0014485505547476975	1.5020173406803266E-4	2.77904776181014E-4	0.11598724028508675	2.8183432749982756E-4	2.2305858589222557E-4	3.166305007891727E-4	0.009110365336182598	3.220287141061522E-4	2.4060050324525457E-4	4.900918017441431E-4	2.5247137137123394E-4
55	55	0.0011320804306534358	0.06392316890520663	0.00125773461442271	0.0014009998584997218	0.0010606359799094456	0.001581816305689298	0.0020792875205558315	2.939221094647803E-4	0.4242046520907762	7.468766717786417E-4	0.0013818788151370553	0.20363860437792589	0.0014014184711123288	0.13279391933200066	0.0015744421066797296	0.0014062827431041535	0.001601284670254333	0.11093368590187777	0.046331897639556884	0.0012554114553945674
56	56	0.05781417500842061	0.7084196172769379	3.66028254262494E-4	4.077215706304051E-4	3.0866824501958633E-4	4.6034310759679047E-4	6.051181008548208E-4	8.553775604396741E-5	0.027644964506017302	0.006604547971518836	4.0215692921761657E-4	0.05287609283088205	0.08982851096720894	3.2278882418203605E-4	0.006845387595356224	4.0925900548117284E-4	4.660088270684266E-4	3.48173791335995E-4	7.092134821597162E-4	0.04507568594980514
57	57	0.0010201337094689835	0.5124769240378891	0.0011333624740761583	0.0012624608145482253	9.557541030514668E-4	0.02120256451978178	0.0018736754332665734	2.648573755931702E-4	0.006490638484231165	6.730211467904432E-4	0.0012452305715669775	0.44060480726339335	0.001262838032302164	9.994767784148428E-4	0.0014187520808078011	0.0012672212966856162	0.0014429402950102246	0.0010780782766404977	0.0021959942639080206	0.0011312690425735064
58	58	8.960802108566277E-4	0.5543900717530255	9.955397761297403E-4	0.0011089390953343446	8.395294952416087E-4	0.0012520614705091018	0.0016458268771378567	2.3264935837871847E-4	0.005701343507775577	5.911783186155814E-4	0.0010938041383964112	0.38702499969591436	0.0011092704414719645	8.779352687153858E-4	0.001246224540884253	0.0011131206783933664	0.03601179595301923	9.469784210491664E-4	0.0019289500825013896	9.937009166499505E-4
59	59	1.4466261017804738E-4	0.5101829733641191	1.607192981232345E-4	1.7902641093500975E-4	1.3553309919321654E-4	0.03105218921339631	0.0030702518837286983	3.7558762074590975E-5	0.16358435927383078	9.543944572756862E-5	0.002981133689512992	0.014803704692434968	0.03944278909067931	0.04501454380237344	2.011896845483398E-4	1.7970148300184638E-4	2.0461975471422985E-4	0.18805777355279335	3.114084547978688E-4	1.6042243383712027E-4
60	60	9.283345684485733E-4	0.3763731161241759	0.001031374175268627	0.0011488552966913742	8.697483129550611E-4	0.0012971293538387553	0.0017050683244842853	0.2342081637856143	0.041901507701994155	0.07260234704992112	0.0011331755578161762	0.0050115519857548115	0.0011491985696148778	9.095365001192759E-4	0.0012910823242551328	0.0011531873956011557	0.253277706456449	9.81064856899788E-4	0.0019983825339540727	0.0010294691261436425
61	61	7.207792847668773E-4	0.20838253862302966	8.007814915472799E-4	8.91996406461212E-4	6.752916332595614E-4	0.001007119630881022	0.0013238523794867414	1.8713596852382196E-4	0.6753203000774634	4.755256064120371E-4	8.798223138916723E-4	0.003891078689336217	8.922629310749578E-4	7.061840529335597E-4	0.09881784555141838	8.953599429057827E-4	0.001019514857851483	7.61720235246546E-4	0.0015515879538141207	7.993023696957186E-4
62	62	7.309939245459583E-4	0.14047735965697414	8.121298954911532E-4	9.046374772699865E-4	6.848616374555126E-4	0.0010213921890154	0.0013426135668057	1.8978799605649243E-4	0.2739125375248339	4.822645941685998E-4	8.922908575858875E-4	0.11731951084281349	9.049077789802434E-4	7.161918540328668E-4	0.4545097870255652	9.080486806132754E-4	0.0010339630769422162	7.725150763024968E-4	0.001573576532521538	8.106298120259297E-4
63	63	0.10569180198913655	0.566490823933746	2.51827065337861E-4	2.8051202444378956E-4	2.1236343752448718E-4	3.1671558816734124E-4	0.004810701208604043	5.8849888852270004E-5	0.0014421850723311334	0.004543922263328773	2.7668355683146387E-4	0.0012236533157639494	2.8059584020630207E-4	2.2207838157577495E-4	0.013498380824396545	2.8156977805190124E-4	0.22882840338521368	2.3954321306797737E-4	4.87938151851649E-4	0.07056145108156867
64	64	0.04967572823779626	0.32119780302815676	1.0523405917574106E-4	0.03133489244902551	8.874290982676112E-5	0.05889502550027229	1.7397300151589227E-4	2.459232361563988E-5	0.01345699883926469	6.24908171991509E-5	1.1562114562028078E-4	0.06661935313303878	1.1725601937631502E-4	9.280261244772686E-5	0.02767673704976751	1.1766301070879858E-4	1.3397872954629312E-4	0.36369415662272286	0.05162124190947112	0.01479570860145163
65	65	1.589254756862036E-4	0.3910255149352677	1.765652567360068E-4	1.9667734104356543E-4	0.24047177287604513	2.2206099674805115E-4	2.918977745264847E-4	4.126183069379677E-5	0.25673935887754035	0.0771314123519925	1.9399306099618905E-4	0.007020073587250784	1.9673610737039646E-4	1.5570735578336722E-4	2.2102578047395306E-4	1.9741897116632096E-4	0.021792231716833216	1.6795259420575298E-4	0.003423173986228033	1.7623912341222067E-4
66	66	0.0019418247441442334	0.03435387321062188	0.0021573557228995043	0.002403094442863094	0.0018192781489289114	0.0027132436529314153	0.0035665416063018767	5.041560736813962E-4	0.5770425715982128	0.0012810959034480823	0.002370296671494456	0.010482810813311816	0.0024038124769420878	0.0019025042712624075	0.002700594903145361	0.0024121560216763794	0.002746637174289774	0.0020521222407154857	0.342992659447563	0.0021533708755659756
67	67	1.2206781560262943E-4	0.5985198417672656	0.00486863466302646	0.021449645560053972	1.1436423924612025E-4	1.705610801952146E-4	2.242014602244794E-4	3.169247421667175E-5	0.04100731439494625	8.053279729953269E-5	1.4900260071977969E-4	0.12608395317362414	0.01435016362680652	1.1959603525910404E-4	1.6976594908920517E-4	0.011984179098738256	1.7266027798316485E-4	1.2900138389373945E-4	0.18011745548303085	1.3536611877839778E-4
68	68	0.012857471855007206	0.3128071182872501	0.012893352439632253	4.000558713976605E-4	3.0286487796848624E-4	4.51688054587827E-4	5.937410884630787E-4	8.392953426197264E-5	0.020858099988385587	2.1327082650454693E-4	3.945958525275119E-4	0.503113368915625	4.001754063372956E-4	0.03791933795879446	4.4958235015628495E-4	4.0156440046074153E-4	4.5724725111700635E-4	3.4162766830164243E-4	0.006962982338178517	0.08809792503504286
69	69	2.2766870383525328E-4	0.40568146147161055	2.529385736922167E-4	2.817501417932817E-4	2.1330076225029246E-4	3.1811349995148713E-4	4.181581819522525E-4	5.910963910200762E-5	0.010276103326841004	1.5020173406803266E-4	2.77904776181014E-4	0.13364234582927337	2.8183432749982756E-4	2.2305858589222557E-4	0.009144183272882479	0.09738589305711565	3.220287141061522E-4	2.4060050324525457E-4	0.3403508735273364	2.5247137137123394E-4
70	70	1.2909438523627125E-4	0.44526744162743365	0.06271172294362197	1.5976004049882896E-4	0.037661927279577984	1.8037905965904167E-4	2.371071320795392E-4	0.0025362487769347254	0.05087600768470902	0.15775728411717027	1.5757961296811477E-4	0.005702371379708242	1.5980777609818513E-4	0.025153800262472933	1.7953815855168776E-4	1.603624630138879E-4	0.21041208659146235	1.3642706938086466E-4	2.7789546296744873E-4	1.4315817645499761E-4
71	71	0.059768322449593	0.4316022671503996	2.1338209744929155E-4	2.376878913124659E-4	1.7994315130393507E-4	2.683644683202078E-4	0.0040762795401541	0.007496897910605184	0.35123253276052335	1.2671203362978306E-4	2.344438934997657E-4	0.10529529737780718	2.3775891141183543E-4	1.8817497156314782E-4	0.030055242554817382	0.007685616454568401	2.7166739122394084E-4	2.029735491918262E-4	4.134474828110632E-4	2.129879598144926E-4
72	72	2.075180608671169E-4	0.6232316597682691	2.3055132939609355E-4	0.040488004082805194	1.9442180597509343E-4	0.12500665061095823	3.811475780054657E-4	5.3877926471088194E-5	0.001320341343036549	1.3690758574894676E-4	2.533078077368323E-4	0.09767513136945803	0.004280008685634464	2.0331597810479705E-4	0.004311725097618021	0.10083575935776329	2.935263967734335E-4	2.1930528454731097E-4	4.467144523228401E-4	2.301254785081599E-4
73	73	0.0018759367176826192	0.17466813129867723	1.0223039344834154E-4	0.003681714525914581	8.620994627024559E-5	1.2857219753615708E-4	1.69007339768744E-4	0.7314309544877446	0.03804777492009445	6.0707159632689296E-5	1.1232100424796767E-4	0.009416346218985277	1.1390921426881876E-4	9.015377395754881E-5	0.0393742055201126	1.1430458896381534E-4	1.3015461289346423E-4	9.724370526640725E-5	1.9808081063616778E-4	1.0204156389815928E-4
74	74	4.350533495194191E-4	0.14264570863551493	0.29568415714131885	0.35477937641396073	0.025710524612314295	6.078847964162305E-4	7.99060716834057E-4	1.1295292698122034E-4	0.036505279091510856	2.8702130072830943E-4	0.017399667756487772	0.12042893255117404	5.385587308349534E-4	4.2624385036996583E-4	6.050509253481796E-4	5.4042804839024E-4	6.153664001824885E-4	4.597647945000407E-4	9.365190574242691E-4	4.8244890018919056E-4
75	75	2.7797182915034226E-4	0.3228684522891649	0.151200683676844	3.4400249554862003E-4	2.6042930821436463E-4	0.027333375049264096	5.105497275355011E-4	7.216984251595423E-5	0.416721217285541	1.8338862591608986E-4	3.3930750104569805E-4	0.06616855171357776	3.441052819854146E-4	2.7234311121223894E-4	3.865896277638783E-4	0.011123289560953774	3.931805697975729E-4	2.9376089403123414E-4	5.983769937961566E-4	3.082546161414491E-4
76	76	4.050162541996641E-5	0.2653284205164524	4.49970645651668E-5	5.0122561918705555E-5	0.4177635315479367	0.11548076656372092	0.008711572338522329	1.0515439413891937E-5	2.5769309080236994E-4	0.024367873032364488	4.9438482135198786E-5	0.008855828479850579	0.0039761298873722825	3.968149833651146E-5	5.632768019261555E-5	5.031156387262335E-5	0.06051757018263773	0.01653197002237132	0.024428338524428543	0.05343840989768562
77	77	2.533922929755081E-4	0.4957304456474185	0.02975637004953112	3.1358422687220174E-4	2.374009617023881E-4	3.5405616943074043E-4	4.654045934571001E-4	6.578825607866974E-5	0.2128486623471517	1.6717256769704025E-4	3.0930438518378606E-4	0.16839208674290823	3.136779244637375E-4	0.07393539309579594	3.52405610737827E-4	3.147666890075726E-4	3.5841375163430343E-4	2.6778521677047433E-4	5.454657725038493E-4	0.015018423698679298
78	78	4.350533495194191E-4	0.12577709060913184	4.833416796148329E-4	5.383978599159493E-4	4.075975727396654E-4	6.078847964162305E-4	7.99060716834057E-4	1.1295292698122034E-4	0.7618558542259836	2.8702130072830943E-4	5.310497301046845E-4	0.09512600551159942	5.385587308349534E-4	4.2624385036996583E-4	6.050509253481796E-4	5.4042804839024E-4	0.009049675413374031	4.597647945000407E-4	9.365190574242691E-4	4.8244890018919056E-4
79	79	3.861941389185784E-4	0.0517548700051807	4.290593877015487E-4	4.7793241480735793E-4	3.618218174929175E-4	5.396155339867868E-4	7.09321203531192E-4	1.0026760723031359E-4	0.8260363473452469	2.547870145316789E-4	4.7140952590589755E-4	0.10690401064343084	4.780752189165791E-4	3.7837400159039725E-4	0.008024183313829697	4.79734600425598E-4	5.462569068837697E-4	4.081303341605346E-4	8.313421132427355E-4	4.2826687298602923E-4
80	80	1.9496798969510594E-4	0.3171737569180165	0.049354176275919995	0.1400943597105816	1.8266375709885237E-4	2.7242193826208214E-4	3.5809691334996263E-4	5.0619550747128856E-5	0.0012404910506946792	1.2862782475870838E-4	2.379885097333733E-4	0.1220065351734695	2.4135364823562098E-4	1.910200363204521E-4	2.711519465569192E-4	0.29884741230601264	2.7577479888851785E-4	0.06824267497390656	4.1969849936534067E-4	2.162081783864136E-4
81	81	2.392864284989652E-4	0.20371066131274057	0.31107933740888405	2.961275925196001E-4	2.241853040631934E-4	0.07919747127686538	4.3949640956967244E-4	6.212594964662877E-5	0.1638877255703173	0.004796873727975951	0.004931093338932144	0.20076908726865988	2.962160741453601E-4	2.344410604753287E-4	3.3278786416997226E-4	2.9724422924870336E-4	3.3846154335000705E-4	2.5287812574481685E-4	5.151007358518634E-4	0.028099398778340577
82	82	8.141472422324972E-5	0.42602298693381335	0.15477111382213715	1.0075434044092631E-4	0.01743839190735682	0.09797295261408405	1.4953409270504462E-4	2.11377096867391E-5	0.19150127122044017	5.371240118207776E-5	9.937923101399827E-5	0.07777984320963566	1.0078444539591797E-4	7.976613803355604E-5	1.132276174465939E-4	1.0113426450067249E-4	1.1515802791187329E-4	8.603915817020756E-5	1.752576801770177E-4	0.033236140461645004
83	83	2.0920134472934178E-4	0.1659312014131197	2.3242144773936128E-4	0.06109518613519969	1.9599885949561594E-4	2.9230970636423347E-4	3.842392586259469E-4	5.431495756023757E-5	0.1595054057441599	0.07719731899594609	2.5536251537604845E-4	0.0011293594467273024	0.24360413400592507	2.0496517675018837E-4	2.90947000758402E-4	2.5987220780527637E-4	2.959073377130375E-4	0.26790076093403303	4.503379789955338E-4	0.020510755532975995
84	84	1.9645310163984476E-4	0.20152299474030524	2.1825822561080566E-4	0.015477537640513425	1.8405514513112681E-4	0.011700310678701246	3.6082461241595696E-4	5.1005130449568394E-5	0.10408226294056604	0.003938212158319861	2.3980131797470737E-4	0.02391216620146131	0.11830993309369284	0.015426893269975896	2.7321736763091494E-4	0.030712872588436493	0.007895084530243882	0.46485736674504846	4.22895430592724E-4	2.178550812896749E-4
85	85	2.989127393087174E-4	0.14436757900779193	3.320902726880334E-4	0.006164890796536669	2.800486587168761E-4	4.176602935746089E-4	0.5858412841816417	7.760673226442327E-5	0.08882643827375018	1.9720414366519116E-4	3.648691125125124E-4	0.1464879852452526	3.700283325949121E-4	2.9285998388088374E-4	4.1571322164714395E-4	0.023551204662368437	4.2280068998499154E-4	3.1589126784916847E-4	6.434555145449145E-4	3.31476869426084E-4
86	86	1.0024302209898935E-4	0.1086601938416506	1.1136940038391691E-4	1.2405519605634952E-4	0.013697683726991039	0.09147964409100681	0.00407090650526093	2.6026101782762158E-5	0.5175809436814924	0.017556691643038226	1.223620732706715E-4	0.08993733799286291	0.00401088281766449	9.8213177210092E-5	1.3941309346932003E-4	0.09146410101269109	1.4178993845377874E-4	1.0593692131394034E-4	0.06046104207310883	1.1116369019275749E-4
87	87	0.05852998571926616	0.3773719611632797	4.165834088195327E-4	4.640353299629748E-4	0.342012050163736	5.239248575923343E-4	6.886959087363908E-4	9.735207482101969E-5	0.002385725985307831	2.473784424229613E-4	4.577021104325083E-4	0.06017924228535159	0.15312110448600966	3.67371827558887E-4	5.214823956250061E-4	4.657851125098474E-4	5.30373115898691E-4	3.962629200541247E-4	8.071687541557612E-4	4.1581393845903245E-4
88	88	2.8100044915383175E-4	0.4952652597414316	3.121898250331091E-4	3.4775054743737947E-4	2.632667950732447E-4	3.926320783771413E-4	0.016859243335238975	7.295616330738339E-5	0.07260810989083506	0.38152510897435343	3.430043989944655E-4	0.00151696210269142	0.011243275089553301	2.7531040396615265E-4	3.908016843717945E-4	0.01124448247957392	3.9746443749133227E-4	2.9696154253804654E-4	0.00605260688073117	3.1161317984723034E-4
89	89	0.20162497269774568	0.6948131040139056	0.005069474437883632	3.060665058855563E-4	2.3170962253701863E-4	3.455681931000128E-4	4.542472023012638E-4	6.421107932354238E-5	0.05911004017864547	1.6316485106823277E-4	3.0188926711183895E-4	0.006129833491601766	3.061579572150357E-4	2.423095923121009E-4	3.4395720412605226E-4	3.0722062022901276E-4	3.498213086742765E-4	2.613654597434437E-4	0.02930062547689799	2.7426083969257764E-4
90	90	0.05505804390188924	0.6896923650809614	0.011269000712263263	3.4965536859658835E-4	2.647088522187131E-4	3.9478274038526253E-4	5.189394131679563E-4	7.33557843707769E-5	0.001797668937901404	1.8640218725404385E-4	3.448832228862497E-4	0.0782109773011507	0.055125264102692535	2.768184305866413E-4	0.10446640041165486	3.509738476473956E-4	3.996415689901773E-4	2.9858816436184E-4	6.082099142677364E-4	3.133200567532063E-4
91	91	7.309939245459583E-4	0.1971640042093893	8.121298954911532E-4	0.1001062654439965	6.848616374555126E-4	0.01519305332711919	0.0013426135668057	1.8978799605649243E-4	0.5148307768725983	4.822645941685998E-4	8.922908575858875E-4	0.13149117198091728	9.049077789802434E-4	7.161918540328668E-4	0.015188291744347833	0.015079709818717065	0.0010339630769422162	7.725150763024968E-4	0.001573576532521538	8.106298120259297E-4
92	92	2.0342602520375796E-4	0.6937617309661374	0.26051597952961	2.5174874930142916E-4	1.9058801454286634E-4	0.004228027546144501	3.7363175275303154E-4	5.2815511008712126E-5	0.0052380931059969466	1.3420791362822568E-4	2.4831284691879474E-4	0.005041969262437945	2.518239707234916E-4	1.993068030486159E-4	2.829149687627952E-4	2.5269804246787794E-4	2.877383681135895E-4	2.1498081735741505E-4	4.3790571797651525E-4	0.027832100087866213
93	93	0.001584031533044091	0.02802395973783189	0.0017598495968141374	0.0019603094387674667	0.0014840649054307382	0.0022133117399166613	0.0029093842713316794	4.112622010278153E-4	0.19433464003802903	0.0010450460650658184	0.00193355485948931	0.039260651592347096	0.001960895170629395	0.001551956100321934	0.7085183532571752	0.0019677013656767793	0.0022405522985667332	0.0016740060341475275	0.0034098708121555457	0.001756598982231276
