0	0	4.0125801702813686E-4	0.031747173962919505	0.06617271693775346	0.002193848470218237	0.07221088265854965	8.575142630507079E-4	1.9704504585222766E-4	5.169498693070315E-4	8.600630053186646E-4	0.009028294348237374	0.001432405070126254	4.514325617040121E-4	4.5372954836620785E-4	0.008344648732108335	0.16569537223812866	4.0501399750209375E-4	0.5989736703366932	3.9004272231874036E-4	0.023599713162567752	0.0160682250522497
1	1	0.0016599184826862675	0.001979266315853603	0.015038371632205554	0.00907548128483347	0.007678971738695633	0.0035473528602548835	8.151331553555986E-4	0.002138510898898304	0.003557896461176602	0.554756093679014	0.005925553010020886	0.0018674798285870848	0.0018769819704839662	0.002182026365919758	0.006348304310718679	0.0016754561695230456	0.37585590525881746	0.001613523210350574	6.129641936752043E-4	0.0017948091729295716
2	2	0.028273118056419768	5.671208146494414E-4	0.0043089570629000085	0.011866238572928916	0.002200262124018896	0.001016425949273608	2.3356077724874963E-4	6.127492967498264E-4	0.056614447497085336	0.7519680608585956	0.0016978536053356725	5.350905399877689E-4	0.009803646610084996	6.25217819509693E-4	0.011084818298726878	4.800698421220557E-4	0.11696013683991618	4.62324140101964E-4	1.7563313743259394E-4	5.142681569120362E-4
3	3	1.174811930122222E-4	1.4008312486471408E-4	0.0010643449414778202	0.0029310505570379966	0.002832212204887279	0.07577918263872889	5.769127614027081E-5	1.5135370459014102E-4	2.518111131557248E-4	0.25440371611817264	0.0072855751878502925	1.3217140508829276E-4	1.328439218280368E-4	0.08483747463961859	4.4930300602528104E-4	1.1858087712639687E-4	0.008291459668379736	1.1419755468842723E-4	0.5607824387481368	1.2702811919041614E-4
4	4	0.18933032001664704	2.2262782065262258E-4	0.16901086508529262	0.001020809884770242	0.15727094850168724	3.990061519456511E-4	9.168615484685241E-5	0.0038779168091078206	0.08042248966304578	0.004200915531955233	0.15343634684927188	2.1005407964605968E-4	2.11122880304713E-4	2.4543426549538094E-4	0.03708782871532703	0.011100586750198075	0.19140872551166893	1.8148904622663259E-4	6.894619560943222E-5	2.0188008630072653E-4
5	5	1.6615861271227205E-4	1.9812547945013924E-4	0.06624632170909595	0.10773106652094278	0.00400571733061884	0.00682918904332027	8.159520824810423E-5	0.0034511146217932947	3.5614709175736144E-4	5.015155310786424E-4	5.931506143029006E-4	1.8693560004466158E-4	1.8788676887123305E-4	2.184218548347555E-4	0.0038725169017301605	0.14907195347361643	0.2868760998359612	1.6151442435717201E-4	6.135800108601983E-5	0.36920321137617784
6	6	6.214896056826046E-5	0.017024830684234635	0.07684131388086436	0.29213441857617645	0.0063413385299136045	0.0037651145581006407	3.051937722152092E-5	0.1320535699491633	1.3321109992930343E-4	0.10431346616057048	0.04623096925846209	6.992025900034321E-5	7.027602842409685E-5	0.145373626020243	2.3768668063969207E-4	6.273070665797095E-5	0.1751042980193825	6.041187649996426E-5	2.294997489324058E-5	6.719939905448643E-5
7	7	8.029970319718698E-4	0.07917613412316457	0.054206106377997644	0.00439032676089246	0.2227269766602486	0.0017160564496708343	3.943262944775125E-4	0.12618436001279443	0.0017211569894471821	0.0024236810621505772	0.0028665271996601255	9.034062667920743E-4	9.080029935712251E-4	0.0010555703269731576	0.2533707172487055	8.105134953065331E-4	0.24439781070976035	7.805529985017456E-4	2.9652566277210923E-4	8.682513351414565E-4
8	8	0.03875989184163316	3.3643610666752953E-4	0.06302124330518814	0.001542652226810917	0.24316534410674723	0.20398531210947385	1.3855650601782906E-4	3.6350453454826547E-4	0.12153480742626148	0.006348441366703569	0.0010072267529514923	3.1743461593697716E-4	3.1904979202479456E-4	0.30269598988748864	0.0010790861083884893	2.847943937869344E-4	0.008919868284909465	0.005771086808746223	1.041917831849469E-4	3.05082042530075E-4
9	9	5.708224368073978E-4	6.806416298696603E-4	0.1608595921633117	0.003120929368666902	0.036002427244519575	0.0012198843648210057	0.04476262968853903	7.354035846825549E-4	0.001223510159722163	0.0017229098923857546	0.02427887216074863	6.421998414751192E-4	0.06736894291979977	7.503679369583367E-4	0.16899178043112315	0.2118671711440583	0.22933673119073514	0.04503718471125165	2.107896974212398E-4	6.17209433102967E-4
10	10	0.03982640750944929	0.026622342775724974	0.22614382486481552	0.30503708579506833	0.040318913252249844	0.02675065060014152	0.10326222035078136	1.749824854427821E-4	0.0029371619723986132	0.00305598952270034	0.0825120653491541	1.5280551625375117E-4	0.04249020764982161	0.005470621192997384	5.194465303912897E-4	0.08745638157643305	0.006939852661712641	1.320256547732408E-4	5.0155460115716114E-5	1.468592795746399E-4
11	11	3.981456410002099E-4	4.7474394932958854E-4	0.19752071712777083	0.07198574042384595	0.0018418670296252873	8.508629147345014E-4	1.9551665700737815E-4	0.016026030932817806	0.29560211725179975	0.008958265973201688	0.0014212945551624388	4.4793100454216557E-4	4.5021017452302287E-4	5.233776810127136E-4	0.009279240473639478	0.0236715087010068	0.36938788714139814	3.8701733823344974E-4	1.4702470292760604E-4	4.30500326421248E-4
12	12	9.506956300167843E-5	1.1335977379300544E-4	0.1527347050236881	0.130167812601784	0.0134046052950553	2.0316978800755169E-4	4.668563768410236E-5	0.15384799779515482	0.029837608358190992	0.037329241259122334	0.12072683142016884	0.08530423211753965	0.003811730915153067	1.2497257861146416E-4	0.02814531048625077	9.595946278473219E-5	0.24378039365721943	9.241233717263638E-5	3.510668664528146E-5	1.027952429722228E-4
13	13	8.485418388736246E-5	0.25137267340021474	0.18591617073283034	0.08807833658590976	0.003698748980564959	1.8133886396053882E-4	4.166919001064159E-5	0.005068625392349389	0.011753591401585143	0.02009333810327166	0.013527726729754849	0.023238891722010574	9.59503583687809E-5	0.003417747944462592	0.2069622641077683	8.564846249187477E-5	0.17956444947097192	8.248248129392777E-5	3.133441608669362E-5	0.006704157472205854
14	14	0.0010710906902686424	0.001277155322135053	0.05143705469522034	0.005856108968773786	0.004954987383984351	0.023155634442516275	5.259785604759129E-4	0.001379910603285283	0.002295793327355987	0.17016602294866634	0.06642349772654098	0.0012050231860947123	0.001211154605094813	0.0014079896999972758	0.004096351548058656	0.2723474958409918	0.32599400664090183	0.06364108701013428	3.955255924682812E-4	0.001158131207035285
15	15	2.716989339505923E-4	3.239704561584669E-4	0.2247738667924191	0.28202251271781076	0.03830896928211073	5.806381461082877E-4	1.3342270216757247E-4	3.5003594304950557E-4	0.005875515245403684	0.12785569845606162	0.07507402513635064	3.0567300978553253E-4	0.0479455900457898	3.571586458348603E-4	0.02750486024918648	2.742421750757703E-4	0.013882520098627438	2.6410485859964156E-4	1.0033126307619683E-4	0.15379516584243338
16	16	1.5012217108543844E-4	1.7900382433923376E-4	0.17683797562214687	0.15290163982237492	0.02994080108371096	0.16994947004519947	7.372022197600585E-5	1.934058222623958E-4	0.2108952699816551	0.018000904141889096	0.044405382219561564	1.6889391211070883E-4	1.6975328092092487E-4	1.973413386466014E-4	5.741373662481602E-4	1.5152739146578388E-4	0.15097748950408887	1.4592620659454187E-4	0.04100028254402579	0.0030869534996975745
17	17	1.4104694260427017E-4	0.02764649463304079	0.16889554687368433	0.06671911250344745	6.52499202451694E-4	3.014264137042153E-4	6.926366600377751E-5	1.8171399810392068E-4	0.07724159592441966	0.005921383529615308	5.03507337270214E-4	1.586838889648891E-4	1.5949130696566835E-4	1.854116035245437E-4	0.030765572648824412	1.4236721419973045E-4	0.27099862146495207	1.3710463376049374E-4	0.34902664731174216	1.5250890272041262E-4
18	18	3.1897342233947194E-4	3.803399727602088E-4	0.19552807341683076	0.03902878967644564	0.007689745027449045	6.81666776943212E-4	1.5663769934375153E-4	0.18062093370530932	6.836928574434662E-4	9.627555423898734E-4	0.16270624660745203	3.588588465563454E-4	3.6068479810277224E-4	4.193027698842336E-4	0.0012199034911433558	3.21959176879385E-4	0.4077886954156503	3.1005800935284217E-4	1.1778848700553261E-4	3.4489430071839685E-4
19	19	7.786355046500077E-4	9.284353676135989E-4	0.23459110734610597	0.019426258545029714	0.0946168162004314	0.0016639942944946765	3.823631234891307E-4	0.001003133907075085	0.0016689400928035338	0.0023501508122689943	0.13930170143517892	8.759984986747352E-4	8.804557687926995E-4	0.06170005268424997	0.12433087922612505	0.10696981033669677	0.20664495477400727	7.568723839514444E-4	2.8752959211725645E-4	8.419101062438223E-4
20	20	4.3900785314994733E-4	0.19723349495521178	0.003977281603878275	0.010952852788831829	0.24150397711658828	0.01804340787230071	2.1558278933366104E-4	0.07753907283137847	0.12067751504478103	0.0013250547355101346	0.10419848253737657	0.060362171965436216	0.026154245500360697	5.770926225658921E-4	0.12996811958196872	4.431171914170238E-4	0.005325988387251858	4.267374379959222E-4	1.6211404206287184E-4	4.746831426001823E-4
21	21	1.7287382455041095E-4	0.07093145058044917	0.12280958806372134	0.27037495754859603	0.08836441336463396	3.6944251321889E-4	8.489283513255529E-5	2.2271729713919974E-4	0.010474157438970894	0.010625400866345381	0.003984994764533441	1.9449050276019683E-4	1.9548011256830994E-4	2.2724925776832777E-4	0.004029022609844867	1.7449201205549467E-4	0.12670855813604662	1.6804194379639375E-4	6.383775202117522E-5	0.2898239385758474
22	22	0.013729299749365504	0.038217755667052815	0.30839312031790456	0.2181993596655633	0.01151723433870392	2.9814935727954514E-4	0.005504425141272003	1.7973843459035514E-4	2.9903553014197547E-4	0.024882708003463882	0.06572900726760904	0.030054488443863242	1.5775734474998885E-4	0.005619310338277805	0.030431094604022338	1.408194221923139E-4	0.24630871280223038	1.3561405562769025E-4	5.151866407970069E-5	1.508508520096685E-4
23	23	1.7001094873918347E-4	2.02718957391945E-4	0.037973334262237333	9.295222624440547E-4	0.04053167388231523	0.13947146798650795	8.348696790609937E-5	2.190289888346892E-4	0.06660637740596054	0.010449438986610458	0.033727889204812685	1.9126964409455613E-4	1.9224286547608372E-4	0.3877390288492773	6.502013502516799E-4	1.716023382609497E-4	0.20741266835202596	1.6525908631396407E-4	6.278056735727449E-5	0.07304999709318209
24	24	2.9012717858247617E-4	3.45944067658455E-4	0.21175855087725678	0.13723819538904336	0.012646490212440097	6.200204934863339E-4	0.26579420087143085	3.7377747156666007E-4	0.051491343299371585	8.756891001437218E-4	0.02929651400536543	3.26405579176903E-4	3.280664014689538E-4	3.8138327860075136E-4	0.1311093640717245	2.928429175122321E-4	0.15612822651695804	2.8201802767975414E-4	1.0713632864384562E-4	3.137039118892824E-4
25	25	2.399470349477896E-4	2.8610988359653643E-4	0.19850583175419492	0.0013118926307127156	0.010459164300970897	0.005187353300048898	1.1783035477663216E-4	3.091292462529705E-4	5.143064044500514E-4	7.242306775332055E-4	0.2532833940013236	0.04234108984565448	2.7132432295062916E-4	3.1541955953948126E-4	0.23464622014337302	2.421930620420833E-4	0.24598869995208686	0.004907811445777996	8.860612273170678E-5	2.5944595703555515E-4
26	26	1.6833828966942086E-4	0.4199783182708201	0.11630803102679095	0.22064771136269365	0.06636900110551959	0.033154874296037175	8.266557825378144E-5	2.1687406394642615E-4	0.003640331498384621	5.080944367934927E-4	6.009315936034049E-4	1.89387830556442E-4	1.903514768630537E-4	2.2128712360505653E-4	0.013761854125337807	1.6991402224593238E-4	0.12338421978325904	1.6363317862017315E-4	6.216289840022346E-5	1.8201803859970445E-4
27	27	1.5558242700509958E-4	1.8551456611989997E-4	0.22570403666502023	0.1311839292923007	0.05224685820114986	0.02154953752608352	7.6401579936211E-5	2.0044039469276754E-4	0.21856597003894704	0.09746181221262377	0.14301271714235594	1.7503693533458943E-4	1.7592756117765563E-4	2.0451905400168844E-4	5.950199376237833E-4	0.01531207293295737	0.09281771160134575	1.5123384654958932E-4	5.745249415192933E-5	1.682255906226788E-4
28	28	2.0957689110242752E-4	2.4989689883388953E-4	0.17338090922356258	0.11546731574246036	0.005052436169769536	0.12293516821493168	1.0291654338198409E-4	2.700026961893121E-4	0.1433510475687954	0.24152423278991209	0.00891396381575629	2.3578303438033852E-4	2.369827495340247E-4	2.7549684327445566E-4	0.00896733927017401	0.008377357896847357	0.1699418554446946	2.037191474605653E-4	7.739122818830358E-5	2.2660783075080266E-4
29	29	0.028789944296712798	0.03291317393381717	0.018230343307392018	0.017477484637510504	0.08671062875722774	0.0453598852568464	0.04909783209585691	0.15133765898298698	0.16784850534503287	0.13128567279684353	0.00891396381575629	2.3578303438033852E-4	2.369827495340247E-4	0.04927041239574938	0.0048844296408011	2.115386381015364E-4	0.20668804210905078	2.037191474605653E-4	7.739122818830358E-5	2.2660783075080266E-4
30	30	1.5895498247338988E-4	1.8953595964395564E-4	0.020020344495016655	0.11544734001929548	7.353438321637881E-4	0.06846731433445837	7.80577346264283E-5	2.0478533494212617E-4	3.4070671272557515E-4	0.2544099827363178	5.674351991844382E-4	0.018759090464990417	0.006373160890628447	0.25723587216240745	6.079181664469464E-4	1.6044288249051616E-4	0.2558586318525617	1.5451213797356022E-4	5.869789009444574E-5	1.7187221155848853E-4
31	31	1.5145098623514338E-4	0.08279513243411336	0.14594755350124844	0.03328376081499271	7.00629491886354E-4	3.236605259917464E-4	7.437276081882325E-5	0.3040986194487326	3.246225242914941E-4	0.053566473400231567	0.006441686409504309	0.029675583224630094	1.7125586198386104E-4	0.006100126984652836	0.038935972016291	1.5286864500561184E-4	0.26738413347366013	0.023751373351487585	0.005956965729489193	1.637584147530948E-4
32	32	0.009333472387676464	1.8721693353539594E-4	0.2889516163364061	0.08038778083754196	0.055785120278666535	3.3554076040470405E-4	7.710267615143624E-5	0.10726100614642199	0.0859835192040777	4.7390270100291745E-4	0.09232511511293685	1.766431551665637E-4	1.7754195380407047E-4	2.0639581538308593E-4	6.004801156279542E-4	1.5847981841482826E-4	0.2771986951173425	1.526216382355518E-4	5.7979704796510225E-5	1.697693064069344E-4
33	33	2.070409032102539E-4	2.468730181645997E-4	0.18741692859366652	0.00516548512255005	0.16633147223570907	0.10934707663045813	1.0167120041240298E-4	2.6673552505804613E-4	4.437748627622194E-4	6.24910300065495E-4	0.4282905504329427	2.3292993871113965E-4	2.3411513669603016E-4	2.721631901450435E-4	0.01289233419327843	2.0897891206432645E-4	0.08721538524845523	2.0125404127139374E-4	7.645475462667382E-5	2.2386575975226445E-4
34	34	0.11924577118274916	3.3097812533687207E-4	0.08362943467964652	0.15293169255183026	0.022914678828447655	0.011408488163169774	1.3630871272781285E-4	0.13554873838182133	5.949608152428252E-4	8.37805772202603E-4	9.90886578087976E-4	3.1228489456892975E-4	3.138738677589061E-4	3.6488419483675334E-4	0.0010615801638212004	0.011095464669282079	0.45760971661559496	2.6981760012373434E-4	1.0250148658431085E-4	3.00132716166322E-4
35	35	2.646936171316701E-4	3.156174028271148E-4	0.0642781577037776	0.0014471927347936996	0.2074915415862695	5.656673322317052E-4	1.2998261395695583E-4	0.09316117829381933	5.673486339912026E-4	7.989231361650142E-4	0.17111520645985798	2.977917264643011E-4	2.993069552754856E-4	3.4794988880254373E-4	0.02163901601963206	2.671712849048672E-4	0.4363720113517005	2.572953427101034E-4	9.774438400946041E-5	2.8620353167886306E-4
36	36	0.028806959023340493	5.778289482005119E-4	0.004390316953955821	0.0026495049015003965	0.0022418065358316068	0.048239552328509745	2.379707723158808E-4	6.243189678559338E-4	0.01992026964313782	0.8039295490684226	0.0017299117535934457	5.451938915419617E-4	5.479679561607287E-4	6.370229159492538E-4	0.01129411711419266	4.89134316305501E-4	0.07196459364509165	4.7105354750196545E-4	1.789493674898248E-4	5.239783491021799E-4
37	37	1.820717400560943E-4	0.014405352566169325	0.16836148276078522	0.1854427458556143	0.004389347700089212	3.8909905190907064E-4	8.940963879914772E-5	2.3456718179390735E-4	3.9025554952404253E-4	0.025378987849209556	0.02193233577137171	0.007298964789114735	0.007300007052049615	2.3934026967899915E-4	0.5008322270236486	1.837760247594255E-4	0.06250894458441575	1.7698277451191544E-4	6.723430005666056E-5	1.9686751644278807E-4
38	38	0.0865423102297643	8.753237786534806E-4	0.10676025500324716	0.08982181759106564	0.14640969396742604	0.0015688047055539365	3.604898582553212E-4	9.457491524620931E-4	0.0015734675771066377	0.002215709311773004	0.002620555611843509	8.258865858650365E-4	8.300888757155019E-4	9.6499371935943E-4	0.3460403836982055	7.409647774674066E-4	0.09471414493642212	0.0150149446276913	2.7108132437229286E-4	0.10090333466775034
39	39	3.493676870999267E-4	4.1658171900436734E-4	0.01677770612084618	0.0019101419370123455	0.3283171259386094	0.12325946300845525	1.715633557523775E-4	4.5009837192547014E-4	7.488404223144128E-4	0.23927390883682328	0.0012471677202779137	3.930537042779294E-4	3.950536466676523E-4	0.15700344384559747	0.0013361453692912893	3.5263794751913926E-4	0.1267513268273622	3.396027443287244E-4	1.2901228876782922E-4	3.777585080668398E-4
40	40	3.86164433162765E-4	4.6045770494876863E-4	0.14643803173359476	0.09991203315472268	0.09206401697054305	8.252583008123241E-4	1.8963306702909032E-4	4.975044604293029E-4	0.09110528754186122	0.01621182049063431	0.0013785242125791304	4.344516293849418E-4	0.12080676404191233	5.076279248231438E-4	0.0014768733291806837	3.8977912996418566E-4	0.2905638904654929	0.05303729055911096	1.426003583119298E-4	0.08317199049150156
41	41	4.669641910518456E-4	0.21889071297474194	0.004230557775708046	0.2754704804015157	0.011257475747669343	0.019192425147869854	2.2931125742643347E-4	6.016006342332797E-4	0.0010008986948267934	0.0014094351803214012	0.0016669620205573747	5.253548391428017E-4	5.280279583654736E-4	6.138422985486455E-4	0.10185559841954446	0.3461666937212125	0.014762397459903863	4.5391238697782473E-4	1.7243758162152343E-4	5.049113087608752E-4
42	42	0.0032060242246371193	0.0459290395560979	0.028863563710643546	0.07709314596780248	0.05561500395030504	0.003384010433855482	7.686755208773957E-5	0.03374608480661468	3.355117992139201E-4	0.17429355298731547	0.024954726472066768	0.08861139865904556	0.03067192956705774	0.012403738023281631	5.986489557771833E-4	1.5799653533336402E-4	0.11473025582520407	0.012350127830105653	0.262314192521261	0.030664180622293678
43	43	7.650691748106752E-5	9.122590433176633E-5	0.2078702914477607	0.4266964840060173	3.5392970394611576E-4	1.6350021726159943E-4	0.019413851390540998	0.006060498310210243	0.0105973684062641	2.3092036413513932E-4	0.034554226317732986	8.607357929532392E-5	0.0030674778906946394	0.02245781889860525	0.1433789830387758	0.0015677062365898181	0.10675247779615661	0.010507750750093055	2.8251990367903813E-5	0.006044656833739522
44	44	3.9508117592078747E-4	4.710899189834749E-4	0.14981936400250734	0.002160077049239527	0.0018276904655442471	8.443139552054478E-4	0.06946561212144553	5.089921038103469E-4	8.46823462927689E-4	0.0011924711125519299	0.2554062229330587	4.4448334926214863E-4	4.4674497682611837E-4	5.193493243973218E-4	0.0015109751221776002	3.9877933799958366E-4	0.5127848111531582	3.840385259697565E-4	1.4589307665436026E-4	4.2718683235991984E-4
45	45	0.004206610468530419	0.30833933025743554	0.11389505826176707	0.26120263819572337	9.501300644501252E-4	0.024446277402928165	1.0085758142990695E-4	0.024271959388864065	0.0524561667802559	0.03663094708826789	0.06875402588463725	2.3106592787072171E-4	2.3224164136467863E-4	2.6998521706180574E-4	0.09681491830529973	2.0730656818417921E-4	0.006492920236986476	1.9964351530515884E-4	7.58429290613808E-5	2.220742845761425E-4
46	46	0.13846500320572266	5.279831810438975E-4	0.15928657551630246	0.04555288842202291	0.2867192242251772	9.462812722272763E-4	2.1744249012462422E-4	5.704627912138353E-4	9.49093851772392E-4	0.018589261209365788	0.2776250994543223	4.981633510028627E-4	5.006981140437232E-4	0.00920845886623143	0.010319842748626906	4.469396922479793E-4	0.04850387252356636	4.304186407182153E-4	1.6351250069299907E-4	4.787779435742256E-4
47	47	0.7684529946158563	3.950700924667754E-4	0.015911331693538845	0.001811505203549802	0.07899040304138685	0.032982086581731615	1.6270409316807173E-4	4.2685599800378266E-4	7.101714775043037E-4	0.0010000419319445791	0.001182765935455289	3.727570275157999E-4	3.746536960175393E-4	4.3554187288691407E-4	0.0012671489182400474	3.3442827704165216E-4	0.09438687140460976	3.220661912975429E-4	1.2235029653887014E-4	3.5825165124567774E-4
48	48	0.09944027794678992	2.429532069178073E-4	0.3551279738358508	0.00508346835608021	9.425870560236959E-4	0.04409950519594079	1.0005688096261318E-4	0.0042319613162961475	4.367286747622845E-4	6.149880718663811E-4	7.273564426448425E-4	2.2923151350346532E-4	0.020077702774444314	2.678418254952131E-4	0.004748709770847662	2.0566077751911653E-4	0.3875096271717965	0.07561781711012815	7.524081796691063E-5	2.203112541632268E-4
49	49	1.860309205582656E-4	2.2182097410732016E-4	0.06692088803546142	0.26558331603286833	0.01535737859989742	0.01851853307338609	9.13538663796097E-5	2.3966788447473848E-4	3.987417218540467E-4	0.062172804188192196	6.64090491652977E-4	2.0929280278500845E-4	2.1035772990208676E-4	2.4454476395584614E-4	0.18554539378531873	1.8777226521810348E-4	0.3827973368146205	1.8083129460543394E-4	6.869632117965008E-5	2.0114843358221362E-4
50	50	2.5420672351127496E-4	3.03112960279311E-4	0.0072554115810798325	0.0013898564211249013	0.0011759892223565543	0.11940022446626626	1.2483283414798746E-4	0.005279874008018433	0.3521634020814821	7.672706088746894E-4	9.074634877443456E-4	2.859935191999701E-4	2.8744871617689415E-4	0.16376249588121297	9.722053555718559E-4	2.565862285911447E-4	0.3447977880558422	2.4710156124584635E-4	9.387185029215371E-5	2.7486443698129576E-4
51	51	0.0025763849303415552	0.0030720495991137624	0.17391819651166127	0.0140861936665724	0.011918649785787938	0.005505900769882611	0.0012651806697647663	0.0033192155583305896	0.005522265654549894	0.007776286979722873	0.00919714168990508	0.002898544078081673	0.0029132924982266635	0.003386756581965326	0.46158402837026996	0.0026005012123374396	0.28221789536341013	0.002504374116719351	9.513911242605528E-4	0.002785750839096187
52	52	2.6199160549882197E-4	3.123955574981284E-4	0.12487043658467262	0.4046512832694212	0.011420075467836376	5.598929590957942E-4	0.17366588817012832	3.3752977005979256E-4	0.05160191957686323	7.907676708724925E-4	0.01114332634272646	2.947518469319125E-4	2.9625160817754476E-4	3.443979911127517E-4	0.006106014631709039	0.07172095145146122	0.1409874280952051	2.5466885319889423E-4	9.674660225143729E-5	2.8328194527893935E-4
53	53	2.985648672087046E-4	3.56005063457796E-4	0.09576962602597974	0.2226610828098183	0.1177120905811565	0.16931785091090587	1.4661570723178388E-4	0.006201192715553003	0.07043848614997053	9.01156524452246E-4	0.0010658125480427017	3.3589834251060614E-4	3.376074660387986E-4	3.92474943186627E-4	0.19308782927561507	3.0135958722389826E-4	0.003622151640763068	2.902198801093375E-4	0.11644114768463507	3.2282727614038137E-4
54	54	0.2980338684417202	9.574837521781692E-4	0.16371221689737858	0.2077588177254571	0.0037147556214866856	0.0017160564496708343	0.031681786442872076	0.0010345194192162	0.0017211569894471821	0.0024236810621505772	0.0028665271996601255	9.034062667920743E-4	9.080029935712251E-4	0.0010555703269731576	0.1907957969519164	8.105134953065331E-4	0.08796050996778756	7.805529985017456E-4	2.9652566277210923E-4	8.682513351414565E-4
55	55	0.04394573702072331	0.0025584013708754294	0.06123873726215949	0.05353109998419301	0.009925845585221235	0.004585311409566899	0.0010536418295020527	0.0027642410581892323	0.004598940077339409	0.006476087910489174	0.0076593750030522776	0.002413906059669839	0.2950270631046357	0.0028204891889184007	0.3844069481486815	0.0021656961100259067	0.10963054740448719	0.002085641512834983	7.923180528234623E-4	0.0023199719066115043
56	56	4.987232485637834E-4	5.946714474905624E-4	0.023950217518667126	0.002726732400332837	0.23549033512741527	0.17595319223160405	2.44907120133457E-4	6.42516553500656E-4	0.14680846198080902	0.0015052933506242417	0.3418391459830188	0.04914091528151861	5.639400702982241E-4	6.555907949782187E-4	0.0019073508619468081	5.033915535047975E-4	0.01576641412526551	4.847837682949613E-4	1.841653654149694E-4	5.39251216618144E-4
57	57	2.0214869733615668E-4	2.4103961224869493E-4	0.1436064616030517	0.1507566789698644	9.351628709780897E-4	4.3200480455626573E-4	0.3466605120434868	2.60432784477388E-4	0.004371484774589027	6.101441848034319E-4	0.1700640531771028	2.2742599626910672E-4	2.285831890026013E-4	2.657321983125336E-4	0.04015507058588785	2.0404091263855447E-4	0.14028930083303442	1.9649857417466327E-4	7.464819179832566E-5	2.1857599638721057E-4
58	58	6.116326959667284E-4	7.293032793047584E-4	0.0651193696867611	0.05100658279320095	0.0028294824328903064	0.0013070985208573397	3.0035335745836234E-4	7.879803737896066E-4	0.32303303644796716	0.025677350428168346	0.0021833975586244736	6.881131417813643E-4	6.916144105041769E-4	8.040145843175303E-4	0.026170432553960694	6.173578911423892E-4	0.4959611465580264	5.945373591807508E-4	2.258598516849557E-4	6.613360744126437E-4
59	59	1.722935618387721E-4	2.0544071708512623E-4	0.04519631013010476	0.31310280697570536	0.1921214137858404	3.682024543778678E-4	8.460788657634191E-5	2.2196973143280687E-4	0.03393497476641711	5.200326107478439E-4	0.10802522042455633	1.9383768220269986E-4	1.94823970318404E-4	2.2648648022885064E-4	6.589311298950579E-4	1.7390631778779417E-4	0.2672590995525346	0.03708972361626934	6.362347627880028E-5	1.8629472980173043E-4
60	60	6.116326959667284E-4	7.293032793047584E-4	0.017456843329666127	0.15824726709666467	0.0028294824328903064	0.0013070985208573397	3.0035335745836234E-4	7.879803737896066E-4	0.3587799312157884	0.0018460872496208582	0.0021833975586244736	6.881131417813643E-4	0.01260724599977792	8.040145843175303E-4	0.014254800964686948	6.173578911423892E-4	0.424467357022384	5.945373591807508E-4	2.258598516849557E-4	6.613360744126437E-4
61	61	5.086064546322175E-4	6.06456060450733E-4	0.014516331866363377	0.002780768097051553	0.012261378790594624	0.0010869247980563007	2.4976044819240774E-4	6.552493136415036E-4	0.001090155404582938	0.7743987064877618	0.0018156159712642982	5.722041802786393E-4	5.75115679097403E-4	6.685826475577753E-4	0.1802982833354728	5.133672714419988E-4	0.006170349918836877	4.943907354746321E-4	1.8781497321309436E-4	5.499375660350576E-4
62	62	0.011401132824523737	3.4017587766202174E-4	0.05816385598227678	0.0015598001070118892	0.24031041035423192	0.03395721189242819	1.4009667840727988E-4	0.03927299624785466	0.061748631913446476	0.034208617540887436	0.0010184229275621054	0.07813186527716681	0.0058805178786030515	3.7502418353858744E-4	0.02332276737684533	2.879601236006219E-4	0.3869576875226263	0.022509002041956255	1.0534996270521029E-4	3.0847328666524116E-4
63	63	0.009652017245479276	0.15663493562425315	0.06853475929487614	0.10356495706845163	0.2684222750311743	0.001007094380512091	2.314165104141144E-4	6.071237888608568E-4	0.019371619642449402	0.0014223748748554393	0.010863031974216576	5.301779989698016E-4	5.328756594744546E-4	0.03734254170293184	0.22214066838208438	4.7566243325445056E-4	0.09752482126534871	4.580796503714983E-4	1.7402069070204316E-4	5.095467813199306E-4
64	64	1.7889891140407442E-4	2.1331685439873917E-4	0.3083228672255686	0.014919120897751723	8.276067162841204E-4	3.8231851243605565E-4	8.785156359394955E-5	0.13615527204601685	0.024780212483370926	5.399694972030713E-4	0.04943214600193308	2.0126898512668807E-4	0.0385400550702029	0.0037204205545353377	0.011139946343321444	1.8057349680680978E-4	0.3994890034331872	0.003659149717008113	6.606265796902768E-5	0.007163939031881268
65	65	1.6247699119687127E-4	1.9373555938529235E-4	0.07743978203839263	0.09901339098021125	0.054562153859022675	0.028835144475903712	7.978728105530792E-5	2.0932281923412041E-4	0.3042194096161148	0.016317025907532832	0.00691065705194578	1.8279361717730012E-4	1.8372371069781598E-4	0.1679757817008747	0.1620529384158755	1.6399785901883413E-4	0.08110426350495108	1.5793570538465246E-4	5.9998475189330685E-5	1.7568043083550535E-4
66	66	4.845982287813254E-4	5.778289482005119E-4	0.013831103885475544	0.46524806454596684	0.0022418065358316068	0.13320663471218724	0.132408987813592	6.243189678559338E-4	0.0104794827116181	0.010903446820765933	0.0017299117535934457	5.451938915419617E-4	0.03831111568223962	6.370229159492538E-4	0.0018533301826729371	4.89134316305501E-4	0.18525403682332833	4.7105354750196545E-4	1.789493674898248E-4	5.239783491021799E-4
67	67	0.001224383319407352	0.0014599395615344961	0.2496229743964617	0.030547267340089033	0.053370221089983905	0.0026165861248313767	6.012556935314939E-4	0.001577400999080741	0.0026243632592085715	0.0036955487329430343	0.2667542509835034	0.0013774840001488733	0.0013844929371289324	0.0016094987270794472	0.004682614228131845	0.0012358441741321816	0.37264969958592425	0.0011901613993915842	4.521325245534641E-4	0.0013238809229342244
68	68	0.001980077138849219	0.0023610195467994957	0.0565141409566252	0.08797637775862657	0.009160062104407733	0.004231552558325033	9.723528853210008E-4	0.0025509786090433875	0.004244129768208533	0.005976454796154552	0.007068450753794719	0.0022276721142734804	0.0022390069925439285	0.0026028871710205327	0.1232984198131648	0.0019986116746213097	0.679800896652393	0.0019247333258482805	7.311903563271638E-4	0.002140985023652162
69	69	2.272021632014707E-4	2.7091305579416113E-4	0.006484664069340504	0.001242210988982854	0.06301897626728052	0.37671930447051505	1.1157175374920877E-4	2.927097368500407E-4	0.4785251764811075	0.031669719515108496	8.11062998625691E-4	2.5561222506749524E-4	2.569128354387497E-4	2.986659379184189E-4	8.689272919729975E-4	2.2932889177114724E-4	0.03374034484442532	0.0046471313025740315	8.389977714006438E-5	2.456653931363655E-4
70	70	2.6885277709706284E-4	3.2057673384704936E-4	0.3114602266948012	0.06956007667267239	0.11123551467236689	0.016287665888187048	1.3202504508931647E-4	3.4636917416010996E-4	5.762634455778479E-4	0.12651635800620292	0.02191056030863182	3.0247096066781954E-4	0.036967933711749314	3.53417263736449E-4	0.001028218711699566	2.713693767369271E-4	0.0032616882782966696	0.2830973211840468	9.928025228320083E-5	0.01600381084214959
71	71	0.001117737554788016	0.0013327764677794885	0.11900339128857926	0.0061111472434586	0.2882510301542003	0.08949029234523836	5.488853515380792E-4	0.0014400068244037317	0.06772198830416981	0.025149064244111268	0.003990083369316475	0.0012575029189643592	0.0012639013662133357	0.001469308788452777	0.0042747509659810485	0.0011282001505559102	0.3837421164351959	0.0010864964192773734	4.127510514265562E-4	0.001208568756349325
72	72	0.0013901838956189674	0.0016576381226793165	0.09384400331574422	0.007600727420511179	0.27726230701004884	0.002970912650134213	6.826750814453125E-4	0.0017910056688102802	0.05714597456107082	0.00419598360462737	0.0049626583793660195	0.0015640167937004158	0.0015719748499403543	0.02891056574493511	0.0053167131454355905	0.0014031967286230944	0.5043616218958913	0.0013513277944870858	5.133583121861002E-4	0.0015031550247443552
73	73	2.8061082734495436E-4	3.3459688787178433E-4	0.029876101007160677	0.07806899810711607	0.0012981376105088965	0.25753787076861145	1.377990494752927E-4	0.005828287282108252	0.011535005729494516	8.46965955030076E-4	0.06660295979469662	3.156992739196341E-4	0.09325239465501393	0.18623905174034006	0.0010731869928850008	2.8323748835498133E-4	0.265809292748585	2.727676616167527E-4	1.0362219067630056E-4	3.0341422918975426E-4
74	74	3.2920195367638607E-4	3.925363473093038E-4	0.317239398311366	0.0017998872840343809	0.06565699216929173	0.09690462552886901	1.616606056552829E-4	4.2411839690842574E-4	0.032772650099272826	9.936282563699182E-4	0.10378968674532128	3.703663851174232E-4	0.12222697720243846	4.327485657438375E-4	0.001259022176943739	0.013159096748603816	0.24128988292117548	3.200006498451635E-4	1.2156561433365702E-4	3.5595403772390426E-4
75	75	0.0028638737710583247	0.003414847745257455	0.02594585127289116	0.2946233590440377	0.013248605868620287	0.006120282965180297	0.0014063572927780514	0.003689593998957092	0.00613847394410316	0.008644012800718519	0.12180955177749425	0.0032219814134582954	0.003238375552827907	0.3385230814010131	0.12253892877665261	0.0028906810957907755	0.0347441585333145	0.0027838275489521194	0.0010575531841921912	0.0030966020127022047
76	76	2.4926883386373465E-4	2.972250815956769E-4	0.12851885988646927	0.4287062853016334	0.010865496583691943	5.327035755080781E-4	1.2240799364456498E-4	3.2113873273499714E-4	5.342869009146537E-4	7.523666065568427E-4	0.2339862506949356	2.804381805440336E-4	2.81865110754492E-4	3.276734209336126E-4	0.10778917716358402	0.005107777418066164	0.08072290313224553	2.42301687252298E-4	9.20484176490257E-5	2.6952527742210054E-4
77	77	3.8909162053680515E-4	4.6394804705295045E-4	0.011105213153886722	0.26743285567330316	0.16098329774548437	8.315138890307281E-4	1.9107051561792525E-4	5.012756227892593E-4	8.339853518234587E-4	0.0011743928739322777	0.008969131531597825	4.377448413303069E-4	0.023180445845411658	5.114758246415774E-4	0.05454917347704218	3.927337173106972E-4	0.4671100420519332	3.78216380646032E-4	1.4368129154279609E-4	4.2071054508613517E-4
78	78	2.1849796557903798E-4	2.605342779563881E-4	0.0019795270921623156	0.0011946214335644206	0.0010107964458162151	0.5368120432398025	1.0729739922709379E-4	2.8149592022236287E-4	0.11114271762468418	6.59491081793805E-4	0.009293405149501941	2.458196276276359E-4	2.4707041114186725E-4	0.03434088101607454	8.356383709421202E-4	2.2054321840262614E-4	0.29636358230710746	2.123908749456298E-4	8.068554612036405E-5	0.0044929609973275685
79	79	2.0787938561190163E-4	0.0042977121872595295	0.11122898896276597	0.26437612438123315	0.29659994791776917	4.442516550240638E-4	1.0208295244293592E-4	2.6781576108961095E-4	0.04094396580993248	0.033026156070609936	0.1303369447632696	2.338732675480885E-4	2.3506326539444308E-4	2.7326540734838123E-4	7.950279568270895E-4	2.0982524309053665E-4	0.11591746916074884	2.0206908781171518E-4	7.676438410221595E-5	2.247723801203815E-4
80	80	2.480641906681238E-4	2.9578867991417006E-4	0.026410922510662314	0.06901416818071064	0.03014381413920335	5.301291753010141E-4	0.20792821006847786	3.1958676338832864E-4	5.317048489600851E-4	7.487306393196028E-4	0.044379897421634916	2.7908290503387276E-4	0.019611330254358267	3.2608987135466285E-4	0.20875510707504777	2.503861984957507E-4	0.3799606163903051	0.009906544371758348	9.160357463247649E-5	2.6822274077337865E-4
81	81	3.6948627065418253E-4	4.40570869777111E-4	0.16170811736863294	0.09559690472129961	0.05209677486341081	7.896159918099741E-4	1.8144295204877304E-4	4.7601760268886655E-4	7.919629237975784E-4	0.0083134309285702	0.0013189867490921191	0.2091638581064214	4.178030882799309E-4	4.8570384197907097E-4	0.17417019455183447	0.014769370377427277	0.1988343058428881	0.05074664834818802	1.3644155199662623E-4	0.029192363049202953
82	82	1.7523449413443776E-4	2.0894744846424614E-4	0.29859357464781777	0.1750650482058876	0.0042245167952386226	3.744874163803165E-4	0.18102074286121936	2.2575860168926978E-4	0.01403104884511831	0.007356633389065152	0.04841961882631742	1.971463577772425E-4	1.9814948115098733E-4	0.003644214538392749	6.701786299168013E-4	1.7687477871543473E-4	0.2649933039133046	1.7033663188230008E-4	6.47094851473495E-5	1.8947465238002684E-4
83	83	2.775759397363291E-4	3.3097812533687207E-4	0.061998853726371456	0.10426288540696137	0.07699113121163531	0.0708925857846762	1.3630871272781285E-4	3.5760742385219387E-4	0.027633187006836653	0.011653096248840134	0.04965969372295686	0.24365632061891335	3.138738677589061E-4	3.6488419483675334E-4	0.04973038730869008	2.8017419264454897E-4	0.3007880047043508	2.6981760012373434E-4	1.0250148658431085E-4	3.00132716166322E-4
84	84	2.1394447080237813E-4	2.551047469734732E-4	0.09363421686447825	0.00533772295158146	0.005157728874200373	4.572131332668438E-4	1.0506132281496344E-4	2.756295488857386E-4	0.1546744763725395	0.11318167745370043	0.3300355315259836	2.4069674976725597E-4	2.419214669692281E-4	2.8123819392507636E-4	8.182236780996595E-4	2.159471005835756E-4	0.2818513742584493	2.0796465185878233E-4	7.900406038278576E-5	0.01273532257473736
85	85	0.0025337938192717823	1.475105896547761E-4	0.003530862024266362	0.003086460245616233	5.722977448988914E-4	0.03882571372780244	6.075017365301143E-5	1.593787562355437E-4	2.6516260127049053E-4	0.11846748824632841	0.002851702662229853	0.012189597163175131	1.3988755076552945E-4	0.0700550450391111	4.731258773421845E-4	0.13990971458500312	0.03524200723377817	1.2025251896323641E-4	0.5712354860570527	1.337633835810828E-4
86	86	1.7463830305216509E-4	2.0823655757456523E-4	0.1546832994109437	0.004357069266294956	8.078966573473611E-4	3.7321331758388893E-4	8.575931438662347E-5	0.034247463385953275	0.013983311747250041	0.28291363455699364	0.010830163151584318	1.964756171163361E-4	1.97475327616304E-4	2.2956873228053114E-4	6.678985164913043E-4	0.12946166991622512	0.2198625164318594	1.6975710453858727E-4	6.448932747705825E-5	0.1464854633574308
87	87	1.734580089712736E-4	2.068291894769889E-4	0.11308683322284373	0.027982394226208313	0.14611032310124739	3.70690953005469E-4	8.51797095153965E-5	0.11173882476209987	0.00375104591442165	0.0039028004316286205	6.192078935759556E-4	1.951477354095799E-4	1.9614068935978123E-4	2.2801719054465239E-4	6.633845201235348E-4	1.7508166474162513E-4	0.5698189046438336	0.020444128863128266	6.405347594751659E-5	1.8755380391687794E-4
88	88	1.2676541423208647E-4	1.5115351568274543E-4	0.07770615193860042	0.013041095780511465	0.3117564161067907	2.709058664313813E-4	6.225046179721957E-5	0.2174883835834601	2.7171106497111714E-4	0.015200233607066394	0.16097672389253317	1.4261655407186107E-4	1.4334221799223678E-4	0.010045050206355792	0.015302428536046948	1.2795200341017982E-4	0.12995726099563532	0.01741044366102825	4.6811130023040006E-5	0.02977230346335959
89	89	0.01407086277970912	2.1257597375460205E-4	0.31419830940445614	0.18852461973813928	0.04250248794827064	3.8099066430817303E-4	8.754644226067565E-5	2.296790649529553E-4	3.821230618106525E-4	5.38094104140344E-4	0.13608911849180272	2.0056994849516736E-4	2.0159049184009505E-4	0.00718064529224167	0.05972530391626003	1.7994633863402775E-4	0.2348636434558108	1.7329465209839636E-4	6.583321269276266E-5	1.9276501832177684E-4
90	90	1.2964700396519334E-4	0.002680330747287891	0.2411199832574433	0.01586328294322185	0.03596013942332771	0.2957887913786962	6.366551883531368E-5	1.670271967454678E-4	0.22001737709378397	0.02059724284078469	0.025720224596724132	1.4585846670610807E-4	1.4660062618022222E-4	1.704259479397721E-4	0.0030215720143455887	0.040542720719344116	0.08744806406815002	1.2602332718876651E-4	0.005099357744376296	0.005191665084953451
91	91	0.03691560362055435	3.733792819561728E-4	0.015037740684457535	0.020013280764924292	0.25156546524122186	0.006769602734718975	1.537710361700787E-4	4.0342002361705307E-4	0.006771591735446089	0.15345541845062521	0.0011178277073445042	0.043055170393197624	3.540838212475406E-4	0.37253671836697944	0.019498811654726136	3.160669266761905E-4	0.05870262626732506	3.0438356520026623E-4	1.156328123537977E-4	0.012539404911257858
92	92	0.0025763849303415552	0.0030720495991137624	0.023341287210314924	0.0140861936665724	0.011918649785787938	0.005505900769882611	0.0012651806697647663	0.0033192155583305896	0.005522265654549894	0.10816089318062044	0.00919714168990508	0.002898544078081673	0.0029132924982266635	0.4551174844860044	0.06004560356667972	0.0026005012123374396	0.08144868296161496	0.002504374116719351	9.513911242605528E-4	0.2035549632408913
93	93	2.1943202343883056E-4	2.6164803702240794E-4	0.09176097652806978	0.1465464694213596	0.02238963825310054	4.689403871915161E-4	1.0775608532432024E-4	0.008832507588045265	0.021844854942159687	6.623103429561694E-4	7.833252659966258E-4	2.4687048297390143E-4	0.004523030763340453	2.884517918589544E-4	0.47107866713087726	2.214860195222018E-4	0.2292320418170203	2.1329882557832996E-4	8.103046909630874E-5	2.3726382506757544E-4
