0	0	6.657218027667715E-4	4.8619826624733686E-4	2.433560768403816E-4	3.810293417787164E-4	0.02561500597730833	1.111520107449926E-4	0.13249851529289183	1.041165975314789E-4	4.1638364629749267E-4	7.110947985854849E-4	5.76693365486409E-4	0.008479803594159034	0.28558376216836	0.13233399439778565	9.38938395397232E-4	3.572508115841412E-4	3.406195222863878E-4	0.40623668524217554	9.370499374982575E-4	0.0029826287542744604
1	1	0.2197168402761961	0.060656289395928945	5.859591057887438E-4	9.174523820679956E-4	0.0021908706057290656	2.676347090583488E-4	0.0017768003258583063	2.506946577188923E-4	0.0010025793981284696	0.001712192593339163	0.0013885773190548266	5.893559726929738E-4	0.5091792017338714	0.0013806626257785492	0.04191787270259839	8.601978171905268E-4	8.201525652635843E-4	0.12552022510018665	0.002256253267166272	0.027010187446382835
2	2	0.07766227157049373	0.26752008056687765	1.7544908329804367E-4	2.747054833916509E-4	6.559949928286928E-4	8.013573626408513E-5	5.320132161029958E-4	7.506351117334476E-5	3.001943900135623E-4	5.126682356556134E-4	4.157706831583202E-4	1.7646618018850053E-4	0.5918049731345388	0.0182247043754253	6.76933499605319E-4	2.575622035566893E-4	2.45571771679086E-4	0.013835119834077635	6.755720040900895E-4	0.025898749527580797
3	3	4.1577529168081883E-4	0.005446830823761774	1.519875771081772E-4	2.3797115410458905E-4	0.11371815921534303	6.941977789572183E-5	4.608710298455291E-4	0.10292855816327466	2.6005161806472236E-4	4.44112910326557E-4	3.6017274971164993E-4	1.5286866516608512E-4	0.33265609655019623	3.581198162513933E-4	5.864121973985765E-4	0.005366296935054402	0.01564226312874548	0.33600517861772106	0.01087158599853101	0.0738672677798185
4	4	0.0011160780453734712	8.151080652640195E-4	4.079847970142613E-4	6.387930832893494E-4	0.0015254339262459416	1.8634558516189009E-4	0.33258071593290406	1.7455076306788702E-4	6.980643328095908E-4	0.13925197308286366	9.668224796858738E-4	4.103499280288928E-4	0.2716894811309359	9.613117290245191E-4	0.001574123792710116	5.989285401857294E-4	5.710462975217014E-4	0.08739576371929772	0.1534367680786128	0.0050003566900025005
5	5	0.16155892879214895	0.03133845040824572	1.83056873551886E-4	2.866172110561029E-4	6.844401247108219E-4	8.361056703478078E-5	0.05011143942003604	7.83184010706813E-5	0.02509138993617143	5.348984595665001E-4	4.3379925356579245E-4	1.841180736070045E-4	0.3634903790417466	0.0995440409527168	7.062865630923948E-4	2.687305675352464E-4	0.24184346129850845	0.008240491062957446	7.0486603066391E-4	0.014632676962013418
6	6	0.0011813148977879097	8.627526585573617E-4	4.318322726459925E-4	6.761317356091041E-4	0.6738111404539452	1.972378336813209E-4	0.001309442442609912	1.8475358214159877E-4	7.38867500692034E-4	0.0012618287035475399	0.0010233350646970082	4.3433564999884554E-4	0.053762747348379915	0.0010175022003366357	0.001666134277077921	6.339370352859236E-4	6.044250233085426E-4	0.0048263999868379875	0.001662783232481466	0.2537130981003776
7	7	0.0017043251286110845	0.0012447240261752156	6.230198188425238E-4	9.75479365754102E-4	0.6980569042422852	2.8456205613369126E-4	0.0018891793065413682	2.6655058125015847E-4	0.0010659904911904257	0.0018204852672948563	0.001476401989865611	6.266315306196737E-4	0.22514398607414204	0.0014679867084535353	0.0024037913357239185	9.146035669390075E-4	8.720255348638105E-4	0.04912852031292299	0.002398956664186694	0.007635875998204076
8	8	9.039252470781755E-4	0.045386702525435495	3.304318725504977E-4	5.173663240109102E-4	0.44850083300728455	1.5092356650831088E-4	0.0010019666099930296	1.413707959652821E-4	0.03411027324053015	0.012147167394293423	7.830413405707164E-4	3.323474210604208E-4	0.34304260622305555	0.1014132853380395	0.0012749020950241765	4.850795434188414E-4	4.6249737437282156E-4	0.0036930921710799417	0.0012723379236753748	0.004049849986052737
9	9	7.254640324974342E-4	5.298299580382311E-4	2.6519498100204133E-4	4.1522311818210423E-4	0.3599536841609906	1.2112685148680747E-4	8.041491701475425E-4	1.1346007653824913E-4	0.06327212357401141	7.7490882516658E-4	6.284461357604934E-4	2.6673234435254533E-4	0.4996673216505346	0.06344323751930779	0.0010231992279065936	3.893106900024581E-4	3.711868999306365E-4	0.002963968035494697	0.0010211412987883076	0.0032502914498607903
10	10	0.21147056043216103	0.04512518970575164	1.8890786455416674E-4	2.957782695318051E-4	0.1988750251773311	8.628298608097099E-5	5.728241987898264E-4	8.082166823069692E-5	3.232224421045753E-4	0.13479531391830038	4.476646467638803E-4	1.900029834228957E-4	0.2983980433261609	4.451130219309319E-4	7.288613850343531E-4	2.773199206809553E-4	2.644096971648117E-4	0.021288957332643837	0.0071199344324877935	0.0790257665908734
11	11	3.7351240571405724E-4	2.727882477715222E-4	1.3653828570435228E-4	2.1378177116015547E-4	0.005130890577282052	6.236336974509733E-5	0.03737707249026011	5.8416054059099595E-5	2.3361779166943388E-4	3.989695512548332E-4	0.15741651685694844	1.373298125861559E-4	0.5344815749670526	0.09272933815419727	0.005147185377840416	0.01406158359431615	1.91109284198904E-4	0.001526028558005883	0.11141488956626529	0.03863649328396816
12	12	9.462476261059378E-4	6.910753911638728E-4	3.4590291177430415E-4	5.415897581187266E-4	0.09493463822917095	0.07038898383891763	0.0010488793505966998	1.479898703075896E-4	0.15275899538752477	0.0010107401654885087	8.197038549956231E-4	3.479081475347439E-4	0.6166177327672853	8.150316595761498E-4	0.0013345938558897018	5.077912890654486E-4	4.841518079012819E-4	0.003866005193649151	0.04815257224901949	0.004239466645914078
13	13	0.33249441055500145	7.826906254389936E-4	3.917589452893722E-4	0.013870296608134339	0.0014647663109707654	1.7893448588428924E-4	0.23981228654522768	1.6760875243236137E-4	6.703018072412517E-4	0.0011447330673288612	9.283712473985976E-4	3.940300133255932E-4	0.22111346675015875	9.23079663293885E-4	0.0015115197460788352	5.751087170992377E-4	5.483353714787632E-4	0.01763542676574597	0.04127920604223161	0.12411366798023933
14	14	0.023394971128848707	3.384704754945799E-4	1.6941411099305963E-4	2.652563603005965E-4	0.17835274179111327	7.7379284421178E-5	5.137134053276216E-4	7.248153010778141E-5	2.898685177103946E-4	0.006227914847632036	0.2583811146566989	1.7039622251083735E-4	0.17587969864238706	3.9918098211438283E-4	6.536488243842226E-4	2.4870276276591136E-4	2.3712476920343572E-4	0.25987311260045054	6.52334160619683E-4	0.09380247492691579
15	15	2.6041155043214745E-4	1.9018701776731212E-4	9.519401800227736E-5	0.006591675085024178	3.559254798194474E-4	4.347952452729703E-5	0.03250179214477791	4.0727469757199954E-5	0.109687539530577	0.01316341453890869	2.2558614244884805E-4	9.574586779185838E-5	0.6013519602934514	2.243003335130687E-4	3.672861581060873E-4	0.09355784049330963	1.332407283904613E-4	0.13958042612174779	3.665474467594648E-4	0.001166720054887896
16	16	4.0945755412674076E-4	2.9904015775196284E-4	1.4967811417744873E-4	2.34355164104327E-4	0.20822569043151806	6.836493902823028E-5	4.538680590795872E-4	6.40377514932811E-5	0.010386151418652885	4.373645804763673E-4	0.44607695731431424	1.5054581403451046E-4	0.08448013024426429	3.5267815808348113E-4	5.775016189303433E-4	2.1972998768117984E-4	2.095007793098595E-4	0.22959904102116216	5.763401076967142E-4	0.017029566784114266
17	17	5.969043886396703E-4	0.007819698014612022	2.1819971895835146E-4	3.416413363103885E-4	0.1854098209508222	9.966193497654438E-5	6.61645715404526E-4	9.335379093561518E-5	0.08897845308015512	6.375870585137224E-4	0.20726234063765522	2.194646458048149E-4	0.22652717999282	5.14131778045604E-4	8.418778633140964E-4	3.2032085533837594E-4	3.054087861687819E-4	0.23133526220458026	8.401846202762774E-4	0.046976862626668385
18	18	4.946399274498856E-4	3.6125161312629717E-4	1.8081671907474952E-4	2.83109739218998E-4	6.76064303688902E-4	8.258738455359524E-5	5.482894662762939E-4	7.735998135446709E-5	3.0937844568096025E-4	5.283526513935463E-4	4.2849064470998544E-4	1.81864932717457E-4	0.16936126328609247	0.26965056602713533	6.976433967596959E-4	0.07369031045169874	2.5308471961039275E-4	0.29572038306954285	0.05576489159951014	0.13070965164040518
19	19	0.014018776534465842	3.9775830187293605E-4	1.9908935632700876E-4	3.1171971286414463E-4	0.1759083374981346	9.093334574171318E-5	6.036974759878284E-4	8.517768142316121E-5	3.406430330516611E-4	5.817459238165047E-4	0.42490752392412673	2.0024349838028622E-4	0.10563135527668727	4.691031008059973E-4	0.00750521964212251	2.922665217529754E-4	2.786604810731293E-4	0.26497106358250944	7.66599590710674E-4	0.0024400855181455476
20	20	0.04210164472873417	4.087740682701315E-4	0.020975570653700485	3.2035267293598546E-4	7.650001987243966E-4	9.345171051169884E-5	0.14601718979857733	8.753664523710071E-5	3.500770135852163E-4	5.978571581241433E-4	4.8485835824504963E-4	2.057891666676048E-4	0.3162664518124662	4.8209473454524654E-4	7.894180098665833E-4	3.0036073302195884E-4	0.007210033742373992	0.16845449945230173	0.16003191515443824	0.1340571241876727
21	21	8.297055370340002E-4	6.059609162944507E-4	3.033006934520884E-4	4.748862863320979E-4	0.0011340255103416592	1.3853149826894363E-4	9.19696896310393E-4	1.2976308889086063E-4	5.189492298849495E-4	8.862550231799359E-4	7.187471951890965E-4	3.050589596475263E-4	0.058287735743748494	0.3086205459372618	0.0011702221293596897	4.452505164309563E-4	4.245225295135823E-4	0.5781475304751087	0.011431398347567194	0.03450791348618358
22	22	2.621001640724447E-4	1.9142026718300197E-4	9.581129445183034E-5	1.5001439427334603E-4	3.582334443438898E-4	4.376146332021383E-5	2.9052802067776746E-4	4.099156311578053E-5	1.6393367553546928E-4	2.799638867252379E-4	0.6162454074209667	9.636672265826936E-5	0.20321833525414623	2.257547874421085E-4	3.696677898556817E-4	0.009867258251149306	1.3410471507242644E-4	0.001070840832362546	0.0036111261751794917	0.1632843798774683
23	23	4.407083408500125E-4	3.21863622839891E-4	1.6110190835625415E-4	2.522417146810804E-4	0.47489160468315306	7.358271583412453E-5	4.885083625050581E-4	6.892526692433102E-5	2.7564629121984007E-4	4.70745298665656E-4	3.817714475122353E-4	1.6203583315629118E-4	0.1345406621341489	0.04944400089049729	0.006073178542969402	2.3650030956808826E-4	2.2549038337647565E-4	0.1598969830761227	0.033329931430151796	0.13826451774746742
24	24	0.0022189108750859925	0.0016205427191065386	8.111277761599214E-4	0.001270005198396443	0.003032764547428754	3.704796874681084E-4	0.0024595779513549754	3.470300200164651E-4	0.00138784428741498	0.002370143166771422	0.001922171055461194	8.158299696589548E-4	0.07353659099527594	0.6606661197050557	0.0031295664464103695	0.0011907492103500543	0.001135315621520435	0.11885810366354888	0.003123272045728641	0.11973385505778623
25	25	0.08452611150170908	5.495569723905902E-4	2.750689134156995E-4	4.306830073173626E-4	0.3547393778715154	1.2563673451906118E-4	0.03806681715457165	1.1768450462943738E-4	4.7064449196492343E-4	8.037607941500472E-4	6.518448993670943E-4	2.76663516996621E-4	0.4996549351282645	6.48129476126775E-4	0.0010612957257508692	4.0380578876516546E-4	3.8500720055963746E-4	0.0030743246491384997	0.0010591611743188828	0.012679490494528666
26	26	0.06224028997441787	0.0017659595320203797	8.83913031793354E-4	0.0013839670866931254	0.5417053229105525	4.037240905719222E-4	0.0026802842509065154	3.7817020466031294E-4	0.0015123802781772818	0.0025828241787545195	0.002094654005441376	8.890371691166826E-4	0.020313010875751363	0.002082714775450007	0.0034103930936029833	0.0012975991891301536	0.0012371913557336128	0.009879108429931192	0.03331466821269176	0.3099447873546031
27	27	6.393946121041463E-4	4.6697066336256863E-4	2.337321140870845E-4	3.659608370559151E-4	8.739122121483427E-4	1.0675630045391356E-4	7.087445051552953E-4	9.99991155698503E-5	0.2534996645737558	6.829732495183591E-4	5.538869677930608E-4	2.3508708387073412E-4	0.3533834992070268	5.507298908340382E-4	0.01672054057701414	3.4312267248479974E-4	3.2714909805005293E-4	0.1291621951575057	0.040446828137559926	0.2005988530246495
28	28	3.1402490282682707E-4	2.2934259127213984E-4	1.1479249750348281E-4	0.0506784344233308	4.29203174853092E-4	0.038897585393489004	0.08192290871188929	4.911241345348718E-5	0.22161379032746792	3.354276127031103E-4	0.015810091397242407	1.1545796175136509E-4	0.4765489040007684	2.704791331973541E-4	4.4290278183707057E-4	0.011822063616213239	0.06231291917324755	0.0012829854171045147	4.420119851022282E-4	0.03636756248474673
29	29	1.8230553283244425E-4	1.331436549352196E-4	6.66421905847387E-5	1.04343521406494E-4	0.011524848380893073	3.043858028991517E-5	0.15806155249280276	2.851195756364196E-5	0.21660701777414273	0.00696013678417472	1.579254139476757E-4	6.70285224112882E-5	0.22704502347844788	0.03623919069537523	0.002512260258399357	9.783185602453098E-5	9.327743697964403E-5	0.0052551012260294945	0.13556472814821713	0.199268692094542
30	30	0.2575721716736804	0.03298033259966188	4.733330804627335E-4	7.411106984975865E-4	0.0017697677576135628	2.1619317803213363E-4	0.017452618077060028	2.0250914000885102E-4	8.098756214153161E-4	0.0013830954866036161	0.0011216816555895748	4.7607704238740873E-4	0.13901622720938217	0.001115288229645054	0.017843589422833095	6.948609187838187E-4	0.24092250739520865	0.181480899108837	0.0018225833487379073	0.10190527835555925
31	31	0.0010306991566941843	7.527530883390161E-4	3.7677435549404855E-4	5.899260315868769E-4	0.1416569626966923	1.720903285179968E-4	0.0011424906465370929	1.6119779888170346E-4	6.446630879692384E-4	0.0011009475822867894	8.928614971112994E-4	3.789585562785342E-4	0.31465469143443947	8.877723135340796E-4	0.0014537048483340166	5.531110873907918E-4	5.273618092648705E-4	0.5014547414674065	0.0014507810565101106	0.030117511156730968
32	32	0.0010177233484116974	7.432764338808276E-4	0.9445715240204211	5.824992601211166E-4	0.0013910046252010285	1.6992382717217078E-4	0.0011281074586808537	1.591684271486785E-4	6.365472138250173E-4	0.013676413966971028	8.816209721394059E-4	3.741877232557831E-4	0.008549563006031954	8.765958579562314E-4	0.0014354036832570952	5.461477912802952E-4	5.207226792257287E-4	0.004158027605151566	0.014021843273341064	0.0045596988265271905
33	33	0.0014325143370419041	0.0010462117721690924	5.236587830401134E-4	8.199070432471275E-4	0.0019579329408152654	2.3917926124919348E-4	0.001587887426191289	2.2404030943255413E-4	8.959831878000129E-4	0.0015301489146608384	0.001240941051806967	5.266944883848129E-4	0.3664406327748913	0.1607168133458485	0.0020204276131795497	7.687398961356088E-4	7.329523340285736E-4	0.02357303191053416	0.03745701854076329	0.3962652840687798
34	34	7.455354574004162E-4	0.12043489089172517	2.725321347510786E-4	4.267111027840199E-4	0.0010189834704232713	1.2447807000963716E-4	8.263975780029227E-4	1.1659917827687616E-4	4.6630404908821907E-4	0.388134570473222	6.458333649744112E-4	2.7411203235780477E-4	0.1999321121337904	6.42152206625348E-4	0.0010515080971871518	4.000817550425986E-4	3.814565337831664E-4	0.02149064943538641	0.0010493932313112829	0.26156569880385777
35	35	6.104261070517284E-4	0.10616015251740853	2.2314261301893795E-4	0.08341064652237523	0.06879353622239918	1.0191958401850371E-4	0.07618687580569013	9.546854113305682E-5	3.817982935109435E-4	6.520303643973373E-4	0.008079816662668557	2.2443619434500523E-4	0.22410769245405884	5.257784425059988E-4	8.60948983617E-4	3.2757710690869187E-4	3.123272335545585E-4	0.3724941518865288	0.015961265739802298	0.04049000872500663
36	36	0.03767009468849207	1.3020730400778089E-4	6.517246333243174E-5	1.0204232878861632E-4	2.4367644910267545E-4	2.9767287666111978E-5	1.976220745476428E-4	2.788315468846306E-5	0.11258693962814671	1.9043617191894725E-4	1.544425259652403E-4	6.555027499466896E-5	0.4072914192747807	0.04867237480813422	2.5145428435541033E-4	9.567427171222971E-5	9.12202958510071E-5	0.24111706639075844	2.509485420917541E-4	0.15076600778066487
37	37	9.574547930661132E-4	6.992603493895698E-4	3.499997164344317E-4	5.480042385102241E-4	0.001308630727254473	1.5986110865594326E-4	0.0010613020671023069	1.4974263262814328E-4	5.988515266361927E-4	0.0010227111691406931	8.294122629296441E-4	3.520287018047429E-4	0.4462638401141833	0.03635608259442713	0.0013504005176496181	5.138054671732434E-4	4.898860047389002E-4	0.5013513634716728	0.0013476844986468424	0.004289678037955695
38	38	2.945723017368421E-4	0.01479067597058345	0.5649098660898486	1.6859999142367386E-4	0.06234866178085025	4.9183162563930016E-5	3.2652214497066865E-4	4.607009362828547E-5	1.8424376156176821E-4	3.1464919836162787E-4	2.551785015327376E-4	1.0830579753638048E-4	0.16280554885294812	2.537240203579288E-4	4.15466705719654E-4	1.5807833456607358E-4	1.5071922878205158E-4	0.06679344065051786	4.146310903203655E-4	0.1252118623221898
39	39	0.021039338852468645	4.031909573969793E-4	2.0180855511264125E-4	3.1597723762747575E-4	7.545516863088797E-4	9.217532998374481E-5	0.1576810429713033	8.634105375085321E-5	3.4529559780397675E-4	5.896915158801519E-4	4.78236074245205E-4	2.029784606488473E-4	0.1958522746215738	4.755101966225759E-4	0.021265909918650475	2.962583512796447E-4	2.824664768115114E-4	0.2822482693729789	7.770699479140142E-4	0.31661161282163836
40	40	1.2524964354918423E-4	0.0806576225846856	0.2618857685585137	7.168728595221333E-5	1.7118879482680145E-4	2.091226345258029E-5	1.3883444582996364E-4	1.958861295239902E-5	7.833888429329603E-5	1.337861696617944E-4	0.029546130989620993	4.605070624684998E-5	0.24120127862498772	1.0788130086340013E-4	1.7665291845540894E-4	6.721356672202393E-5	0.031051064806537125	0.01600521218185896	0.17680208515608822	0.16169345250490175
41	41	9.574547930661132E-4	6.992603493895698E-4	3.499997164344317E-4	5.480042385102241E-4	0.001308630727254473	1.5986110865594326E-4	0.0010613020671023069	1.4974263262814328E-4	5.988515266361927E-4	0.0010227111691406931	8.294122629296441E-4	3.520287018047429E-4	0.41073244225072153	0.08373127974570944	0.0013504005176496181	5.138054671732434E-4	4.898860047389002E-4	0.48950756418385216	0.0013476844986468424	0.004289678037955695
42	42	8.049215286262018E-4	5.878603495585396E-4	2.942408443838525E-4	4.607010300117938E-4	0.0011001512061114662	1.3439344486976316E-4	8.922247696420992E-4	1.2588695531991982E-4	5.034477760527063E-4	0.8571574392290521	6.97277606601889E-4	2.959465896761196E-4	0.006761884096145759	6.933032233904253E-4	0.0011352666014060977	4.3195050570395886E-4	4.1184168134378963E-4	0.003288600916183987	0.12061637732980242	0.00360628431611718
43	43	0.0011813148977879097	8.627526585573617E-4	4.318322726459925E-4	0.029902068346793164	0.0016145983967119685	1.972378336813209E-4	0.001309442442609912	1.8475358214159877E-4	7.38867500692034E-4	0.0012618287035475399	0.0010233350646970082	4.3433564999884554E-4	0.15605352548752413	0.0010175022003366357	0.001666134277077921	6.339370352859236E-4	6.044250233085426E-4	0.0048263999868379875	0.001662783232481466	0.7943929254072827
44	44	7.455354574004162E-4	5.44488771897693E-4	2.725321347510786E-4	4.267111027840199E-4	0.09324236971644441	1.2447807000963716E-4	8.263975780029227E-4	1.1659917827687616E-4	4.6630404908821907E-4	0.01001868686453533	6.458333649744112E-4	2.7411203235780477E-4	0.32904485287822	0.2404229564462803	0.0010515080971871518	4.000817550425986E-4	3.814565337831664E-4	0.2059374219274287	0.010271731855913397	0.10478594218562183
45	45	0.0029468902862801074	0.0021522097399481795	0.001077242259405765	0.0016866680066790324	0.3321073612526004	4.920265182897659E-4	0.0032665153227102043	4.6088349312113755E-4	0.0018431676978887415	0.003147738809014217	0.00255279618280651	0.0010834871467070514	0.09766244697941445	0.07544482527416517	0.004156313380922728	0.0015814097451031213	0.0015077895261525426	0.12139973394720338	0.11350782341565599	0.23192267101593164
46	46	0.0030583782344815466	0.0022336330114975456	0.0011179969253586105	0.001750478714609739	0.23117456517924198	5.106410650342489E-4	0.0033900954548898884	4.78319824309717E-4	0.0019128991655940355	0.003266825339966825	0.0026493746030899555	0.001124478071768426	0.2148544686987998	0.0026342735445679215	0.004313556714031743	0.0016412382798022746	0.0015648328308771858	0.01249536148091266	0.0043048809901618705	0.505523701871004
47	47	1.4347804394842267E-4	0.026727325418890405	5.2448716179801204E-5	8.212040587848683E-5	1.961030205885748E-4	2.395576202603772E-5	0.0037087117635323155	2.2439472005118164E-5	8.974005486163424E-5	0.0019280928626352982	0.04627002422780978	0.04974815841651727	0.34019897237181895	0.23262708697608023	2.0236237389218E-4	7.69955970077138E-5	7.341117954254334E-5	0.21001683440077154	2.019553686772423E-4	0.08760978356733645
48	48	2.754984899302705E-4	2.0120549995683974E-4	1.0070908209140964E-4	0.024013265418391237	0.05490359155464966	4.5998510166996636E-5	0.24567708447044395	4.308701514264404E-5	1.7231381833953183E-4	2.9427539010045664E-4	2.3865547242708007E-4	1.0129290329075971E-4	0.043209657407072874	2.3729517016875777E-4	0.007204445568638751	1.4784262541612386E-4	1.409600281088373E-4	0.3862228403638585	0.00720366406006069	0.22956631715174458
49	49	4.407083408500125E-4	3.21863622839891E-4	1.6110190835625415E-4	2.522417146810804E-4	6.023516522871913E-4	7.358271583412453E-5	0.25126213640181344	6.892526692433102E-5	0.19108166762547624	4.70745298665656E-4	0.022188173885712967	0.07648444436685885	0.23812107371560237	3.7959540454564236E-4	6.215779334192195E-4	2.3650030956808826E-4	0.0547414964788783	0.12173577880927143	0.033329931430151796	0.007426103118263041
50	50	8.939296527579364E-4	6.528658750722326E-4	3.2677796094755503E-4	5.11645293531363E-4	0.07862772012806418	1.4925465555681684E-4	9.90886875481477E-4	1.398075194335491E-4	5.59118969518268E-4	0.15576668507601213	7.743824790092977E-4	3.286723273454973E-4	0.051741563461264684	7.699686089886828E-4	0.0012608042432592477	4.797155397639659E-4	4.573830840669035E-4	0.0036522540030470337	0.10078015828733235	0.6011364059595468
51	51	2.9350281122749974E-4	0.025628942235352666	1.0729060154722117E-4	0.11634895972340943	4.011539762393291E-4	4.900459545062227E-5	3.253366555913983E-4	4.5902828995428085E-5	1.8357483595934725E-4	3.13506815559729E-4	2.542520363356761E-4	1.0791257651088368E-4	0.1222772489356056	0.003883458206519822	4.139582892932112E-4	1.575044066116996E-4	1.5017201920461542E-4	0.6837623496951378	4.131257077254599E-4	0.04488284304772257
52	52	0.005502352764496627	0.08175353434589436	1.504400971285648E-4	0.015507980440258555	5.624876949020863E-4	6.871297199403745E-5	0.005546989354925032	6.43637555663137E-5	0.005348214610380595	0.34661472140378674	0.005447316346563052	1.513122142813775E-4	0.18672641738770215	3.544735758382241E-4	0.005671252309830032	2.2084859146224772E-4	2.1056730812709452E-4	0.0016814030094421406	5.792741461065558E-4	0.33783733767131424
53	53	2.4172353503673234E-4	1.7653855282731437E-4	8.836257265730018E-5	0.012098916558891778	3.3038306115388416E-4	4.0359286494832447E-5	0.22751867315921573	3.780472850176869E-5	1.5118886972938136E-4	0.0481004578038877	2.0939731635384414E-4	8.887481983575842E-5	0.5372659171769747	2.0820378142491098E-4	0.006321210875863076	1.297177420237115E-4	1.2367892216748403E-4	0.03686928423773128	0.09602476143491338	0.0339745455643154
54	54	0.3496001991194895	0.016553715814328598	6.929892428846173E-5	1.0850324286302818E-4	2.5910507189382654E-4	3.165203383098493E-5	2.101347176636609E-4	2.96486050530748E-5	1.1857085779143974E-4	2.024938322843534E-4	1.6422121194332686E-4	6.970065748125398E-5	0.22437113028706893	1.6328517438592624E-4	2.6737536871471076E-4	1.0173198576092759E-4	9.699600187744124E-5	0.3712904893712322	2.6683760486405166E-4	0.036024910117184304
55	55	4.976851329017259E-4	3.6347562562656134E-4	1.8192990066029E-4	2.8485267842284166E-4	6.802264317120115E-4	0.11705485725126559	0.03133370744047743	7.783624100093235E-5	0.0741881850584268	0.01900083089430909	0.19127979198584596	1.8298456753437317E-4	0.2935320903273801	4.2867123639141137E-4	7.019383744947237E-4	2.6707615238612286E-4	2.5464281252842374E-4	0.2175076480996198	0.02532616057166227	0.026855409217353514
56	56	3.634370984580231E-4	2.6542992346933737E-4	1.3285523486149307E-4	2.0801511656655492E-4	4.96738809926807E-4	6.0681149550824744E-5	0.04536034216677983	5.6840310698700727E-5	0.2429977406055524	3.882075504398674E-4	0.004810582460399591	1.3362541070806042E-4	0.2593107872596803	3.130393496750716E-4	5.125940665241417E-4	1.9503371805505005E-4	1.8595420841473103E-4	0.32967451269602516	5.11563101853147E-4	0.11402201976236087
57	57	8.560642603012654E-4	6.252115484650895E-4	3.1293618301872684E-4	0.02166915194983953	0.001170052104441501	1.4293247339045966E-4	9.489145342524849E-4	1.3388550244327203E-4	5.354356079187714E-4	9.144102539907753E-4	7.415809085626836E-4	3.147503071661816E-4	0.007191517559344702	7.373540028295467E-4	0.001207398645475621	4.5939557708604695E-4	4.3800908754737473E-4	0.21528934162900973	0.30830306735028196	0.43800859051463426
58	58	5.839687348354314E-4	4.2649134404135994E-4	2.1347106211087877E-4	3.342375474694313E-4	7.981571931081204E-4	9.750213800930279E-5	0.043989772096755135	9.133069922471572E-5	3.6525021431466813E-4	6.237697611107118E-4	5.05873314696093E-4	2.1470857643351936E-4	0.3444217078028077	0.28222901279549206	8.236333323765669E-4	3.1337910759820934E-4	2.987902013470893E-4	0.0023858724709231107	0.23920553461126035	0.08207753699608557
59	59	6.54934975572974E-4	4.783202958126336E-4	2.394129283111793E-4	3.7485544504219423E-4	0.01709835800757016	1.0935099187019183E-4	7.259704044796609E-4	1.0242957490294155E-4	4.096368964986012E-4	0.27615406673635107	5.673490843595811E-4	2.4080083037565924E-4	0.3376676091181256	0.17879937606832655	9.23724583599754E-4	3.514622032594832E-4	3.3510039416039444E-4	0.0026758133359735667	9.218667247722451E-4	0.1811695614006355
60	60	3.34835693533851E-4	2.44541388005159E-4	1.223999280568455E-4	1.9164495346402275E-4	4.576469618338449E-4	0.008339799184503954	0.1287715011858328	5.236714945785108E-5	0.11204198867214007	3.5765678555686525E-4	0.04585147140414036	1.231094933841677E-4	0.17263266171434938	0.06655955176491478	4.7225445749526793E-4	0.062308886091732185	1.7132017233313965E-4	0.17947171969395223	0.04603271864917214	0.17546192465614108
61	61	0.004773346635102803	0.09741999593614561	1.3050830474677284E-4	0.27401678613824754	4.879637603521107E-4	5.960919768212235E-5	3.957395594853739E-4	5.583620847383988E-5	2.2330045959036602E-4	3.813497401937077E-4	3.092722173430986E-4	1.3126487519126608E-4	0.2856442878456092	3.0750940967977673E-4	5.035389287826247E-4	0.013440577692054149	1.8266926798959476E-4	0.2266914523211204	5.02526176431499E-4	0.0943424653257781
62	62	2.793059216068356E-4	2.0398619103877158E-4	1.0210089715859813E-4	1.5986219922863897E-4	3.817499415803702E-4	4.663421668113742E-5	3.095999457122994E-4	4.3682484345920846E-5	1.7469522191971795E-4	2.9834232143712426E-4	0.33883573730710526	1.0269278685708379E-4	0.23728898359063724	0.010605690449919266	0.017669127942845718	1.49885833330978E-4	1.4290811746601285E-4	0.12552252685055368	3.9314259394366055E-4	0.26728934518663167
63	63	3.916060996626497E-4	2.860026604454865E-4	0.2132880230497994	2.241377911476712E-4	5.352396569635581E-4	6.538437710257324E-5	4.3408040366156857E-4	6.124584548680101E-5	2.449347084806221E-4	4.182964406560345E-4	0.024560243776572663	1.4398234557017061E-4	0.15346000526178552	3.373021611918521E-4	5.52323810511933E-4	2.1015024045230898E-4	2.0036700320938503E-4	0.04035356528957496	5.512129386295326E-4	0.5636818961390953
64	64	2.546689701332281E-4	1.859930247607486E-4	9.309480507778272E-5	1.4576111171068725E-4	0.0034983540016152326	4.252071659215556E-5	2.8229082603855893E-4	3.98293499730951E-5	1.5928574660194919E-4	2.7202621165511826E-4	0.617674975988542	9.363448550803866E-5	0.21950852973804258	2.193540756603134E-4	3.5918678520152267E-4	1.3666473876516142E-4	1.3030251163087832E-4	0.0010404798215959954	0.009809296472933491	0.14605375061796144
65	65	6.245746417137229E-4	4.5614715738797907E-4	2.283146411455117E-4	3.5747854980082666E-4	0.008579699348544684	1.0428188921902433E-4	6.923171340421558E-4	9.768132323353903E-5	3.906476633646024E-4	6.671432078763055E-4	5.410489045580244E-4	2.296382052655954E-4	0.5692479718918526	0.03144213614602468	8.809041696685064E-4	0.10077372594683436	3.195663942634189E-4	0.26523722736402083	8.791324342217456E-4	0.018250362986961813
66	66	4.7155724181287067E-4	3.443935776970734E-4	1.723787923068144E-4	2.698982438493051E-4	0.01814412794876036	7.87333919229113E-5	5.227031909155678E-4	7.374992880635083E-5	2.9494110447937394E-4	5.036967401320435E-4	4.084948572667154E-4	1.7337809039569713E-4	0.1556247084164174	0.16373588422703914	6.650874255966627E-4	2.530549647703919E-4	2.4127436080572341E-4	0.4102508965179922	6.637497557255257E-4	0.2471072912233079
67	67	0.030103821997421946	0.01512127714600287	1.100884542098783E-4	0.00389770171525794	4.116150017566734E-4	5.028250456742049E-5	3.3382056764874417E-4	4.709985231784677E-5	0.003913695154931486	0.0785536789536149	2.608822511596156E-4	1.1072664862131251E-4	0.4085912348321504	0.20142738681656583	4.2475321713615236E-4	1.6161170135200193E-4	1.5408810484239898E-4	0.13161707158200978	0.007874565278030496	0.11683459822040235
68	68	3.4336898992240775E-4	2.507735316607341E-4	1.2551929341787888E-4	0.2380567726199289	4.693101066002672E-4	5.733048474412641E-5	0.0343606462085289	5.370172762850992E-5	2.147642325295275E-4	3.667716780712341E-4	0.03002997995027513	1.2624694203608678E-4	0.2704773052996662	2.957540816827526E-4	4.842898746698613E-4	1.842644326996493E-4	1.756862713963194E-4	0.40066828299510154	4.8331583734888587E-4	0.02277591544209108
69	69	2.4100290232709218E-4	0.1164438620976381	0.020956687577727746	1.379392666107761E-4	3.293981142783457E-4	4.023896630349694E-5	0.012192050188408814	3.7692024027488594E-5	1.507381414010704E-4	2.574287180869763E-4	2.0877305543753525E-4	8.860986383043071E-5	0.04674299082367904	0.006170036916978689	3.3991207356679127E-4	0.27738343450362996	1.2331020723538864E-4	0.19774562216840644	0.006301682257145597	0.3141085901332802
70	70	6.294377043485296E-4	4.596988100631185E-4	2.3009234444337144E-4	0.04707745771730855	8.603033028486025E-4	1.050938487913128E-4	6.977076532229522E-4	9.844188948360659E-5	3.9368932392557296E-4	0.00845853701256351	5.452616191570992E-4	2.3142621409747344E-4	0.30116327473417376	5.421537054588599E-4	8.877630650930888E-4	0.023696377313601493	3.220546018970466E-4	0.07264743490883996	8.859775345610418E-4	0.540067816696121
71	71	0.02468655171031547	0.4278893422742019	3.632914731583706E-5	5.6881550971972466E-5	0.001365191299143272	1.6593207061991392E-5	1.1016065822894783E-4	0.05410731727375924	6.215937987925727E-5	1.0615501379191716E-4	8.609104199425162E-5	3.653975122480771E-5	0.30079834802950534	8.560033529620227E-5	1.4016839739430532E-4	5.333179894766034E-5	0.01357379260018622	0.16514007498968528	1.398864810102875E-4	0.01150948506008581
72	72	5.92529294922738E-4	4.3274339926210924E-4	2.1660039377726726E-4	3.391372286301914E-4	8.098576013716613E-4	9.893144896600103E-5	6.567960911306977E-4	9.266954134397616E-5	3.7060451878342276E-4	0.015292191878334497	0.044491123360771614	2.1785604916651967E-4	0.4814041843275502	0.02982891958333473	8.357072024506302E-4	3.1797301908810614E-4	0.1762145074838854	0.08304687720452167	0.16208608550133194	0.0026547048713765546
73	73	0.023799426477609138	6.752671631515026E-4	3.379904435119604E-4	5.292009876676672E-4	0.0012637286807087433	1.5437591654465845E-4	0.0010248864199501975	1.4460462805579493E-4	5.783035916359083E-4	0.4356092775525866	0.27529884246755826	3.3994980985710204E-4	0.22507811295176647	7.963879537278178E-4	0.001304065256191945	4.961756526488156E-4	4.7307692045808276E-4	0.003777571004876654	0.0013014424298745783	0.027017313691618024
74	74	0.00682209196878626	3.7265242791984567E-4	1.8652315151918431E-4	0.15808808438306976	6.974003576602149E-4	0.006397035373987982	5.6559304757846E-4	7.980140109574392E-5	3.1914218439426365E-4	5.450270426082705E-4	4.420134700859896E-4	1.8760444595425466E-4	0.3198785273494622	4.394940561565623E-4	0.019655185260782335	0.252747483001392	2.610718729143878E-4	0.166192569010478	0.019653737829826837	0.04646896236432744
75	75	2.3746324326150964E-4	1.734271232989251E-4	8.680521357982264E-5	1.359133243053346E-4	3.24560176601526E-4	3.964796835081447E-5	0.038449952296502034	3.713843353849117E-5	0.006023406275012897	2.5364780969575225E-4	2.0570676274481956E-4	8.730843258301058E-5	0.4337986825993523	0.06482823687523219	3.3491971521307863E-4	1.2743151271898078E-4	0.00893382220835128	0.009782506898340345	0.3910139028000184	0.04512552033129853
76	76	8.383095521459592E-4	6.122447081318436E-4	3.0644591019881294E-4	4.798108392025894E-4	0.06336555891550781	1.399680646788162E-4	9.292341184224255E-4	1.311087272263388E-4	5.243307138174674E-4	0.35347416254034114	7.262005764828889E-4	3.082224095483533E-4	0.04852221509681812	7.220613364556716E-4	0.0011823572886854338	4.4986774748581246E-4	4.2892481212622956E-4	0.013794973853070923	0.23968911139627724	0.273374891393376
77	77	4.073940925970723E-4	2.97533144741388E-4	1.4892381125318791E-4	2.331741311485674E-4	5.56818380915108E-4	6.802041388700108E-5	4.515807907900733E-4	6.37150332155962E-5	2.5480949707614754E-4	0.045790664562045016	3.5291238676975797E-4	1.497871383364266E-4	0.38138491934000035	0.2372074221459906	0.04089059492643347	2.1862265830863568E-4	0.05060344953400449	0.07221746249453902	0.13160044742977672	0.037101748088171356
78	78	0.40362530475680086	2.3575309708073102E-4	1.1800113820099532E-4	1.8475764649738053E-4	4.4120011545710166E-4	5.3896594453407784E-5	3.5781415244832797E-4	5.0485186866271746E-5	2.0190062573868594E-4	3.4480337081096063E-4	2.7963334387985504E-4	1.1868520327833014E-4	0.34212475520684466	2.7803947358091103E-4	4.5528264917814673E-4	1.7322765446210043E-4	1.6516329423586228E-4	0.04524288189544531	0.004447461035742706	0.20110095355899738
79	79	4.136478278449864E-4	3.0210045081799385E-4	0.11783898306513077	2.3675348909548726E-4	5.653658655220075E-4	6.906456663156128E-5	4.585128174442691E-4	0.02053213191102684	2.5872097041934204E-4	0.18976564948703964	3.5832979628224777E-4	1.5208645765332486E-4	0.3053696434555974	0.06687546351664266	5.834116084558977E-4	2.219786427205393E-4	2.1164475150098523E-4	0.19101381555291486	5.822382106422148E-4	0.10419045755661693
80	80	0.029183253096493045	1.7091683271512273E-4	8.554874166165105E-5	1.3394603146366714E-4	3.198622934809271E-4	3.907407933204551E-5	2.594089426370164E-4	0.26057964424619484	1.4637438872177632E-4	2.4997635567997035E-4	2.027292368554422E-4	8.604467676425144E-5	0.4275196143228287	0.0030964964132218307	3.3007188177482214E-4	1.2558699082198328E-4	1.1974047204954724E-4	0.165966734917998	0.009014176130927873	0.1023707999483775
81	81	0.0019993925953058055	0.001460221385788098	7.308823836550719E-4	0.0011443627674208958	0.0027327312004814153	3.33827893743699E-4	0.0022162503229544894	3.1269811697274955E-4	0.025983204726286003	0.5957195217799602	0.0017320094368600163	7.351193861274213E-4	0.09099422952587416	0.0017221372293449923	0.0028199564253466917	0.0010729476252388315	0.0010229981169996274	0.0823667342677113	0.002814284733772127	0.1820864900801564
82	82	4.6611930364897085E-4	3.4042207474154444E-4	0.10395724677935442	2.667858116131778E-4	0.058296447219768	7.782544845656796E-5	5.166754441687583E-4	7.289945400312408E-5	2.91539881158139E-4	4.97888173359395E-4	4.037841465043325E-4	1.7137871629866868E-4	0.17112787336962876	0.02346522837592039	0.11021020999473205	2.5013676708733027E-4	2.3849201554992382E-4	0.019202194161789057	0.1505704427985644	0.359576410063653
83	83	0.006533426305313128	0.08498361305802252	1.7863072943916298E-4	2.7968707477273903E-4	6.678910021910299E-4	8.158894166851155E-5	0.006586427246286259	7.64247353312267E-5	0.1332904977604056	5.219651147443302E-4	0.15758723532234856	1.7966627066877413E-4	0.5239549790203342	4.2089758400499973E-4	6.892092141107915E-4	2.622329135748901E-4	2.500250436201159E-4	0.0624441407817439	6.878230288287604E-4	0.02032363885259049
84	84	0.0010716908108241382	7.826906254389936E-4	3.917589452893722E-4	6.133878183672464E-4	0.5449980266914215	1.7893448588428924E-4	0.0011879283294200058	1.6760875243236137E-4	6.703018072412517E-4	0.0011447330673288612	9.283712473985976E-4	3.940300133255932E-4	0.04877365248318656	9.23079663293885E-4	0.0015115197460788352	5.751087170992377E-4	5.483353714787632E-4	0.004378517975978878	0.00150847967293034	0.3892518437755812
85	85	0.03991871616688256	2.9165398321872514E-4	1.459811235009072E-4	2.2856668352749465E-4	0.005485737331239811	6.667635186517943E-5	4.4265769614831743E-4	6.245604416406748E-5	2.4977454141727036E-4	4.26561846989535E-4	3.459389488122111E-4	1.468273915120426E-4	0.5121666752662324	0.04974318221304865	0.03020276659582608	2.143027432221078E-4	0.05948338427274952	0.0016315670161154447	0.25249810157521374	0.046248472208313934
86	86	0.029312766289897863	5.3945961198441606E-5	2.700148970082451E-5	4.227697940125052E-5	1.0095716494891427E-4	9.26048500466072E-4	0.0019093077920734737	0.3097611634669404	4.619970408410153E-5	7.88992784959696E-5	6.398681377054156E-5	2.715802019215662E-5	0.4026554089453073	6.362209803035877E-5	1.0417958631727956E-4	3.9638640772169587E-5	3.779332179548643E-5	0.21776611265152945	0.011068558061819346	0.025914975233258725
87	87	4.3130317034460616E-4	3.149947211838472E-4	1.576638274841869E-4	2.4685861634766575E-4	5.894968468096105E-4	7.20123847908409E-5	4.780830902403778E-4	6.745433064410618E-5	2.697637150854623E-4	4.6069910850272527E-4	0.1177492963153488	1.5857782136581512E-4	0.12099890998923955	3.71494447128012E-4	6.083128192738182E-4	2.3145314905422302E-4	2.2067818604230502E-4	0.10313203825026372	0.6088264819804714	0.04461442723037885
88	88	0.1614151288466517	1.699329472209231E-4	8.505627895548669E-5	1.3317496898100124E-4	3.1802100104823933E-4	3.884914876644064E-5	2.579156508899616E-4	3.6390175575283244E-5	0.014536821957808501	2.485373627713178E-4	0.06352323899541934	8.554935919969916E-5	0.14586756138584636	2.004133467361348E-4	3.2817181768305E-4	1.2486404729110308E-4	1.1905118409793553E-4	0.4442023741481056	3.275117758055825E-4	0.16798143560114634
89	89	5.636117976304959E-4	4.1162401126960605E-4	2.060295387086256E-4	3.2258614841416456E-4	7.703337243322647E-4	9.410324902364215E-5	6.247421499170338E-4	8.814694434522832E-5	3.525177249991429E-4	6.020253746396676E-4	0.2654214681021559	2.072239137331267E-4	0.5694608136255487	0.007457382951957437	7.949217746733852E-4	0.014246309002299501	2.883744838549759E-4	0.13476931649977408	7.933229729715827E-4	0.0025251460097514204
90	90	0.018344324829517127	5.204881806379612E-4	2.605191554044048E-4	0.04448703186450494	9.740675657503148E-4	1.1899118500246033E-4	7.899706918826574E-4	1.1145958796119245E-4	4.4574977237481954E-4	7.612459024866048E-4	0.07114397329754335	2.620294124994284E-4	0.3233566680561383	0.2121936698120571	0.0010051585352688593	3.8244649942513703E-4	3.6464226171144763E-4	0.2056757055355183	0.001003136890840476	0.11779872096347514
91	91	0.0015129439213503778	0.0011049521112765886	5.53059995405198E-4	8.659413348104008E-4	0.0020678625439345065	2.5260815899914857E-4	0.0016770405483031003	2.3661921945813318E-4	9.462888311563963E-4	0.13262279799908525	0.0013106146113430312	5.562661426872966E-4	0.38701471500619283	0.0013031442944151641	0.002133866026221163	8.11901370117923E-4	0.056919849231845066	0.08104230208616661	0.11442106373347447	0.21264616283375734
92	92	0.0017793520429871166	0.0012995186198627143	6.504460732690849E-4	0.13308286108254685	0.002431984021511057	2.970888989653808E-4	0.001972343775393834	2.7828453230246427E-4	0.0011129169701618326	0.04592210561338324	0.001541395390372779	6.54216777943603E-4	0.0589692379675598	0.0015326096558192486	0.002509609787670455	9.548657694687956E-4	9.10413389410823E-4	0.007269750591425293	0.0025045622867373774	0.7343264367532083
93	93	0.0015717762881973664	0.0011479193006360968	5.745662971781222E-4	8.996143464525409E-4	0.0021482734871671656	2.6243108479901274E-4	0.001742253979787712	2.4582039904302085E-4	0.11764114477468741	0.1377799707098835	0.001361579196693118	5.778971187659923E-4	0.5964942743281887	0.0013538183888754292	0.002216843582153916	8.434729826385752E-4	8.042063309355403E-4	0.04530769511390327	0.0022123849128801577	0.08481405737713342
