0	0	4.253906059023661E-4	4.764563790824252E-4	1.535881755190647E-4	0.026640472846642158	0.00147695420781565	3.799370410086585E-4	2.4251122383637752E-4	6.614744656867227E-4	0.11776493166312527	0.0550824861136095	0.0012928506441715483	0.19901586319104078	3.147406470414399E-4	3.817815740060924E-4	3.7518049398622266E-4	5.95297436988008E-4	0.10522070140871867	0.4887620431480536	4.1345075549319865E-4	3.2388797827227517E-4
1	1	0.2278274817531429	0.001969040355787111	6.347303321894125E-4	0.013209551548677359	0.006103774797682987	0.0015701570998905036	0.0010022205755430558	0.19650750014466714	0.0022498340409481867	0.0015686479308857706	0.00534293422050867	0.2411467763189865	0.0013007214570715825	0.0015777799591258504	0.001550499827047579	0.002460172071540766	0.014999861154075934	0.27593113352957904	0.0017086584594891974	0.0013385244231604266
2	2	4.2874108976951176E-4	4.802090698785184E-4	1.5479787478632842E-4	0.0898603207664234	0.0014885870722398708	3.8292952111698215E-4	2.444213034944413E-4	0.07155295783511091	5.486889636413156E-4	3.825614653572704E-4	0.04068429647877992	0.24784087802121937	3.172196238820553E-4	3.847885821222389E-4	0.07914066154304181	0.1029912699925029	0.12180195143864975	0.03578900547304246	0.20519927488313663	3.264390018043105E-4
3	3	7.359621519935924E-4	8.24310309666446E-4	2.657206873104381E-4	0.04609029784461578	0.002555257173284821	0.027697530161861706	4.1956517069439926E-4	0.0011444074328414884	0.2848640294837075	6.56691803124162E-4	0.17799808493812475	0.14151292531017404	5.445282540386851E-4	6.60514794869526E-4	6.490943615324996E-4	0.0010299155099408072	0.3037217474925318	0.007353758010810156	7.153051890054881E-4	5.603539198720036E-4
4	4	3.260264292765307E-4	0.5693503266748172	1.1771252996374457E-4	0.0024497485839660472	0.29460851979369446	0.06018436507112343	1.8586463186966176E-4	5.069650225302347E-4	4.172380671411428E-4	2.9091018217143464E-4	9.9086221759174E-4	0.008785444666167921	2.4122246208384068E-4	2.9260374255972145E-4	2.875445651392856E-4	0.024413515851762928	0.014760401550594635	0.015236301798358035	0.0063061930304433534	2.482331287445976E-4
5	5	5.338618617243547E-4	5.979490050745703E-4	1.927519512273244E-4	0.21977398492478695	0.0018535659041964208	4.768179955940977E-4	3.043496768615879E-4	8.301452472969912E-4	0.4714379169339626	4.7635969817920866E-4	0.001622517381089903	0.07323032996915775	3.9499703439251836E-4	4.791328699856777E-4	4.7084856652457134E-4	0.010554483134941218	0.19089548919482163	0.005334365268223302	5.18877443451584E-4	0.020021255938507763
6	6	1.245747087646402E-4	0.18322100147666648	4.4977961359521185E-5	0.09018826674070603	0.016452151633639688	1.1126373167586101E-4	7.101888161702154E-5	0.1558129627785783	0.00473646348512622	0.5424900183832727	3.786084841535338E-4	0.0033569186801338715	9.217111026325959E-5	1.1180389913083963E-4	1.0987078728117153E-4	1.743315527238947E-4	0.0010629130847726387	0.0012447545842415697	1.2107814968040695E-4	9.484988621233764E-5
7	7	2.2497011897105153E-4	2.519765288641355E-4	0.033144004894838666	0.22899702115175463	0.0049139425779721295	2.0093175573520996E-4	1.2825337024674927E-4	0.004482671712890229	2.879094735119731E-4	2.0073862857752407E-4	6.837310443518096E-4	0.05152359809348608	1.6645229073579933E-4	0.024998991466119395	1.9841623015782005E-4	0.3226769211129878	0.12590494140213832	0.19649173520594232	0.004351503034466979	1.712899062513167E-4
8	8	2.9915079307115625E-4	0.269619197003976	1.0800902482417652E-4	0.013238995384555127	0.27032278498823964	2.6718612390075916E-4	1.7054308189391425E-4	4.651739090165032E-4	3.828434981842568E-4	2.6692931582931594E-4	0.006404776150230425	0.3597792796816723	2.213375492259593E-4	0.011259672445896334	2.638411397983869E-4	0.038887797832584135	0.008048049219118	0.013980313732738225	2.9075423783581756E-4	0.005723364887409455
9	9	0.047719480004600155	7.175895730899967E-4	2.3131870647770386E-4	0.3696747421368476	0.049303236900933765	5.722220774618159E-4	3.652454520966197E-4	9.962447776566622E-4	8.199209550085544E-4	0.024111072303978628	0.0019471586120997106	0.26442811502382907	4.740299772656926E-4	5.750001232689223E-4	5.650582557625755E-4	0.11859357685795557	0.05254529275412825	0.0652501917753724	6.22696985817405E-4	4.878067463489171E-4
10	10	0.25567343755936506	1.1291352641086732E-4	3.639825863233684E-5	0.14335961175802286	3.500175782576389E-4	9.00397874764867E-5	5.747178268515416E-5	1.5676023625766405E-4	1.2901548444959216E-4	0.027869586496107022	0.005862314247834094	0.01938435470491102	7.458915007230719E-5	9.047691610875009E-5	8.891255207483952E-5	0.03162466155331387	0.1619820315694723	0.3528826678272892	9.798207107622363E-5	7.675694018251829E-5
11	11	0.02352187881171507	1.2973172523516617E-4	4.1819691918455305E-5	0.18173526485548763	0.023808203365776957	1.0345099777176114E-4	6.603206681328136E-5	0.01720269221301358	1.4823203128731138E-4	1.0335156502114227E-4	0.00886331475296268	0.05206112792818166	8.569902499984104E-5	1.0395323566491545E-4	1.021558633618259E-4	0.004417736041743136	0.06907860895237528	0.016052110265742603	1.1257626545626834E-4	0.6022620603454715
12	12	0.0011349080922184295	0.0012711474882307185	4.097609605080409E-4	0.09192364911345784	0.003940395624699709	0.0010136416187648903	6.470005368404138E-4	0.001764760936154815	0.08484841708953153	0.0010126673490481505	0.0034492220508434562	0.21822340137053278	8.397028573766345E-4	0.2512065580727357	0.0010009515319790556	0.04328620515104268	0.009683415463666932	0.28237703396045366	0.0011030535268819499	8.641072050327274E-4
13	13	0.4264338145144339	6.038714071956255E-4	1.9466106815050393E-4	0.004051146264564114	0.0018719245979133866	4.815406523499386E-4	3.0736411648184074E-4	8.38367443390055E-4	6.899860859991904E-4	0.07971729456054122	0.1303974398587911	0.09376469594258048	3.989092932213545E-4	4.838784544776471E-4	4.7551209890846273E-4	7.544932060017782E-4	0.25221338129812193	0.005387199633546928	5.240166791482503E-4	4.105028241823355E-4
14	14	3.654217087100801E-4	0.6314345221943518	1.3193627869798744E-4	0.3383974830449868	0.0012687424753108202	0.007039410302530653	2.083235138859677E-4	5.682239479797242E-4	4.676548701034498E-4	3.2606220325800674E-4	0.001110592676342567	0.0031339961265076043	2.703704864342879E-4	3.2796040437091894E-4	3.222899031733762E-4	5.113761413546983E-4	0.00983093465085146	0.0036513057233601913	3.551650634581111E-4	2.782282843313954E-4
15	15	4.15646153379143E-4	0.6113207507145855	1.5006992038200253E-4	0.010758837447882056	0.2839636554707352	3.7123379649278763E-4	2.369560021783687E-4	6.46322023585808E-4	5.319304880754606E-4	0.008006567089113011	0.001263235223551189	0.04174319067914341	3.075308609068402E-4	3.730360766431403E-4	3.665862080274791E-4	5.816609167371179E-4	0.0035464320121092454	0.034695910452931376	4.0397980996291846E-4	3.164686535779229E-4
16	16	1.8026873013795392E-4	0.2320176743155834	6.508640524934773E-5	0.011289492865390311	0.381466078090265	1.6100677110561843E-4	1.0276952466415929E-4	0.010215275887551771	2.3070208355701116E-4	1.6085201816495938E-4	5.478742140731049E-4	0.04790920653900052	1.3337834916359338E-4	1.6178843298656105E-4	1.5899107851702194E-4	2.522705286182013E-4	0.004849766894895252	0.19056551712931188	1.752089529791895E-4	0.11935679118878517
17	17	3.165469289688365E-4	3.5454662489836284E-4	1.1428993638295139E-4	0.10705163251993972	0.0010990494670654511	2.8272345901404587E-4	1.8046045700289504E-4	4.922245761874956E-4	0.4830644585655471	2.8245171710918515E-4	0.16960206661569768	0.04923621068112131	2.3420871044223067E-4	2.8409603576496126E-4	2.791839583020967E-4	4.429801055475665E-4	0.17134089885502865	0.014793293150543316	3.0766209952754717E-4	2.4101553590853212E-4
18	18	0.014478468549088007	0.005029149872202803	0.052234776067923525	0.0019388131995687237	0.06251778084665388	2.3045758210989896E-4	1.4709950399011083E-4	0.10468445797032754	0.3274003430389055	0.014450676373249108	0.08136669661272707	0.006953095592883535	1.9091154765092346E-4	2.315764164661966E-4	2.2757241375918368E-4	3.6108826767788026E-4	0.15388627985785555	0.002578226772406201	0.17089606949015415	1.964600244001768E-4
19	19	0.04920901846960151	2.488906476880954E-4	8.023118623323085E-5	0.2466037312547053	0.0620050337342255	1.984710046268149E-4	1.2668268958537093E-4	0.17588158599665027	2.843835323113415E-4	1.9828024263965967E-4	0.09456673095517451	0.09987940749211244	1.6441379932151642E-4	1.9943454931331385E-4	1.9598628593870993E-4	3.1097068097681334E-4	0.13252748849507218	0.13693408895972625	2.159778540902536E-4	1.6919217000687623E-4
20	20	3.654217087100801E-4	4.092885497572034E-4	1.3193627869798744E-4	0.23098893263739623	0.2899292216957105	3.2637590205624123E-4	2.083235138859677E-4	5.682239479797242E-4	0.034032826872475504	3.2606220325800674E-4	0.001110592676342567	0.22466413134216318	2.703704864342879E-4	3.2796040437091894E-4	3.222899031733762E-4	5.113761413546983E-4	0.04339610665322352	0.17147716573522048	3.551650634581111E-4	2.782282843313954E-4
21	21	6.855052984218011E-4	2.0343665483106445E-5	6.557885678722239E-6	0.0034731881638080924	0.0360995325009928	1.622249676204734E-5	1.0354709119704167E-5	2.8243540954290128E-5	0.019042492670252112	1.6206904380052973E-5	0.08380662695651432	0.004159827301474872	0.003683819926174711	1.6301254364883122E-5	1.6019402406032097E-5	2.541792376535606E-5	0.25841634142122993	0.01586402570606161	0.5745991429501585	1.3829321997241912E-5
22	22	1.6854716324545452E-4	0.18287171841289324	6.0854308799016506E-5	0.038422307961313365	0.13372699731297194	1.5053766958027018E-4	9.60871685120998E-5	0.10244068019560497	2.1570120180351428E-4	1.503929790999411E-4	0.1955804719715639	0.10362411733663177	1.2470572335358308E-4	0.04659608327719624	1.486530428481529E-4	2.3586720745461667E-4	0.05407555751603099	0.14101857310920848	1.638163866647838E-4	1.2833005522370835E-4
23	23	3.945571409734648E-4	4.4192152840459657E-4	1.4245568797079024E-4	0.5755781130634507	0.0013699005607994556	3.5239817374975213E-4	2.2493335255461237E-4	6.135290022558815E-4	5.049414528810241E-4	3.52059463437781E-4	0.0011991413228036945	0.22808028104088499	2.9192739125346586E-4	0.007602380246141516	3.4798639415697745E-4	5.521486640932738E-4	0.17732500317167554	0.003942427920099389	3.8348272330714425E-4	3.004116991058212E-4
24	24	0.03826240285479759	5.753772113050028E-4	1.8547581688332237E-4	0.3058495380630715	0.04896946318897939	4.5881873918455433E-4	2.928608741682921E-4	0.10460771569622063	0.01009460188955635	4.5837774189834885E-4	0.14311887039803894	0.19314923482026786	3.800864123758686E-4	4.610462300920483E-4	4.5307464826382644E-4	0.12340214592789348	0.00438313935792567	0.02400734673871751	4.992904978326863E-4	3.911328925271411E-4
25	25	3.703946528021047E-4	0.2930036550011315	0.02054690362179389	0.0027831295095433225	0.1237650396209533	3.3081748030740503E-4	2.1115854301235977E-4	0.007380347400427174	4.740190829237467E-4	3.3049951245085193E-4	0.0011257064891151008	0.40463569239997954	2.7404989923632793E-4	3.3242354576744804E-4	3.2667587595962034E-4	0.04134467904967525	0.0031603310727941615	0.09896246418283208	3.599984271087059E-4	2.820146321859989E-4
26	26	4.1884431880055684E-4	4.691242466712128E-4	1.5122462475315607E-4	0.04161939064505157	0.001454225529404718	3.7409023358850264E-4	2.3877924650867786E-4	6.512951112232746E-4	0.008230465881926647	3.737306737804144E-4	0.008967397599628724	0.01898105380306364	3.098971394285441E-4	3.759063812798146E-4	3.694068845210524E-4	5.861364732069011E-4	0.21901810941778074	0.6966849298765746	4.0708820937590236E-4	3.1890370343127996E-4
27	27	2.7086778222658255E-4	0.46307299176435285	9.779738410261109E-5	0.04184342718609384	0.14026893575459182	2.4192519123792213E-4	1.5441920073968552E-4	4.2119435416305154E-4	3.4664781673625773E-4	0.005217709951228945	8.232236017391754E-4	0.29590808555397513	2.0041133926742465E-4	0.025123186140564236	2.3889645641127824E-4	3.7905608230361164E-4	0.002311134521822791	0.02261058893559633	2.632650736674974E-4	2.0623590917895904E-4
28	28	1.2749239570317744E-4	0.3233551100730759	4.603139838283098E-5	0.2562488572312151	0.0777325539226153	1.1386965979612578E-4	7.26822277756306E-5	0.0634354399589923	0.03061069736454174	1.1376021306550515E-4	0.11749338642258196	0.09712027006796524	9.432986662072917E-5	1.1442247861142982E-4	1.1244409099711864E-4	1.7841460376532566E-4	0.0010878077656833577	0.031721444932870234	1.2391394307192282E-4	9.707138266910507E-5
29	29	2.1604145536518828E-4	2.4197602891733828E-4	7.800222314650357E-5	0.00956097024209452	0.016625382984156736	1.9295713198117255E-4	1.2316322225514506E-4	3.359404374968004E-4	2.76482858947839E-4	1.9277166969663525E-4	6.565949761493991E-4	0.04154107416282104	0.059692176300365885	0.12322737633093267	0.0835358037298385	3.0233136998698444E-4	0.3114114550268125	0.35141503052383244	2.0997761045782987E-4	1.6449171474484977E-4
30	30	7.564157912391861E-4	8.472192943943563E-4	2.731055169020368E-4	0.06126707550550003	0.04431382192222367	6.755917350031942E-4	4.312255999952174E-4	0.015072062396907447	0.20940578547857422	6.749423846252023E-4	0.09956985467560846	0.0759665603776448	5.596616198469275E-4	6.788716238097679E-4	6.67133797217027E-4	0.16780873784661623	0.2565792913988981	0.06314153119102336	7.351847361354428E-4	5.759271078353653E-4
31	31	2.69526613139937E-4	0.12408636028485658	9.731315217500774E-5	0.04163624451357375	0.644615083363677	2.407273278925587E-4	1.5365461273031004E-4	4.19108861223915E-4	0.005296310572081095	0.005191875091017266	8.191475095698748E-4	0.0122143214452975	1.994190267427337E-4	2.4189602020669343E-4	2.3771358948035637E-4	3.771792319247604E-4	0.03200796605924299	0.12647759727958038	0.005213340688587011	2.0521475700030798E-4
32	32	6.807400937346666E-4	0.12581884080793226	2.457826466985527E-4	0.16768834797492846	0.002363526443508243	0.07564183108296536	3.880835894245734E-4	0.051081090824057734	8.711891289476478E-4	6.074177026666194E-4	0.002068910917370516	0.38100743198613374	5.036702141426101E-4	6.109538407031154E-4	6.003903262081396E-4	9.526370056893852E-4	0.030819578515183965	0.15686963537825738	6.616331017749522E-4	5.183084196720713E-4
33	33	3.582077263417367E-4	4.012085689811958E-4	1.293316551477559E-4	0.20668733192785116	0.0012436955620358286	3.1993274351703715E-4	2.0421088970337694E-4	0.4348705906744345	4.584226490640785E-4	3.1962523761196003E-4	0.0010886678815244708	0.31893655122936515	2.6503296029512565E-4	3.214859653371842E-4	3.159274084896451E-4	5.012807956776544E-4	0.016217365846880313	0.00357922337444137	3.4815356292443273E-4	0.013433753340375922
34	34	8.784893535077756E-4	0.017122367760002675	3.1718043404359867E-4	0.2325388203921144	0.003050110954923987	7.84621571088383E-4	5.00818601281702E-4	0.3241344476160989	0.0011242622282954962	7.838674258148851E-4	0.0026699121015405043	0.29802583192270926	6.499821662858108E-4	7.884307821474805E-4	7.747986557237968E-4	0.033506211330834076	0.03977240631831954	0.04105473579669829	8.53831941422525E-4	6.688726471469286E-4
35	35	0.03270656705457783	4.918304115566925E-4	1.5854407432063175E-4	0.003299505343082851	0.0015246117541322574	3.9219664055036946E-4	2.503364426692432E-4	6.828185600526144E-4	0.008628830103612931	0.38760122181954226	0.0013345676379205864	0.2619056354536504	0.08906038451604505	3.941006919244007E-4	3.8728661188386555E-4	6.145061673774032E-4	0.1812176680507801	0.028588257891698592	4.267917571473358E-4	3.343390174745887E-4
36	36	1.3923190891540856E-4	1.5594592417914188E-4	5.026997438975475E-5	0.0036039632831938754	4.834125410423743E-4	1.243547900525303E-4	7.93748149574804E-5	0.9798465114312903	1.7818448856783708E-4	1.2423526545543716E-4	4.231547679542189E-4	0.0011941060227851573	1.0301577066539253E-4	1.2495851248252004E-4	1.2279795472849956E-4	1.9484303925440655E-4	0.0011879732192162787	0.011622332613080117	1.3532395198931146E-4	1.0600972579998955E-4
37	37	1.385232845477526E-4	0.24699714484154825	5.001412406714181E-5	0.2911438183941654	0.12008480428901228	1.237218831624904E-4	7.897083480310911E-5	0.015483977988665605	1.7727761404804434E-4	1.236029668888965E-4	0.00805528954210092	0.13606045754043072	1.0249146926124594E-4	1.2432253293170488E-4	1.2217297139172867E-4	1.9385138061408933E-4	0.024084792292619558	0.12353274411077572	0.03321655175238086	1.0547018658447796E-4
38	38	0.01141581333352179	3.387858390145561E-4	1.0920936562156855E-4	0.0022727868381528177	0.11218357280015624	2.70155453598321E-4	1.724383848025691E-4	4.703435438852911E-4	3.870981673717151E-4	0.1280732825222166	9.192856039616483E-4	0.2859842625776768	2.237973482174156E-4	2.7146701471190954E-4	2.667732955570928E-4	4.232881550281595E-4	0.13594087664082682	0.3197524760402537	2.9398548794901027E-4	2.303015874758986E-4
39	39	0.005580084216947875	3.226501007351418E-4	0.20120058543885944	0.240305222131357	0.006292189494539372	2.572884527027149E-4	1.6422546582522176E-4	4.4794195724394626E-4	3.6866140290918827E-4	2.570411578567904E-4	0.17021998806923813	0.018346635514309758	2.131382975057121E-4	2.5853754660419125E-4	2.540673805472829E-4	4.0312772888349683E-4	0.3305628434861453	0.024046455898904393	2.799835069178984E-4	2.1933275196714798E-4
40	40	0.13958003144954934	2.1246304812967218E-4	6.84885613039728E-5	0.0014253347211546238	0.11565563879608537	1.694228168075448E-4	0.0035928999248910835	2.949669422212409E-4	2.4276119924147998E-4	1.692599747175155E-4	0.031939338814433615	0.0016268678179719154	1.4035021919427636E-4	0.0036550038328461605	1.673017611908584E-4	0.0037502155522496014	0.3117620185047995	0.3852188394686918	1.843673662902187E-4	1.4442922823031405E-4
41	41	0.010794431053084228	2.1546644218942994E-4	6.945672089686428E-5	0.35838143376210796	6.679185806004137E-4	1.7181779083275337E-4	0.02484780530105885	0.003833155928584306	0.014382270133839836	1.7165264679436094E-4	0.06419700957297368	0.01931996190152947	1.423342207339536E-4	1.7265193846915084E-4	0.04964593710417954	0.046211460619578544	0.28436293668203166	0.12207885511193696	1.869735976212842E-4	1.464708909568018E-4
42	42	7.165855312068864E-4	8.026076334653497E-4	2.587247175051293E-4	0.03171267721837661	0.002487981635914957	6.400173924359052E-4	0.10572165602100048	0.0011142771485713127	9.170629591151161E-4	6.394022346206639E-4	0.08116270562816083	0.2562644122191904	5.301917593458893E-4	6.431245735524017E-4	6.320048206313341E-4	0.0010027996015691445	0.08509900040745189	0.11247328346048951	6.964724306135279E-4	0.31648501260678275
43	43	2.3167238522672252E-4	0.08537893054585943	8.364580334265515E-5	0.005996748709337374	0.600896468071483	2.0691787572446114E-4	1.3207426983782551E-4	3.6024624217345115E-4	2.964868168402024E-4	2.0671899495986102E-4	0.017727990063532602	0.0062428832092080505	1.7141120517510423E-4	2.0792242860648457E-4	2.0432740809579026E-4	0.00458017786625401	0.001976706283963368	0.2746971090665215	2.251698118620043E-4	1.7639294199604588E-4
44	44	5.137092738915901E-4	5.753772113050028E-4	1.8547581688332237E-4	0.23978932429648603	0.0017835962128468952	4.5881873918455433E-4	2.928608741682921E-4	0.45378313131960113	6.574284943298502E-4	4.5837774189834885E-4	0.001561269469641446	0.26864662198207984	3.800864123758686E-4	4.610462300920483E-4	4.5307464826382644E-4	7.188917899489826E-4	0.013820312753152169	0.014570173343491012	4.992904978326863E-4	3.911328925271411E-4
45	45	1.5378587943055386E-4	1.7224701780157615E-4	5.5524716142308804E-5	0.2695444677505705	0.05138658270813323	1.3735364902056472E-4	8.767189804378747E-5	2.3913417695414738E-4	0.05952488884600223	1.3722163046662303E-4	0.5372452418332843	0.018269806048361543	1.1378405288272532E-4	1.3802047881232124E-4	1.356340770395465E-4	2.1521006481973733E-4	0.015437885577507714	0.026962952986119722	0.019925495641189013	1.1709096741787948E-4
46	46	1.3117924323480443E-4	0.009786318565197337	0.7133623693856451	0.025084155159316588	0.06070165362549876	1.1716256265383002E-4	7.478406522710972E-5	0.0604501811812052	1.6787894778280064E-4	1.1704995092339581E-4	3.9868103988403055E-4	0.11197805110686265	9.705771430130006E-5	1.1773136798090522E-4	1.1569576900545993E-4	1.8357402866961436E-4	0.013168505162513737	0.0013107473097317046	0.0025373453043725587	9.987850999314115E-5
47	47	1.1132652330204746E-4	1.2469065243180948E-4	4.01946760544272E-5	0.1869442993077543	3.865251718092336E-4	9.94311328512723E-5	6.346621443169571E-5	0.19446146975107756	1.424720796628784E-4	9.933556382584479E-5	0.38891506265291337	0.0970763880087595	8.236896041141623E-5	9.99138549492007E-5	9.81863243491964E-5	1.5579186063574045E-4	0.09502634374295667	0.003157518901598279	0.032830451764487574	8.47628557379502E-5
48	48	0.013792286104199573	2.0740378345475636E-4	6.68576811961551E-5	0.004793171891480649	6.429253634515723E-4	1.653884452792026E-4	0.12597134769834137	0.20779639344284775	2.3698046150579137E-4	1.6522948085750637E-4	5.627841851115409E-4	0.14106102099888373	0.17362767977045473	1.661913794808848E-4	1.6331789718299801E-4	0.030875136751479515	0.14105286453907204	0.15833205298206443	1.7997712849738577E-4	1.4099001515847196E-4
49	49	3.3199163928248216E-4	0.36020708035225985	1.1986628161855293E-4	0.1976594441173692	0.01944938029219304	2.965178810214497E-4	1.8926534255511664E-4	0.11639538427643167	4.2487214974756593E-4	2.962328804979875E-4	0.007107894020680645	0.2468033785864244	2.456360387612771E-4	2.979574274642531E-4	2.928056837575893E-4	4.6459364458008035E-4	0.008931566003388626	0.033811782808690606	0.0064215755957407064	2.5277497753483773E-4
50	50	0.0027266499679819618	0.5039572979730981	9.844627221447918E-4	0.020487930726528117	0.009466916023941672	0.05252563659603301	0.001554437760340413	0.004239889893336161	0.05357981122364954	0.0024329629983174767	0.008286857111143844	0.22374612296317475	0.0020174107356172592	0.0024471267162367413	0.0024048154042917024	0.0038157112897684413	0.023264689577067336	0.07733510898015304	0.002650118440759337	0.0020760428964163202
51	51	3.945571409734648E-4	4.4192152840459657E-4	1.4245568797079024E-4	0.5755781130634507	0.015866443033097505	3.5239817374975213E-4	2.2493335255461237E-4	6.135290022558815E-4	5.049414528810241E-4	3.52059463437781E-4	0.030192226267399796	0.17734238238784183	2.9192739125346586E-4	3.5410900999249177E-4	3.4798639415697745E-4	5.521486640932738E-4	0.18457327440782456	0.011190699156248414	3.8348272330714425E-4	3.004116991058212E-4
52	52	1.6750983481208687E-4	0.3479185167814115	6.047977918015709E-5	0.02279951381135584	0.4867893981043631	1.4961118110107157E-4	9.549579723025725E-5	2.6047467184789574E-4	2.143736624641751E-4	1.4946738112252487E-4	5.090972739806608E-4	0.0014366283144647985	1.2393821834105455E-4	1.5033751923223501E-4	1.4773815335915896E-4	2.344155558451773E-4	0.001429249941786004	0.13707340560001352	1.6280817393389695E-4	1.275402441549493E-4
53	53	5.235917256990456E-4	5.864459964152163E-4	1.8904389695303259E-4	0.09050272988214024	0.08838639218759096	4.676452375734188E-4	2.984947679334029E-4	8.14175377145626E-4	0.04876367804057822	4.671957566279733E-4	0.0015913042988266388	0.13915260904889404	3.8739830227911743E-4	4.699155797056494E-4	4.6179064504295417E-4	7.327214282872726E-4	0.16798570757743225	0.45731160739314775	5.088955692875444E-4	3.986572884396935E-4
54	54	3.781131413353586E-4	4.235035181888209E-4	1.3651854721683442E-4	0.02367967871160542	0.0013128070704359325	3.377112378415261E-4	2.15558781462374E-4	5.879588892269505E-4	0.06994573965727721	3.3738664399500203E-4	0.08450337582643073	0.23941310788853884	2.7976070253435804E-4	3.3935077138147577E-4	3.3348332845281863E-4	5.29136705901035E-4	0.1907731630959379	0.3858182537999013	3.67500273343815E-4	2.8789140899222466E-4
55	55	3.729322293643863E-4	4.177006665889414E-4	1.3464796802184123E-4	0.03705723449346146	0.014996834065193188	3.33083913362176E-4	2.126051917844736E-4	5.799026676503146E-4	0.2950705911779406	3.327637671054375E-4	0.10389853194068863	0.08541049980220222	2.759274171646693E-4	3.3470098198880923E-4	3.2891393485174166E-4	0.048478939306463985	0.11279810330127685	0.22295859264547258	0.07572354781285769	2.8394671655990054E-4
56	56	4.220920820493883E-4	4.727618858108283E-4	1.523972365245133E-4	0.003171581772061583	0.0014655017483192739	0.008131096976924391	2.4063076609861844E-4	6.563453225581973E-4	0.2176551480030886	0.03139305265307568	0.03229924977525645	0.26725962716265494	3.123001146992515E-4	3.78821199209345E-4	0.07791333138474453	0.01609889345357147	0.11215891494376656	0.06625040602035648	4.1024481450601335E-4	0.16315760268472376
57	57	2.9429875316548215E-4	0.03276838444066911	1.0625718558203486E-4	0.05086948333040635	0.0010218039040157387	0.09217266335439162	1.6777697911848525E-4	4.576290773733873E-4	3.766340146266584E-4	2.625998882550088E-4	0.006300894662406872	0.2836599104284715	0.032656504352941394	0.06514164216001513	0.02188539964130374	4.118457037774549E-4	0.3485244608559572	0.06241169687619185	2.8603838483659896E-4	2.2407600649436245E-4
58	58	1.7066084628396434E-4	1.9114773044673794E-4	6.161745851837074E-5	0.007552639700808878	0.06643069871389998	1.52425502710901E-4	0.07220575864100089	0.028481730885242536	2.184062249131249E-4	1.5227899772471957E-4	0.12278955180091757	0.007733954025373291	1.2626960830532032E-4	1.5316550391913884E-4	0.232151670268955	0.10369879877175606	0.32124150851738836	0.03619190666744021	1.6587074291294601E-4	1.2993939148208463E-4
59	59	2.9589851649926757E-4	0.022074812096970774	1.0683478350800973E-4	0.0022233687416086906	0.0010273582748799744	0.3807736520581442	1.6868898930051993E-4	0.027639357443879724	3.786813399393733E-4	0.005699875494238802	8.992972161526423E-4	0.317816931545814	2.1893123460971955E-4	2.655644008299661E-4	2.6097273905354053E-4	4.140844344855995E-4	0.00796055327215416	0.2312622501222282	2.875932460624618E-4	2.2529404964036646E-4
60	60	2.1952650181715648E-4	2.458794357871645E-4	7.926050651884451E-5	0.16296329602765605	0.07738624207332152	1.9606979647908678E-4	1.251500147899746E-4	3.413596197911978E-4	2.809429085479374E-4	1.9588134243227122E-4	0.38782026673461406	0.094638168526624	0.008228113799598523	1.970216836876772E-4	1.9361513924388726E-4	0.12129254588435213	0.030102985625597368	0.11511316434757975	2.1336483873344875E-4	1.671451928279366E-4
61	61	0.028950406163195403	8.591580253865764E-4	2.7695402852158797E-4	0.005763768219096304	0.0026632806621606124	0.028868443161385943	4.3730228695143444E-4	0.0011927872534260467	0.40963998027862875	6.844534470131855E-4	0.002331300524730791	0.24613704302518236	5.67548184246761E-4	6.88438055722429E-4	6.765348236023929E-4	0.0010734551848487835	0.13336993051386803	0.13448962856838348	7.455447135962746E-4	5.840428800528629E-4
62	62	1.877290537260454E-4	2.10264881137057E-4	6.77799708165662E-5	0.08762820768792841	6.517944025627361E-4	1.676699489701459E-4	0.4656821686567812	2.9191518050544535E-4	2.4024956411265226E-4	1.675087916630022E-4	5.705476911616093E-4	0.03954578870031349	1.3889813977644333E-4	1.684839595039239E-4	1.6557083803742762E-4	2.6271060757027706E-4	0.2774981499377309	0.008773204446146718	0.05881044123753616	0.058770916304019837
63	63	5.041929610945855E-4	5.647185181543665E-4	0.12985497550981626	0.12419906728674715	0.0017505556190175813	4.503192573548202E-4	0.0095497882541113	0.04709577336598741	6.452498253595351E-4	4.498864294132839E-4	0.39055115414638386	0.004324151382961453	3.7304542368072713E-4	4.525054846501788E-4	4.4468157402436607E-4	0.028492632155355486	0.04135135315905321	0.19028496346337803	4.900412886098241E-4	0.02817094489484656
64	64	3.446017953502187E-4	3.8596932174743843E-4	1.2441920506486628E-4	0.008919882140805982	0.0011964558328308448	3.077806247599253E-4	1.9645427512279161E-4	0.01319696747891732	0.40559678968365076	3.0748479896059767E-4	0.0010473166236385013	0.38278897984648463	2.549661194564862E-4	3.092748500053327E-4	3.0392742579206817E-4	4.8224046959921416E-4	0.021931934947836164	0.16170724881812137	3.3492952278443367E-4	2.6237621907098594E-4
65	65	2.2971704642673295E-4	2.5729329852458257E-4	8.29398241446073E-5	0.014386238560112443	0.030337937115187553	2.0517146753507113E-4	1.3095954939308427E-4	3.572057267741607E-4	2.939844375597124E-4	2.0497426534461446E-4	6.981579454957476E-4	0.006190192631732354	1.6996447694332185E-4	2.061675418872735E-4	0.8906334722874607	0.004541520693177574	0.014620177220840962	0.03605575238861601	2.232693554511582E-4	1.7490416739223783E-4
66	66	0.032201248974262416	3.884282899754237E-4	1.2521186617798417E-4	0.45493903435310157	0.2942650345014154	3.097414613726583E-4	1.9770586376872788E-4	0.019651934263432674	4.438198469043902E-4	3.0944375089959994E-4	0.001053988963011248	0.07942494958181137	2.5659048064695E-4	3.1124520616326493E-4	3.058637140966735E-4	4.853127707541984E-4	0.060297003010980954	0.05443233198998118	3.3706332204965113E-4	2.6404778919358917E-4
67	67	6.406795599501582E-4	7.175895730899967E-4	2.3131870647770386E-4	0.1695898402470851	0.07284263712325877	5.722220774618159E-4	3.652454520966197E-4	9.962447776566622E-4	8.199209550085544E-4	5.716720816536325E-4	0.0019471586120997106	0.1231917136898791	4.740299772656926E-4	0.2006599020130314	5.650582557625755E-4	8.965757463305858E-4	0.08785439308761575	0.3359532943321099	6.22696985817405E-4	4.878067463489171E-4
68	68	2.508926440756735E-4	2.8101090874147627E-4	9.058531834053E-5	0.020321440597077946	8.710980948709737E-4	2.240844237703457E-4	1.4303156045787478E-4	3.9013338654397904E-4	3.210842817447633E-4	2.2386904324133927E-4	7.625149968299601E-4	0.0021517511301613647	1.8563200982496343E-4	2.2517231747178125E-4	0.9312516034403477	3.511026005394969E-4	0.0067497609734077715	0.03477035462850662	2.438505970782568E-4	1.9102704696705533E-4
69	69	0.0048824571990624364	2.823121024460389E-4	9.100476485411335E-5	0.029676342694904774	8.751316299468144E-4	2.2512202491830957E-4	1.4369385419890808E-4	3.919398612775907E-4	3.225710313087265E-4	2.2490564709069403E-4	7.66045748422321E-4	0.011422520246624253	1.864915608069211E-4	2.2621495600580916E-4	0.9216724650290203	3.527283470114883E-4	0.002150612264680108	0.02567054973470518	2.449797235708656E-4	1.9191157914421505E-4
70	70	3.582077263417367E-4	4.012085689811958E-4	1.293316551477559E-4	0.0026915574676526256	0.00782420441559062	3.1993274351703715E-4	2.0421088970337694E-4	5.570063398182769E-4	4.584226490640785E-4	3.1962523761196003E-4	0.1458598626597299	0.035974670526509094	0.0200065595209595	0.07928759220799468	0.006896436262044436	5.012807956776544E-4	0.2991792465497364	0.07596482076354408	0.020089680123588808	0.30297614289678676
71	71	0.07778864732177819	3.934414344528784E-4	1.2682787920185966E-4	0.041358137812849395	0.07220387817241483	3.1373905561744755E-4	2.0025750092979904E-4	5.462230627175902E-4	0.10369938023667401	3.134375028248353E-4	0.0010675919859773465	0.06754379712924788	2.5990209616059886E-4	3.1526220808274495E-4	3.098112612469456E-4	4.915763285313588E-4	0.21594995846624315	0.28099385639783603	0.13585681849677364	2.674556504393901E-4
72	72	2.1952650181715648E-4	2.458794357871645E-4	7.926050651884451E-5	0.001649512704117181	7.621949946405618E-4	1.9606979647908678E-4	0.984139228288377	3.413596197911978E-4	2.809429085479374E-4	1.9588134243227122E-4	6.671867581207879E-4	0.005915587698677637	1.624246334215801E-4	1.970216836876772E-4	1.9361513924388726E-4	3.072083916979833E-4	0.0018730735439780662	0.0021935160211025363	2.1336483873344875E-4	1.671451928279366E-4
73	73	2.4089974929545444E-4	2.698184225946909E-4	8.697736260255094E-5	0.006235595404490974	0.2442380798447991	2.1515928339059154E-4	1.3733470418226797E-4	0.1065862355090091	3.082956985845098E-4	2.1495248133136048E-4	0.005157629545434693	0.06844832380307171	0.004603723441673434	2.162038469763493E-4	2.1246563908035537E-4	0.2702917056628944	0.05516125768452628	0.17057550961779763	0.06661641373733955	1.8341856092494568E-4
74	74	1.099770125667856E-4	0.04861156071328885	3.970743235699625E-5	0.07153858567503449	0.3317191137578812	9.822581917379423E-5	6.269687092610876E-5	0.044618695313728085	0.002161094251724022	9.813140864520959E-5	0.08316856156552731	0.1726728895965531	8.137047601586949E-5	9.870268966840313E-5	0.004137694564762499	1.5390333683962829E-4	0.12822036228666522	0.11221810169515828	1.0689018116930071E-4	8.373535231489386E-5
75	75	3.3199163928248216E-4	3.718453866714556E-4	1.1986628161855293E-4	0.02079127777835112	0.12313071918058292	2.965178810214497E-4	1.8926534255511664E-4	5.162408129370907E-4	4.2487214974756593E-4	2.962328804979875E-4	0.0010089917331282984	0.021143993946987582	2.456360387612771E-4	0.006396859715016599	2.928056837575893E-4	4.6459364458008035E-4	0.2162942437801684	0.6071085978386112	3.226733081883609E-4	2.5277497753483773E-4
76	76	1.385232845477526E-4	1.551522334025749E-4	5.001412406714181E-5	0.003585620819727686	4.809522005293296E-4	1.237218831624904E-4	7.897083480310911E-5	0.9850386087484955	1.7727761404804434E-4	1.236029668888965E-4	4.2100111092115795E-4	0.003732791399981511	1.0249146926124594E-4	1.2432253293170488E-4	1.2217297139172867E-4	1.9385138061408933E-4	0.0011819269990802693	0.00392889202229278	1.3463521726855577E-4	1.0547018658447796E-4
77	77	0.001068101546049323	0.001196321188248812	3.856403161015252E-4	0.22386458827798167	0.5923600412750113	9.539734429299864E-4	6.089147468700778E-4	0.040904317846251405	0.0013669217724863957	9.530565237557785E-4	0.0032461830437492817	0.009160446761227199	7.90273614520495E-4	9.58604829986875E-4	9.420303601302548E-4	0.0014947159245731576	0.009113399665309581	0.10878110536367344	0.0010381221047906781	8.132413963528066E-4
78	78	3.703946528021047E-4	0.6876583107898819	1.337317706516289E-4	0.2817631448084876	0.0012860085140997293	3.3081748030740503E-4	2.1115854301235977E-4	5.75956783379754E-4	4.740190829237467E-4	3.3049951245085193E-4	0.0011257064891151008	0.003176645994181747	2.7404989923632793E-4	3.3242354576744804E-4	3.2667587595962034E-4	5.1833534739073E-4	0.00996472168984158	0.01050538616121562	3.599984271087059E-4	2.820146321859989E-4
79	79	2.4305098630165946E-4	2.722279036229575E-4	8.775407126115247E-5	0.03754631194681706	0.04102891383197126	2.1708065779638518E-4	1.3856110437046728E-4	3.7793975482246754E-4	0.5450416172541719	2.1687200899283798E-4	0.2150589062268972	0.00208449807840396	1.7983007530307795E-4	2.1813454934469824E-4	2.1436295921735597E-4	3.401288773076325E-4	0.12262891812382258	0.03368360606047918	2.3622903871283927E-4	1.8505649038332248E-4
80	80	3.360912142331072E-4	0.9265085588576306	1.2134644180153234E-4	0.0025253749457613455	0.04438640615041643	3.001794108120046E-4	1.916024720654783E-4	5.226155755961181E-4	4.3011865302122613E-4	2.9989089098001576E-4	0.0010214511951902362	0.002882446604713006	2.486692577714091E-4	3.016367333908273E-4	2.9642137374643235E-4	4.703306458842593E-4	0.015216070950799757	0.0033582344585719173	3.2665781639568586E-4	2.5589635121848315E-4
81	81	0.06289340954970175	2.012425416240186E-4	6.48715730585389E-5	0.19609271394863842	0.030330332745957502	1.6047533236293224E-4	1.0243031093669345E-4	0.26763794731643686	2.299405998977917E-4	1.6032109021885428E-4	5.460658330871513E-4	0.24249372490963533	1.3293810418697337E-4	0.0067627002917415744	1.5846629301710045E-4	0.10917529483302313	0.004833759158057567	0.07441121029851143	1.7463063676901263E-4	0.003437524633137428
82	82	4.15646153379143E-4	4.6554215930197926E-4	1.5006992038200253E-4	0.003123147340941013	0.031985881941680755	3.7123379649278763E-4	2.369560021783687E-4	6.46322023585808E-4	5.319304880754606E-4	3.7087698217196883E-4	0.001263235223551189	0.7518623706246604	3.075308609068402E-4	3.730360766431403E-4	3.665862080274791E-4	5.816609167371179E-4	0.03408919243987342	0.17213833237787018	4.0397980996291846E-4	3.164686535779229E-4
83	83	2.2312582898015545E-4	2.499108421309358E-4	8.056005118295048E-5	0.001676557893798133	7.746918418321441E-4	1.9928453063860365E-4	0.9715822775062205	3.4695650646180494E-4	2.855492109014945E-4	1.990929867244415E-4	6.781258629733652E-4	0.010111545446894759	1.6508772598751263E-4	2.00252024862555E-4	1.9678962717167644E-4	3.1224533940036486E-4	0.0019037842072890056	0.010427413743402288	2.1686314009262516E-4	1.698856830545397E-4
84	84	4.321447711482583E-4	0.38948426307112	0.016033587667938335	0.01118589768950718	0.0015004046381772748	3.859695145104283E-4	2.4636171055857466E-4	0.024488318397007193	5.530448848553837E-4	3.8559853683684924E-4	0.017190938845802906	0.47209428475208426	3.1973796082839466E-4	3.878433341928367E-4	3.8113744512303276E-4	6.047493082895477E-4	0.01162598418102273	0.03607312652978078	0.016297576231848212	3.2903052936779934E-4
85	85	5.186034243303538E-4	0.0863245979676373	1.87242860222258E-4	0.24207381688083476	0.058963081407364046	4.631899429914901E-4	2.956509837665665E-4	0.09607723987301049	6.636918695841176E-4	4.6274474428792373E-4	0.03968447229670956	0.05208315162472277	3.837075268397085E-4	4.6543865538778385E-4	4.573911276448491E-4	0.08646947982145761	0.013951980007691486	0.0337631488237627	5.040472794078504E-4	0.2862073228823464
86	86	2.7920371737428135E-4	3.1272056872133896E-4	0.03600488395237826	0.01748538625015678	0.10868162459378677	0.0053785242577055374	1.5917143975587359E-4	4.341565779905537E-4	3.573158766127462E-4	2.491307360097535E-4	0.04188178894335188	0.04342778840525642	2.0657898280651205E-4	2.5058107350863905E-4	0.025892017663116572	3.9072150405827604E-4	0.2844857205619638	0.4336387350559927	2.713670360445166E-4	2.125828034087217E-4
87	87	0.13824275991652213	7.624591508527384E-4	2.457826466985527E-4	0.33026164412913184	0.02737480277492415	6.080020887176518E-4	3.880835894245734E-4	0.001058538161225914	8.711891289476478E-4	6.074177026666194E-4	0.039585825414494374	0.01834392518060313	0.050526222876974426	6.109538407031154E-4	6.003903262081396E-4	9.526370056893852E-4	0.04332521668089192	0.3444542078638767	6.616331017749522E-4	5.183084196720713E-4
88	88	2.911505657048889E-4	0.3533353653947106	1.0512052585905195E-4	0.12520607266112527	0.17216688011483006	2.6004073171117766E-4	1.659822267583214E-4	4.527337045337353E-4	3.7260506625590595E-4	0.010957041210431274	8.848672048692804E-4	0.17900165035286508	2.1541829124799744E-4	0.021655804025364746	2.5678520294028154E-4	4.0744008715018254E-4	0.0024841940149453747	0.13127619104875216	2.8297856060457245E-4	2.21679009340016E-4
89	89	2.3670953133924006E-4	2.651251923087304E-4	0.23490489693382596	0.31487120186079465	0.009518870410300966	2.11416795922895E-4	0.04362002598480034	0.004716586919005242	3.029331933274034E-4	2.112135909853069E-4	0.13117464981800195	0.08465176350011605	1.751381201673453E-4	2.1244319033618056E-4	2.0877000494807913E-4	3.3125455842629453E-4	0.15421746519651153	0.019759241450768458	2.3006557551276058E-4	1.8022817260059711E-4
90	90	0.0015135901869229554	0.0016952882594720958	5.464849295388819E-4	0.011373051642921921	0.11647772181556182	0.0013518610165341486	8.62883673321324E-4	0.0023536045372692604	0.001937043709729075	0.001350561664548922	0.004600115801861888	0.17981494305056234	0.0011198845206681495	0.0013584240835263057	0.0013349366585513848	0.0021181388268179985	0.06852572962136437	0.5990421974074016	0.0014711067842293104	0.0011524318091964342
91	91	3.558659473246879E-4	3.9858567243483825E-4	1.2848615089423719E-4	0.11381127189573984	0.0012355649161658576	3.1784118677345014E-4	0.00674036471358424	5.533649170821711E-4	0.013530403416697912	0.2945045339544781	0.05338146152975059	0.2907015516805699	2.633003102722355E-4	3.193842544232659E-4	3.138620365791413E-4	4.980036780650446E-4	0.1272486554534971	0.09508066814567394	3.4587751288862363E-4	2.7095262710478214E-4
92	92	0.0010894789978054646	0.0012202648840343232	3.9335869014861497E-4	0.008186298387088498	0.003782666019909417	9.730666848865283E-4	6.21101833082026E-4	0.0016941195408430797	0.30161084411539213	9.721314140907134E-4	0.003311153571753883	0.009343787951423169	0.02082052810796569	0.04100666598953346	9.608845680012124E-4	0.0015246318231924296	0.22945461296074454	0.2510593612907233	0.021073337146381488	0.10090170602300003
93	93	5.919130835531037E-4	6.629689527886591E-4	2.1371146731352685E-4	0.11318589178090491	0.15428871469507457	5.286663654041594E-4	3.374441379417136E-4	9.204138155465834E-4	0.03337899588726241	5.281582335155934E-4	0.3171399658006466	0.005076472653014628	4.3794833342548315E-4	5.312329552608174E-4	5.220478308713083E-4	8.283312717058554E-4	0.34213907554702383	0.02766207144440548	5.75299285376105E-4	4.506764589646917E-4
