0	0	1.6485589139107404E-4	0.0019500798863162922	0.34182153304642376	4.53135549019928E-5	1.9701029039913347E-5	1.3191377070462994E-4	4.386478798365202E-5	0.010844957415678149	0.15051268491552622	9.042085987667857E-5	1.4977094641493043E-5	1.339099830481525E-4	0.10725797873917788	7.911625998004889E-5	0.34745469637375787	0.005378791004132533	3.825221884163949E-5	1.7533749149877152E-4	0.033689458441637204	1.521572354419227E-4
1	1	0.08493870341529136	0.04869868859403363	0.0667258271121748	7.778299179511814E-5	3.381780536709937E-5	0.024413785181594705	7.52961106495962E-5	0.06396719240887132	0.11323848817997513	0.09388118766142037	2.5708934823887067E-5	2.2986320837654656E-4	0.3594719821575237	1.358070320061766E-4	8.099704692264943E-4	0.03946715049656216	0.06658087042673429	0.03658199846423057	3.8469381619429723E-4	2.6118553314885567E-4
2	2	0.001173611224557406	0.0013436830017904172	8.734938872010384E-4	3.2258778384462657E-4	1.4025188072730048E-4	9.390958410178355E-4	3.1227399340144044E-4	0.014510587464696969	0.3191640950755147	6.437072717872433E-4	1.0662213060264656E-4	9.53306902528525E-4	0.39994107137410284	5.632296788067026E-4	0.0033591736781686263	0.25145401890875857	2.7231804103547555E-4	0.0012482298713883796	0.001595432661573698	0.001083209328495573
3	3	2.1430306099519056E-4	2.453584068263208E-4	0.01618692460304987	5.890498324402899E-5	2.5610190769543622E-5	0.002461112134852558	0.5449894169357555	0.295722538537423	0.051410917118672496	1.1754185359030852E-4	1.9469351076284363E-5	1.7407518180200714E-4	0.006630476917411412	1.028465318718587E-4	0.0624334514880626	1.23219416681599E-4	0.016077149047624147	2.2792853090259304E-4	0.0025809601618190826	1.9779554756958748E-4
4	4	0.13910218166302193	0.0013436830017904172	8.734938872010384E-4	3.2258778384462657E-4	1.4025188072730048E-4	9.390958410178355E-4	3.1227399340144044E-4	0.00197162651574565	0.018229032300682995	6.437072717872433E-4	1.0662213060264656E-4	9.53306902528525E-4	0.4500969151699081	5.632296788067026E-4	0.0033591736781686263	0.25145401890875857	0.12566192753054867	0.0012482298713883796	0.001595432661573698	0.001083209328495573
5	5	9.983546117059898E-4	0.0011430293894933638	7.430541156531795E-4	2.744154068590751E-4	1.1930791815436484E-4	7.988596599079406E-4	0.010932146355070473	0.012343705999750128	0.12217191720560233	0.043213600057421926	9.070013439690293E-5	8.109485684830823E-4	0.4362159867843104	4.791219916104769E-4	0.0028575446987444695	0.22457062729469446	0.13889621189983284	0.001061830376613621	0.0013571850047268807	9.214525269680625E-4
6	6	9.673983354108536E-4	0.001107587139635717	7.200140172385572E-4	2.659065272938716E-4	1.1560850230023975E-4	0.11446750541417477	2.5740495241307807E-4	0.0016251959503058985	0.04603334070326152	5.306027500322202E-4	8.788776854265135E-5	7.85803246717893E-4	0.37101128329199184	4.64265714514681E-4	0.19914847709377106	0.25895035997827837	2.2446958080126787E-4	0.001028905888529321	0.0013151023684598445	8.928807763263423E-4
7	7	0.13291478113313354	0.07028955503872462	0.004422608321459291	0.0016333021193816325	7.101127367845167E-4	0.004754759182621964	0.0015810821140579733	0.2639278732850797	0.028809539801706485	0.06674549075425519	5.398411242074958E-4	0.004826711556662425	0.05687550535448227	0.0028517019991578553	0.27095319735072676	0.0034165960727172377	0.001378780151772029	0.0063199432728551636	0.07156419491496892	0.005484423715244929
8	8	5.14973499438536E-4	5.895999655499556E-4	3.8328382893553837E-4	1.4154956636959427E-4	6.154167607608906E-5	4.120695690683338E-4	1.370239375703245E-4	0.05038331907701392	0.1345452523228173	2.8245485338751963E-4	4.6785145340395284E-5	4.1830529681510613E-4	0.05994929755205389	2.47141772857629E-4	0.3921174153232424	2.960981234361474E-4	1.1949150759458008E-4	0.35817902509564015	7.000661919870355E-4	4.753056948055345E-4
9	9	0.013089002214892254	0.002728536998323942	2.6744349312845918E-5	9.876886949767392E-6	0.02303912178264791	2.8752928415904724E-5	9.561102697131202E-6	6.036661392163236E-5	0.010539889156633314	4.0362261137339995E-4	0.7102437820823148	2.9188038035693907E-5	0.2187908853163151	0.004240296507591558	1.02850077794285E-4	2.066080289911298E-5	8.337744454033555E-6	0.010019976517935071	0.006575382919589275	3.3165347903060214E-5
10	10	1.9924828810699438E-4	0.025773547448730713	1.48296265453976E-4	5.4766912884213836E-5	2.381107691709375E-5	1.5943375010047837E-4	5.30159027995292E-5	0.002463515729289331	0.06482958793812023	0.38541945175726294	1.8101630720947968E-5	1.6184641420843792E-4	0.2978082936693349	0.002224407025432806	0.00908544106991338	1.1456326251869082E-4	4.623243401359846E-5	0.13219661472999789	0.07903592426801517	1.839004261787485E-4
11	11	0.028176989169053476	0.4333924257293431	0.03205408823973658	1.0219141911191809E-4	4.442988681661156E-5	2.974927802037764E-4	9.892415068268404E-5	0.18334450372105068	0.053440775212040166	2.039177020673633E-4	3.377643971871137E-5	0.012218511125653118	0.20216715873517022	0.012094939970601041	0.04078586208080055	2.1376743289561602E-4	8.626664882200356E-5	3.954222333369686E-4	5.054113514175981E-4	3.431459714777862E-4
12	12	1.747026006693901E-4	0.013265780184639447	0.07479151810755208	4.8020096947423726E-5	2.0877755596682262E-5	1.397928737137764E-4	4.6484796350871216E-5	2.9349436392736615E-4	0.146436925184406	9.582162482592086E-5	1.587166441103051E-5	1.4190831820871672E-4	0.3021846751584082	8.384181030547325E-5	0.028498102259029684	1.0045004699080654E-4	4.053699298592913E-5	1.8581025828805168E-4	0.43327414043848905	1.6124546425404766E-4
13	13	2.6608894985083583E-4	3.0464875539484257E-4	0.5289805507909231	7.31392498996387E-5	3.179884008983132E-5	2.1291806086803537E-4	7.080083866891453E-5	0.040247854107449965	0.20029425994805428	0.0029888622992773122	2.4174079260034506E-5	2.1614008734027797E-4	0.22145147046801014	1.2769918233784613E-4	7.616142191614988E-4	1.5299513237832408E-4	6.174175915188017E-5	2.830069862150773E-4	0.003204643815520188	2.455924301479937E-4
14	14	0.0032093693171051925	3.1448330359150486E-4	0.011943199901505776	7.550030165339846E-5	3.2825357414860564E-5	2.1979139579708401E-4	7.308640277486702E-5	0.006330832000142618	0.45620877867650156	1.506569548828021E-4	2.4954457132527756E-5	2.2311743442782412E-4	0.26088187398511253	1.3182151581578284E-4	0.033067796844631396	0.008962005832933067	6.373488170817917E-5	0.10594100418464487	0.1118916467063421	2.535205458821135E-4
15	15	0.07429964632936224	0.0016756083942444176	1.0542903029916327E-4	3.893572437704706E-5	1.6928131953040208E-5	0.09091905364876252	0.0015511193128786493	0.0032648284104418164	0.024901635746481368	7.76942282658808E-5	0.06660372058443104	0.08486705512392707	0.31312209479155517	6.798073775029534E-5	0.015539730226459901	8.144705221186146E-5	3.2868263212848514E-5	0.010744658044092225	0.3119588249390307	1.307412802626884E-4
16	16	4.830786011033653E-4	0.23797069210681387	3.595451340886339E-4	1.3278268995038436E-4	5.773009061788017E-5	3.8654802858754874E-4	1.2853735609952028E-4	0.36726047373296056	0.09524467407176676	2.649610040090707E-4	4.3887506033023124E-5	3.923975463589613E-4	0.26268643091337135	2.318350401262125E-4	0.0013826937637929613	2.777592777391798E-4	1.1209079767300033E-4	5.137929218026469E-4	0.03162422179402648	4.458676230785842E-4
17	17	0.0335760555836378	2.5529546164150877E-4	0.06448974509376816	0.0024436530169606556	2.6647407601834677E-5	0.1312083556832574	5.933105739808485E-5	3.746027157084148E-4	0.4775535698010386	1.2230231750639715E-4	2.0257862916427362E-5	1.8112525457475225E-4	0.17128201599475473	1.0701183290222471E-4	0.0054029569721156506	1.2820982281317806E-4	5.173955457263928E-5	0.11220819117814106	3.0312708973148747E-4	2.0580629895904535E-4
18	18	2.3297283208645203E-4	2.6673367449394785E-4	0.2291707178128035	6.403669974025437E-5	2.7841313353843283E-5	0.07485945881420257	6.198931563313542E-5	3.913863497370971E-4	0.27244157597531243	1.2778192897692597E-4	2.11654926348867E-5	0.0201020508877764	0.3158566776292373	1.118063721964018E-4	0.08529627222062207	1.3395411310992414E-4	5.405768445355063E-5	2.47785333121645E-4	3.1670834241571234E-4	2.1502720809205567E-4
19	19	0.03401368085305528	7.155900783970146E-4	4.651867727645774E-4	1.7179693218095885E-4	7.469235987301113E-5	0.06059971882824454	1.6630423330631677E-4	0.0010500068625502533	0.09651855617027402	3.4281191059884323E-4	5.6782543721354025E-5	5.076918887920902E-4	0.4867791433952851	2.9995286795752636E-4	0.20212094106135486	3.5937057622661793E-4	1.4502534308601176E-4	6.647556829506037E-4	8.496615510142136E-4	0.11409833008836681
20	20	8.85067671375072E-4	0.0766624247035484	0.04793942394738055	2.4327648942611417E-4	1.0576961338121078E-4	7.08210139623639E-4	2.354984430853903E-4	0.0014868832647458997	0.18395772303995184	4.854456775520287E-4	8.040805922346331E-5	7.189272756358455E-4	0.197594219637528	4.247542711248111E-4	0.3807787838222695	5.088939079270782E-4	2.0536604406078634E-4	0.01985361536696296	0.08630841667842443	8.168919467729902E-4
21	21	3.275475084854311E-4	0.007374103684416152	2.4378664794881522E-4	0.4025377194674633	3.91434174549138E-5	0.10874799404177853	8.715370674987492E-5	0.04604435493960262	0.0015880631126946713	0.07017055677924976	2.9757565791410725E-5	2.6606195834820814E-4	0.24110420555650539	0.10514354705433883	9.375242378658378E-4	1.8833241458922367E-4	7.600225184489143E-5	3.483731033200894E-4	4.4527521748253634E-4	0.014300497334069639
22	22	2.109225165204018E-4	2.4148797677885493E-4	1.5698514550515795E-4	5.797578085784565E-5	2.5206200324879795E-5	0.0700277058308255	5.612217670885561E-5	0.052185162084850543	0.21285293080411527	0.3313822297466546	1.9162229904505427E-5	1.7132921591936476E-4	0.14399023120347546	1.012241692539099E-4	0.14708211681809438	1.2127568001113202E-4	0.002302455146875422	2.2433305012779082E-4	0.038596468820725635	1.9467540247054387E-4
23	23	0.0017094928161687142	0.001957220918396538	0.0012723391647013174	4.698843088128635E-4	2.0429216894026384E-4	0.0013678955690964263	4.5486114756391983E-4	0.1307224435194527	0.06308130456109866	9.376298844200675E-4	1.5530676811527987E-4	0.001388595530935848	0.345121069304459	0.07387786511694301	0.09621482756007044	9.82919733630964E-4	0.27436213455020353	0.001818183017864668	0.0023239217694681832	0.0015778125896575754
24	24	2.6761053879118235E-4	0.10037746283192392	1.9917683547448058E-4	0.7005710614101982	3.19806768907344E-5	2.1413560021643166E-4	7.1205702430248E-5	4.495765063704591E-4	0.0041566415296235325	1.4678016554566463E-4	2.431231503294334E-5	0.03452745787623679	0.08833665299921888	0.011565123352197941	0.057949439101662566	1.5387001163010892E-4	6.209481995329903E-5	2.846253183574194E-4	3.6379559536830537E-4	2.469968128769853E-4
25	25	1.699444849524054E-4	0.011088778639138819	0.2761130621920983	4.671224476238927E-5	2.0309139121258813E-5	1.3598554247204684E-4	4.521875887191876E-5	2.855008930774849E-4	0.11884452470009653	0.24339716714088427	1.543939141910325E-5	1.380433717416773E-4	0.2776132087575302	8.155833522366917E-5	0.0694830683500436	0.0019134153967034302	3.9432947008899547E-5	1.8074961976893508E-4	2.3102623447525245E-4	1.568538606097975E-4
26	26	1.4080025063478816E-4	0.13254151455611596	1.0479463358255034E-4	3.8701436955132485E-5	1.6826270527407006E-5	0.0016169867281332745	3.746407295501999E-5	0.010766791551883521	0.19474014870206616	0.018129087240941234	1.2791648885029418E-5	1.1436994466247487E-4	0.13974527438037412	6.757167815163133E-5	4.0300611132131417E-4	8.095696193639947E-5	3.267048544515178E-5	0.3235789200542721	0.1777013687186792	1.2995457247746961E-4
27	27	0.024922437752379033	0.049598429470704364	2.1450985792814437E-4	7.922008464604116E-5	3.444261196305772E-5	0.015627011446877486	7.668725670633137E-5	0.025118411816130986	0.12764775808026793	1.580795898421839E-4	2.6183924607483598E-5	2.3411008505002642E-4	0.5262359369026961	1.38316157848433E-4	0.06548977854671811	0.06483055855692714	6.687500067226689E-5	0.07420921442450878	3.918012920098754E-4	0.024900237141516377
28	28	0.0015931046383670321	0.22309519640662473	0.0011857139180055244	4.378929614593835E-4	1.9038325218014563E-4	0.018295628346918436	0.017444756463647158	0.18990586321314776	0.33112033273463803	0.01789465663676857	1.447329467044844E-4	0.018314918983830447	0.1514153960488901	7.645494478900511E-4	0.004559870471406793	9.159991618446405E-4	3.696548952556644E-4	0.0016943948355700503	0.0021657011454656494	0.018491253491385345
29	29	3.2191473284524816E-4	3.685644321552801E-4	2.395942927746985E-4	8.848395284788288E-5	3.847027513936675E-5	2.575885271473501E-4	8.565494011720436E-5	0.2240994694685074	0.19416514073573604	1.7656516066986378E-4	2.9245830280198756E-5	2.6148653866422717E-4	0.12689832999986378	1.5449062499547174E-4	0.0490724986167791	1.8509369590056604E-4	7.469525477820486E-5	0.4027479770026526	4.376178995874611E-4	2.9711801855817775E-4
30	30	2.123581727975985E-4	2.4313167862467734E-4	0.00923346392969404	5.837039635498198E-5	2.5377767781582267E-5	1.6992396860858152E-4	5.650417554241408E-5	0.004894459558606205	0.7497509316461185	1.1647511304675643E-4	1.9292658727854064E-5	1.7249537811181152E-4	0.1676588346585663	0.002370765721336553	0.011952085895560788	1.221011499237406E-4	4.9274376730610754E-5	0.004763565113845286	0.04566573560425827	0.002464853035763446
31	31	1.6284808211886615E-4	1.86446921466528E-4	1.2120436588946788E-4	4.476167304371516E-5	1.9461086697273376E-5	1.303071693892765E-4	4.333055091578719E-5	2.735791802476719E-4	0.536673382680625	8.931960811473374E-5	1.4794685937514187E-5	1.3227906950701932E-4	0.26602086339953523	7.815268895428843E-5	4.661126099916407E-4	9.363396674419945E-5	3.77863382532984E-5	0.07150838839885121	0.12027327824938353	0.0036300692743336505
32	32	6.556653805850698E-4	7.506799597003253E-4	4.879978054115712E-4	1.802212160558929E-4	7.83549959566182E-5	5.246478724153489E-4	1.744591756163457E-4	0.0011014953016536646	0.3184121727043076	0.07041146239195216	5.956694889889047E-5	0.042563691369185856	0.11835868030782859	3.1466144323122894E-4	0.23304775385184703	3.7699277536602257E-4	1.5213684760303874E-4	6.973528341893278E-4	8.913257996855517E-4	0.21076068101850987
33	33	0.04287356941069354	4.141450964643267E-4	0.011863364174610463	9.942683555610267E-5	4.322792548221201E-5	2.894447106567194E-4	9.624795651073658E-5	6.076875665369675E-4	0.28774253661343263	0.07362794849819183	3.286268599426143E-5	2.9382479244116026E-4	0.29718047090099453	1.7359660675186277E-4	0.028088343455306652	2.0798438442747735E-4	8.393287793574722E-5	0.011978863939148028	0.24396865872231313	3.3386284655168214E-4
34	34	7.624935305899199E-4	8.729889205134491E-4	5.675077266339273E-4	2.0958482083504972E-4	9.112144590127409E-5	6.101292220087952E-4	2.0288396596570803E-4	0.009427507879419938	0.08516228078078668	4.182156919269071E-4	6.927224544302651E-5	6.193621283051734E-4	0.2679876858390303	3.6592951510693624E-4	0.20584607427064563	4.384165472321062E-4	1.7692464097791518E-4	0.42443131096672565	0.0010365503136701617	7.037595482814214E-4
35	35	0.023303683362204623	8.072277490267401E-4	5.24758074199328E-4	1.9379705650026448E-4	8.425738051713816E-5	5.641689452460907E-4	1.876009687085063E-4	0.0011844695751200996	0.04861560854290388	3.8671202310707555E-4	6.405405320163015E-5	0.2642233607781416	0.6395100499205147	3.383644990688836E-4	0.0020180490511562516	4.0539117306334296E-4	1.6359712744116824E-4	7.498835573615016E-4	9.584682655133831E-4	0.01571649789700361
36	36	0.0037814860487269055	0.004329473354430596	0.0028144796837169237	0.0010394082627815883	4.5190478684967167E-4	0.003025855365830904	0.0010061762572806956	0.006352766577708823	0.01833394652556128	0.002074085537692004	3.4354656032835546E-4	0.003071644746262689	0.3998101264098042	0.001814779143271821	0.010823574394523836	0.4869948457278907	8.774344105141283E-4	0.04442362909225912	0.005140634500747372	0.003490202613818381
37	37	1.2601412006105756E-4	1.442752314979564E-4	0.05664029846685362	3.46372076826016E-5	1.5059260653735062E-5	0.35149699555934977	3.352978539488245E-5	2.11699390114843E-4	0.13928454104016616	6.911676007679983E-5	1.144833458115112E-5	1.0235939121625912E-4	0.2906704222423852	6.0475642088260415E-5	3.606844467138787E-4	7.245527103281537E-5	2.9239596213624907E-5	1.3402614561415163E-4	0.1590400692596295	0.0014626528486737368
38	38	3.394258699058941E-4	3.8861316440840383E-4	2.52627459857931E-4	9.329719830667917E-5	4.056293568575452E-5	2.7160052331869506E-4	0.039981313995618065	5.702237940753095E-4	0.07780119837973862	1.8616974353967384E-4	3.0836710380536195E-5	0.0220344376829843	0.5109524652170082	1.6289442337080444E-4	9.715231279484039E-4	1.9516220394718114E-4	0.02183748554766737	3.6100669546535943E-4	0.011340786475088294	0.31218836885168466
39	39	2.395312244323924E-4	2.7424246456847685E-4	1.782779986740324E-4	6.583938976927853E-5	0.9699547111654997	1.9166719945372046E-4	6.373436997933307E-5	0.013198262879040471	0.006279673321283917	1.3137910388116882E-4	2.17613200695774E-5	1.945676428824404E-4	0.007411029255591983	1.1495382097432686E-4	6.855992575533149E-4	1.3772504048484378E-4	5.557945633048719E-5	2.547607105406663E-4	3.256239638218336E-4	2.2108041516813462E-4
40	40	0.10088932191232325	0.005164013327654613	0.0033569927349833104	0.0012397623642574367	5.390129817370219E-4	0.0036091127390160496	0.001200124628841954	0.00757731220153951	0.21462580812042706	0.0024738818055956907	4.097678564969135E-4	0.0036637283819493426	0.5732555913258247	0.0021645920682280837	0.012909903318606577	0.0025933764332763216	0.0010465667805533005	0.05298663230262151	0.0061315321521252025	0.004162966563942163
41	41	0.03101306248362112	0.001074276723982691	6.983597696114948E-4	0.04035758734531418	1.121316045223264E-4	0.03082556705678552	0.14059853618472115	0.0015763185747161913	0.1849977717264389	0.02056448394680372	8.524456513570718E-5	7.621704039076384E-4	0.43002764488813155	4.503030353082218E-4	0.002685664765769469	5.395036306111447E-4	2.1771871238615608E-4	9.979617924954591E-4	0.011300470455579283	0.10111522233415803
42	42	0.011880070534371269	0.0025822902734524466	1.624773189345459E-4	6.000408131997451E-5	2.6088046968615817E-5	1.746798423055743E-4	5.808562826172668E-5	0.005031446892802651	0.14099962778796654	1.1973504706918575E-4	1.9832626390686918E-5	0.08414205878959945	0.3822631501525564	1.047655278391394E-4	0.019283665103511163	1.2551854684572823E-4	0.01870948360641277	2.3218141064165182E-4	0.004961471624834411	0.3290633671579161
43	43	0.01290358446496996	0.013063622677703916	8.21961190833937E-4	3.035563761150666E-4	1.3197757258349155E-4	8.836928879532749E-4	2.9385105865502374E-4	0.013654519999448191	0.3711299415488825	6.057310799988828E-4	1.0033184516062032E-4	8.970655528493857E-4	0.494338241344647	0.012329213024528688	0.03855863070193932	6.349893936803742E-4	2.562523499876169E-4	0.012973800905755983	0.001501308423124264	0.024617727601182474
44	44	4.201866153369584E-4	4.8107720921043636E-4	0.41781848311500647	0.004604804825433511	5.0214212189110315E-5	3.362233545977793E-4	1.1180308231509146E-4	0.036620371943379235	0.06039822782183238	2.3046574039207242E-4	3.817379319530339E-5	3.413113238601505E-4	0.17910489368576812	2.0165244456004646E-4	0.25709330013261356	0.03615607068035963	9.749770074075366E-5	0.004936211348854523	5.712108371471155E-4	3.8782013320775904E-4
45	45	0.028982863637081836	4.378345657186425E-4	2.846250315371691E-4	1.0511413931526501E-4	4.570060141241448E-5	3.060012065140048E-4	1.0175342555049431E-4	6.42447837868461E-4	0.06314076134836268	2.0974983937235207E-4	3.474246097197229E-5	3.1063183288692383E-4	0.25697856637993544	1.8352648764001194E-4	0.48730216394200676	2.1988127689906775E-4	8.873391348647574E-5	4.0673148572107346E-4	0.03729186883704678	0.12292630175067219
46	46	2.1983993893419013E-4	2.5169765155570533E-4	0.030697871160453367	6.0426891987219195E-5	2.6271872873508712E-5	0.2021717115588843	5.849492080820705E-5	0.007415688686900256	0.33224502159908414	1.2057874393163641E-4	1.9972374318044477E-5	1.785727052128767E-4	0.3121442760460914	1.0550374400303162E-4	0.01237317970295699	1.2640299635942754E-4	5.101040298459495E-5	2.3381744564119995E-4	0.10129675563072463	2.0290592629532565E-4
47	47	0.10039517642599595	3.574983299919248E-4	2.3240050333034803E-4	8.582723294600247E-5	3.731520981617446E-5	2.498544630086817E-4	8.308316097782793E-5	5.245680609248397E-4	0.12828559975923517	1.712638132364284E-4	2.8367727789841035E-5	2.536354372047641E-4	0.13309651581942847	1.4985206280572624E-4	0.09096837125460122	0.11360685370984985	0.3370183072562377	0.05370966335337248	4.2447847547909376E-4	0.04032136794376758
48	48	5.121556089609672E-4	5.863737255001093E-4	3.8118653295246134E-4	1.4077501937715339E-4	6.120492534391059E-5	4.098147600033245E-4	1.362741544275038E-4	8.604038183054296E-4	0.12286520519996884	0.027640477113490505	4.652914106893255E-5	0.011359843497845626	0.2183067535836751	2.4578943443807097E-4	0.03429740094656612	2.9447790009773015E-4	1.1883766039318384E-4	0.46565737174384736	0.11560642037061136	4.7270486312625965E-4
49	49	0.005272656632547172	0.006036734263599907	0.003924326251716662	0.0014492828480815762	6.301064557582919E-4	0.004219054667449592	0.0014029463147824208	0.00885788190128517	0.19456417467096235	0.0028919691163381825	4.7901883718806974E-4	0.004282900382420605	0.5011355644945429	0.11519742236452246	0.015091683688312691	0.0030316583981943555	0.001223437110333909	0.005607894141265958	0.007167764272194445	0.11753352318850317
50	50	0.006932407547208767	0.00701838754112523	4.415958975057677E-4	1.6308464663414204E-4	7.09045089543822E-5	0.22868189177183548	1.578704973261951E-4	9.967581840289207E-4	0.09162384000016126	3.254269944884612E-4	5.390294785957252E-5	0.04485555421694251	0.42405873902707775	2.8474144943533777E-4	0.0016982343403019317	0.15247923307671538	1.3767071699082907E-4	6.310441302749454E-4	0.0388410947111078	5.476177940253066E-4
51	51	4.5052479106308044E-4	0.3470838322101188	3.353160252659773E-4	1.2383470000545626E-4	5.383976221316415E-5	3.604992426025262E-4	1.1987545167240018E-4	0.3232576629448297	0.04069185715080243	2.4710575193851E-4	4.093000484941101E-5	0.029246622940294002	0.19203656628007437	2.1621208800266014E-4	0.06386429794886711	2.59041572703611E-4	1.0453719764522747E-4	4.7916932817170606E-4	6.1245321403753E-4	4.1582139484230634E-4
52	52	0.05416140642472978	4.4326784785444964E-4	0.04165295982954599	1.0641854700730039E-4	4.6267720321453E-5	0.12026772651589264	1.030161286639254E-4	6.504202562976668E-4	0.20870111255198606	2.1235271759275861E-4	3.5173595485628517E-5	3.144866002364759E-4	0.12366367758380997	1.8580394872878006E-4	0.04660944149724289	2.2260988059396626E-4	8.983505173533693E-5	0.401650365573087	5.263175922819159E-4	3.573401369060324E-4
53	53	0.023645261362861863	0.025475619572913055	0.19515915907491407	4.6459176818840755E-5	2.0199112465532866E-5	0.04708772396413019	4.497378202750159E-5	2.839541653563081E-4	0.2644756920941162	0.08135660616315926	1.5355747075827783E-5	0.018195939791982474	0.332091010579521	8.111648533443173E-5	4.83789069813009E-4	9.718486199051955E-5	3.921931533997931E-5	1.797703918426221E-4	0.0038415034849156324	0.007379461803421673
54	54	4.1096193944566373E-4	4.705157558664357E-4	3.058702357873638E-4	1.1296015112693027E-4	4.9111821452057015E-5	3.2884198793820316E-4	1.0934858433643168E-4	0.009471905725334628	0.00199248499789504	2.2540615095831748E-4	3.733573492092073E-5	3.338182571471289E-4	0.45179023741960656	0.2855960987008281	0.005567029441451884	2.362938271701576E-4	9.535725966849664E-5	4.370910554414932E-4	5.586706118140175E-4	0.2418706603418102
55	55	0.1090490705227787	6.836341930951482E-4	4.4441307060857465E-4	1.641250495966095E-4	7.13568462080167E-5	4.777897961481945E-4	1.588776364805807E-4	0.07755744514916948	0.2516965403740924	3.275030648980334E-4	5.424682318932467E-5	4.850200487866074E-4	0.2289986857069653	2.8655796529776837E-4	0.16119725185406727	3.433222753048267E-4	1.3854899109423747E-4	6.350698935588345E-4	0.16667942940194413	5.511113367159436E-4
56	56	1.850655532268409E-4	0.004166395843518562	0.34022575909167446	5.086853758061192E-5	2.211617557397788E-5	1.4808506233956027E-4	4.9242166518121646E-5	0.002288159690883438	0.12744164059362065	1.0150554108271447E-4	1.6813134684907825E-5	1.5032599008921456E-4	0.22124677217747357	8.881511178580228E-5	0.30304986086009883	1.0640851050177258E-4	4.294155327023693E-5	1.9683209129997512E-4	2.515821440457477E-4	1.7081017073103372E-4
57	57	5.236163424304994E-4	0.5936017618255108	3.8971651325513953E-4	1.4392520449281175E-4	6.257453513459949E-5	4.1898536685425203E-4	1.3932362168970558E-4	0.26940898570781197	0.04729356037817735	2.871953166401102E-4	4.7570344318544807E-5	4.253257493374618E-4	0.044172348573901316	2.512895737481463E-4	0.040659250121545386	3.010675628225697E-4	1.2149694348621127E-4	5.569080681001157E-4	7.118154610036401E-4	4.8328278973929157E-4
58	58	4.7814296804903403E-4	0.01076447150726803	3.5587164732213536E-4	1.314260439882878E-4	5.714026001302136E-5	3.825986521866366E-4	1.2722408488023606E-4	0.2357951677397088	0.232201586095525	2.622538870171174E-4	4.343910565893493E-5	3.8838840520506995E-4	0.13228956202577183	2.2946637240922892E-4	0.0013685667272630739	2.7492140028150425E-4	1.1094556158757324E-4	0.3836475173744201	6.499979653951446E-4	4.413121760492676E-4
59	59	5.715807809115938E-4	0.15332483780807482	4.254154252454081E-4	1.5710907798448126E-4	6.830650374928219E-5	0.04320508504886968	1.5208597981336582E-4	0.08645567541849535	0.2592575385126514	0.012527137249112634	5.192789519826008E-5	4.642865477033567E-4	0.04821863537599739	2.743082657260102E-4	0.25201551046651793	3.28646030921229E-4	1.3262633766141098E-4	0.037248824684052335	0.0923792758141047	0.012741186777209415
60	60	1.3550050547962242E-4	0.06819697933139793	1.008501459192644E-4	3.7244708347930426E-5	1.619292686995544E-5	1.0842428777870267E-4	3.605391893724662E-5	0.006018431341480126	0.1381883379216063	7.431989306422465E-5	1.23101690659284E-5	1.1006504067694342E-4	0.2995229004826074	6.50282688018894E-5	0.003283234468367607	0.004421006090709026	3.144076286884781E-5	0.12464621140284377	0.3548704052727019	1.250630604753671E-4
61	61	5.82247823806429E-4	6.666232286362155E-4	4.333546785246734E-4	1.600411032204517E-4	6.95812639053668E-5	4.659008863727491E-4	1.54924262212898E-4	0.9216542888838973	0.002822937947869823	3.193537607037118E-4	5.2896991962911494E-5	4.729512276317966E-4	0.049118508620625854	2.7942750369660917E-4	0.0016665412898032922	3.3477933950354876E-4	1.3510145732964558E-4	6.192673613019907E-4	0.01945387441211911	5.373979568755573E-4
62	62	1.7087526017609697E-4	0.08600098239654921	0.04394267417001393	0.005523905003046352	2.0420370995090237E-5	0.32875294542267525	4.546641916178254E-5	2.870645634589789E-4	0.009956690299638502	9.372238884761155E-5	1.55239519919621E-5	0.03482606657559925	0.33207740233281147	8.200502508084801E-5	0.01326860791020144	0.029308579643460057	3.964891877216862E-5	1.817395740344101E-4	0.11524796683417579	1.5771293930974385E-4
63	63	5.265621210272072E-4	6.028679315654914E-4	3.9190899364679766E-4	0.5289731263272208	6.292656907884735E-5	4.2134250895620406E-4	1.4010743325082743E-4	8.8460626336974E-4	0.04755962609583137	2.8881102980312225E-4	4.783796717668773E-5	4.2771856137845213E-4	0.3875967259023132	2.527032871637496E-4	0.024010490457374977	3.0276131893913603E-4	1.2218046511585674E-4	5.600411404173935E-4	7.158200165912239E-4	0.006111835609778934
64	64	0.0064046151831369585	6.27582662515747E-4	0.15267610461819267	1.506683496111105E-4	6.55062604888182E-5	4.3861555700126667E-4	1.4585117468343827E-4	9.208709320498639E-4	0.3364762044955923	3.006509146656579E-4	4.979909734479746E-5	0.05900991807864622	0.3097828924796399	2.630629255281246E-4	0.07770300546296047	3.1517309960939785E-4	1.271892857291447E-4	5.830001756915836E-4	7.451652482623129E-4	0.0532141239986502
65	65	0.17495666802874155	3.598996506932181E-4	2.3396154038372605E-4	8.640373553053934E-5	3.756585654173178E-5	0.0170440636389321	8.36412315970374E-5	0.050905684292295264	0.37431824686439324	1.7241419438678612E-4	0.013462582994493754	2.553391095714438E-4	0.32542537902592367	1.508586209637882E-4	0.02440928332707366	1.807422276495329E-4	0.0034314453835360666	3.3433294467439335E-4	4.273297026455099E-4	0.013724157629973109
66	66	7.751226740133176E-4	0.025731875556202138	5.76907329628593E-4	2.1305616407339188E-4	9.263068599717921E-5	6.202347627674082E-4	2.062443232693383E-4	0.10067988889829954	0.02860248900093748	4.2514257818018997E-4	7.041959828978961E-5	0.025474047955716398	0.5622780054644555	3.7199038794550904E-4	0.0022185981434176853	4.456780192735823E-4	1.7985503523885345E-4	8.244052676462235E-4	0.0010537186463205129	0.24915968950832734
67	67	1.10536769679374E-4	0.021384269462613303	8.22701680126607E-5	0.013021208484171739	1.3209646868279705E-5	0.043784861943597674	2.941157835167329E-5	1.856979734894001E-4	0.15406385804713985	6.062767716738408E-5	1.004222322225446E-5	0.20676201122972998	0.42857426589693237	5.304788159837424E-5	0.05464165460693687	0.02014028646214225	2.5648320288371877E-5	0.03200413642060524	0.02495093295548983	1.0202225196305444E-4
68	68	0.3134785260249039	0.016107081641663922	8.560646391580067E-5	3.1615103301824575E-5	1.3745336678974938E-5	9.203576053082223E-5	3.0604303864820005E-5	1.9322856936807551E-4	0.03742394836114949	6.308630677561957E-5	0.014756967425492429	0.061537253347123184	0.3255243090187683	5.519912832999236E-5	0.019991238592991553	0.012354898499171228	2.6688434681809704E-5	1.2233233341338808E-4	1.5635982183085878E-4	0.197955275526044
69	69	0.026700222525534837	1.77785782583916E-4	1.1557398144605373E-4	0.0017017410383658007	1.8557048307334622E-5	1.2425392655424701E-4	4.131768893667912E-5	2.608704304497214E-4	0.050524627647086366	8.517038685252552E-5	0.026559046749087205	1.2613422472625602E-4	0.3449114539080203	7.452221177741433E-5	0.031966575435460574	0.03824763461499524	0.31857530298780384	0.03832350644696644	0.0898002655974924	0.03166543736755278
70	70	2.504262486281236E-4	2.8671632176204643E-4	1.863869335893981E-4	6.883407969443664E-5	2.992707603561174E-5	0.08314321278046737	6.663331354992593E-5	0.029852033426819715	0.20723343424869925	0.04562213130150275	2.275112884816533E-5	2.0341750862305037E-4	0.17095819846192048	1.2018246982323943E-4	0.09703748665382551	0.005495139603568715	5.8107475476805875E-5	0.2785261573056228	0.08060768745311349	2.3113620842918808E-4
71	71	0.050556080791107724	0.0010636140784952696	6.914282570134758E-4	2.5534959360991495E-4	1.1101865148120983E-4	7.433565478107611E-4	2.4718554546507304E-4	0.0015606729540281396	0.024354904202667622	5.095369337785841E-4	8.439847719813954E-5	0.010680023501481666	0.01881730452649582	4.4583358947530746E-4	0.8760957886705812	5.34148831587801E-4	2.155577631685792E-4	9.88056604599438E-4	0.0012628906058049876	0.01078284987414928
72	72	0.3200899553676322	1.81397165141431E-4	1.1792164870397876E-4	4.354934119185885E-5	1.8933999712571084E-5	0.05429507723535236	4.215697978982888E-5	0.03581411595271217	0.05493645878751274	0.0051651785241846005	1.4393984449374044E-5	1.286964033912855E-4	0.4500977215127403	0.0017687953437314084	0.007224525761908199	9.109797037541346E-5	3.676292741285122E-5	0.06957164450533823	2.153833616990695E-4	1.46233227020087E-4
73	73	0.0071593254813816926	7.015360671867355E-4	0.007002634404496	1.6842288314974352E-4	7.322542049714809E-5	0.31472632300537046	1.6303805951525544E-4	0.12541447689019286	0.016063950314780577	3.3607916991388876E-4	5.5667348681484674E-5	4.977209463323581E-4	0.43793941934956465	2.9406186821326824E-4	0.08685941170292755	3.5231262746599905E-4	1.4217708140794167E-4	6.517000466270643E-4	8.329744094182232E-4	5.655429228770561E-4
74	74	2.2245240708077208E-4	0.007384789334754641	1.6556659796048743E-4	6.11449750219894E-5	2.6584074702556883E-5	1.7800113525051007E-4	0.0071892906791521894	0.12633882359609158	0.08426303326679514	0.03814921502231325	2.0209716049353463E-5	1.8069477414393322E-4	0.15899142893466403	1.0675749785635473E-4	0.1028348244263121	0.43744074398513344	5.161658516235409E-5	2.3659601550350166E-4	0.012185907703997871	0.02397231927205402
75	75	0.2942294654746429	0.011640214358683634	0.28961652367828655	5.863647137180601E-5	2.5493449538279202E-5	1.706985482864609E-4	5.676174359740284E-5	3.5838065647921826E-4	0.08992287905046864	1.1700605200894921E-4	1.938060218577365E-5	1.7328167927643004E-4	0.18665664799881998	1.023777172944884E-4	0.09633677865565701	1.226577345548028E-4	4.9498988544754646E-5	0.0025060844220432554	0.027640338799888083	1.9689391837167638E-4
76	76	9.673983354108536E-4	0.001107587139635717	0.23844261159255595	2.659065272938716E-4	1.1560850230023975E-4	7.740891825012298E-4	2.5740495241307807E-4	0.0016251959503058985	0.20106981738281635	5.306027500322202E-4	8.788776854265135E-5	0.011121568358688215	0.09194562526879319	4.64265714514681E-4	0.3645207188852962	5.562321790203006E-4	2.2446958080126787E-4	0.0837150267842919	0.0013151023684598445	8.928807763263423E-4
77	77	2.413844572705277E-4	2.763642553377338E-4	0.010495544626485857	6.63487835631455E-5	2.8846540832376176E-5	0.013088009244881373	6.422747741300256E-5	4.05517590906584E-4	0.021802089582015925	1.323955729036703E-4	2.1929685563678136E-5	1.96072996290468E-4	0.32468190242218864	1.1584320897125116E-4	0.06000725569058613	0.567512592437715	5.6009469886512904E-5	2.567317726256176E-4	3.2814328890802395E-4	2.2279089565446395E-4
78	78	0.001173611224557406	0.0013436830017904172	8.734938872010384E-4	3.2258778384462657E-4	1.4025188072730048E-4	9.390958410178355E-4	3.1227399340144044E-4	0.3781404549842853	0.018229032300682995	6.437072717872433E-4	1.0662213060264656E-4	9.53306902528525E-4	0.24947353998668698	5.632296788067026E-4	0.19144358791243843	6.747999297321566E-4	2.7231804103547555E-4	0.15171576125880423	0.001595432661573698	0.001083209328495573
79	79	0.0024153219635323396	0.08018184253594436	0.0017976727954042424	6.638939226071095E-4	2.8864196324904624E-4	0.0019326832968282546	6.426678776754994E-4	0.3395291947007668	0.03751581543230755	0.0013247660546358046	2.1943107602801325E-4	0.0019619300254498403	0.255367907514917	0.2592141694343679	0.0069132654787450315	0.0013887555411604149	5.604375041889459E-4	0.002568889050152427	0.0032834412863502072	0.0022292725456891723
80	80	0.03799111871061883	9.945170937468429E-4	6.465100778586069E-4	2.3876097624209804E-4	1.0380639825582892E-4	0.12134312160646142	2.3112730008231636E-4	0.0014592848683661615	0.2640688174180348	4.7643520406862375E-4	7.891558597879751E-5	7.055830942924675E-4	0.24961034449217834	0.018978109801502677	0.048889366438402436	4.994482062239215E-4	2.0155419573260105E-4	0.15869440387825684	0.04758394649366187	0.047204828160034525
81	81	0.1701318106892188	2.528856010793247E-4	0.04736187588264577	6.0712091698485194E-5	2.639586949672618E-5	0.2904412517714083	5.877100210208787E-5	3.7106665476448626E-4	0.12378434204317498	1.2114784523443704E-4	2.006663889465066E-5	1.7941552340676082E-4	0.3466557554169772	1.0600169510290799E-4	0.005351955779840003	1.2699958666681073E-4	5.125115923937379E-5	2.3492100509615136E-4	3.002657226935598E-4	0.01436310802125932
82	82	6.844328489459666E-4	7.836162144261251E-4	5.09408820607825E-4	1.881284630821488E-4	8.179283930452965E-5	0.02248528114341435	1.821136118019698E-4	0.0011498236596519515	0.259257198770974	3.754006375345708E-4	6.218046238998695E-5	5.559546002668093E-4	0.2917400701762251	3.284672859378716E-4	0.023896635034799264	3.9353341950976444E-4	0.05134657841327463	0.21279155353125587	0.13255611827721261	6.317117893846528E-4
83	83	5.82247823806429E-4	0.6725113686058717	4.333546785246734E-4	1.600411032204517E-4	0.006290365943324214	4.659008863727491E-4	1.54924262212898E-4	0.013419725688745736	0.015264507306707517	3.193537607037118E-4	5.2896991962911494E-5	4.729512276317966E-4	0.024235369902950464	2.7942750369660917E-4	0.19451086635178755	3.3477933950354876E-4	1.3510145732964558E-4	6.192673613019907E-4	0.06922015184746988	5.373979568755573E-4
84	84	8.528104984498534E-4	9.763940106721688E-4	0.037080724855390004	2.3441003543410894E-4	1.0191473446130797E-4	6.823987156160935E-4	2.2691546774021362E-4	0.8670251003969736	0.004134718963271267	4.6775312626691934E-4	7.747750740823006E-5	0.06447321848143149	0.008162720826275914	4.092736786034378E-4	0.002440960446624024	4.903467625284779E-4	1.9788127401383076E-4	9.070325134289402E-4	0.010270828199367359	7.8711950604274E-4
85	85	5.356017403936745E-4	6.132175112484551E-4	3.986369901877399E-4	0.503719651979492	6.400684471926148E-5	4.2857579777775146E-4	1.425126914652419E-4	8.997925131790805E-4	0.04837609370705859	2.937691186477294E-4	4.8659213136612115E-5	4.350613094350189E-4	0.3828058646907032	2.5704150565192935E-4	0.05875716838357931	3.0795889577349016E-4	1.2427796672974175E-4	5.696555022120845E-4	7.28108672053679E-4	4.943449665554166E-4
86	86	9.878180460045915E-4	0.0011309659361674498	7.352119737754596E-4	2.7151924558537117E-4	1.1804875061650732E-4	0.04300615261395734	2.6283822063494E-4	0.001659500362199751	0.015343213059849587	5.418026396736446E-4	8.974289143534082E-5	8.023898732338301E-4	0.5688132965590575	4.740653711627963E-4	0.0028273863691189328	5.679730511127619E-4	2.292076537431785E-4	0.001050623892068203	0.34962258489409087	0.011465658596511843
87	87	0.0019198857833294736	0.2893691972919935	0.3091122459116732	5.277145336715939E-4	2.2943508570745974E-4	0.0015362470268072902	5.108424219962989E-4	0.023737563171089035	0.009308267393607919	0.0010530271131278534	1.7442088866312367E-4	0.0015594946018044388	0.30554738308205537	9.213755206695551E-4	0.00549520118204618	0.0011038909347284667	4.4547932448865956E-4	0.04306639494752346	0.0026099345516825538	0.0017719992333345251
88	88	0.008880528165747094	4.5454925194544937E-4	2.9549082073458016E-4	1.0912695601412873E-4	4.7445258579285456E-5	0.00880119487655941	1.0563794430197223E-4	6.669738001104699E-4	0.03161716331640061	2.177572079671033E-4	3.60687823256563E-5	0.28452013669725945	0.4364591661275515	0.03836633598561159	0.00961987351509311	2.2827542125924445E-4	0.09341075151208897	0.04283981792787782	0.04295727179783213	3.6643463474042944E-4
89	89	4.805981129537409E-4	5.502431312481924E-4	0.38032924531437506	1.3210088394998424E-4	5.7433660998916874E-5	3.845632008556184E-4	1.2787734882977023E-4	8.073883097652407E-4	0.16150737456534026	0.13376711678218062	4.366215463392816E-5	3.9038268281198994E-4	0.31781985848827915	2.3064462500869894E-4	0.0013755939761231819	2.7633305311381524E-4	1.1151523937943326E-4	5.111547232755719E-4	6.533355428551274E-4	4.4357820402168217E-4
90	90	5.356017403936745E-4	6.132175112484551E-4	3.986369901877399E-4	1.4721960291584545E-4	6.400684471926148E-5	4.2857579777775146E-4	1.425126914652419E-4	8.997925131790805E-4	0.13993471777552696	2.937691186477294E-4	4.8659213136612115E-5	4.350613094350189E-4	0.6517593228918291	0.2005415316554265	0.001533028340786572	3.0795889577349016E-4	1.2427796672974175E-4	5.696555022120845E-4	7.28108672053679E-4	4.943449665554166E-4
91	91	3.7031311422883065E-4	4.2397637864873206E-4	2.756161792430449E-4	1.01787103214466E-4	4.425410190513793E-5	2.963157629800321E-4	9.853276159042424E-5	0.07183832908085432	0.2035746835334995	2.0311091056339722E-4	3.364280470653241E-5	0.4117722687621059	0.284452878253998	1.7771757122012088E-4	0.024798668865980745	2.1292167136075993E-4	8.592533858439492E-5	3.9385776249848217E-4	5.034117134254192E-4	3.417883293917793E-4
92	92	2.497580023397334E-4	0.10435493518009446	1.8588957208173713E-4	6.865040039355443E-5	2.9847217563935042E-5	1.9985042435719633E-4	6.645550685151947E-5	0.011093326801596125	0.07059023542817436	1.369883304871866E-4	2.269041892860713E-5	2.0287470212462772E-4	0.24254976565250067	1.198617706560039E-4	0.5690916293500755	1.4360520664963365E-4	5.795241942725906E-5	2.6563771086657225E-4	3.395264684627425E-4	2.3051943636858525E-4
93	93	2.3831146450606103E-4	2.7284594530811046E-4	1.7737015728907542E-4	6.550411719926191E-5	0.9879306881666546	1.9069117651708743E-4	6.340981675828647E-5	4.003550686928058E-4	0.003701555756457887	1.307100847733205E-4	2.1650505347079986E-5	1.9357685007740576E-4	0.004827150510216918	1.1436844399670977E-4	6.821079945588233E-4	1.370237060945827E-4	5.52964302084446E-5	2.534633978155401E-4	3.2396579560988446E-4	2.1995461191823347E-4
