0	0	1.6181252630518208E-4	8.825694693899333E-4	0.0014044597083880102	7.010009844746564E-4	0.0012937569453129578	0.0016376966485535068	0.4304892306857714	5.433017909686477E-4	0.0018561000032872562	8.320586538192143E-4	0.5338084172520586	4.3158255623354063E-4	3.173918668647803E-4	0.0011677630417965856	0.020110686482552556	7.673123303347208E-4	0.0010071013587374476	4.6433903692422537E-4	2.5665996135696215E-4	0.0018667586968698878
1	1	5.7940371605866396E-5	3.160225242883895E-4	0.12361256929079527	2.5100811701027765E-4	4.63256831165998E-4	5.864116614551202E-4	0.10138441689470899	0.044162280971833195	0.04902912996446839	2.979360665146373E-4	0.34063162605131525	1.545371934903179E-4	1.1364882021643653E-4	4.181420693085379E-4	0.18746878891421487	0.1497650695146646	3.606137812839521E-4	1.662663389839068E-4	9.190248664261446E-5	6.684321360333421E-4
2	2	1.0102714295931029E-4	5.510294783199609E-4	8.768700111158374E-4	4.376677646053805E-4	8.07753088424199E-4	0.09301917772824869	4.50929796747233E-4	3.3920876806977507E-4	0.001158850211789028	0.21517842946207336	0.06495793966806931	2.694572144873195E-4	1.9816261596086114E-4	7.290891901883895E-4	0.6182008998456261	4.790690452787572E-4	6.287805725978914E-4	2.8990862040221324E-4	1.6024484136065596E-4	0.0011655049336756458
3	3	3.5766872721548074E-5	1.9508223868934822E-4	3.104403149711393E-4	1.549485293993706E-4	0.013856720496324323	3.6199476593576455E-4	1.5964371726425724E-4	1.2009086348676839E-4	4.102704165858772E-4	1.839173804868863E-4	0.006712309620441787	9.539655989630923E-5	7.015596854100642E-5	2.5812112967133556E-4	0.0017310952878409045	1.696059204031938E-4	2.2260863814538222E-4	1.0263701836032151E-4	0.9744365678576915	4.1262640314299303E-4
4	4	1.8446282086769512E-4	0.14098473299540737	0.0016010540439598592	7.99126136769829E-4	0.0014748552605840983	0.05785838823667847	8.233409347702975E-4	6.193524273611076E-4	0.002115914325280148	0.5608630197472954	0.07661141813152529	0.09847703075512115	3.6181994323431025E-4	0.0013312249039890297	0.008927890410545427	8.747196534905991E-4	0.0011480740198198658	5.293365757635316E-4	2.9258686924154805E-4	0.044121651808295116
5	5	4.784327935850544E-5	2.6095024063633467E-4	0.250924008766355	2.0726569627591468E-4	3.8252647288797813E-4	0.036789835527895144	2.1354617783798043E-4	1.606386103401248E-4	0.08405171193174901	2.4601565482177236E-4	0.17961506420221354	0.1671334402613075	9.384358615036928E-5	3.4527372329531985E-4	0.23830209043428524	2.2687204145241868E-4	0.03297282515297579	1.3729161003719914E-4	0.007337010128400966	5.519465017239855E-4
6	6	2.5816827463512435E-5	0.011895388655652542	0.7054986783959212	0.005989131475883566	2.0641603341555308E-4	2.612908455154897E-4	1.1523216850216986E-4	0.021636739810015463	0.04731444327894444	1.327531013554489E-4	0.05578150003449173	6.885803370703659E-5	5.0639164051588795E-5	1.863139872834642E-4	0.15014082347827193	1.2242296993445273E-4	1.6068077429158193E-4	7.408425710032529E-5	4.094952406000634E-5	2.978371841386781E-4
7	7	9.060763963417104E-5	4.941986770775957E-4	7.864334241857665E-4	3.9252860105951315E-4	0.23449865825272975	0.05592273273437428	4.044228444670471E-4	3.042242403152594E-4	0.0010393314044528919	4.659149225416328E-4	0.31953552019359033	2.4166656080661336E-4	0.007053437136119274	6.538940790631479E-4	0.3756738121336108	4.296599324004118E-4	5.639308591935897E-4	2.600086970174253E-4	1.4371788030360374E-4	0.0010452997870568732
8	8	2.8620325924299004E-5	1.5610303133847423E-4	0.7299860093309809	1.2398840254851528E-4	2.2883114359049787E-4	2.896649160419941E-4	1.2774544913223606E-4	9.609561563516662E-5	0.028562189805825998	1.4716901345156706E-4	0.05966708126685296	7.633545872307699E-5	5.613816731505302E-5	2.0654617798584324E-4	0.17947592996598105	1.3571711338647947E-4	1.7812940557833094E-4	8.212920766765656E-5	4.539631086347484E-5	3.3017989117647723E-4
9	9	2.1205488884047754E-5	1.1566049613026032E-4	0.43787752029118293	9.186599408223815E-5	1.6954650637337527E-4	2.146197137472878E-4	9.464968039589748E-5	0.05800121714390902	0.045299921761626234	1.0904106707512685E-4	0.02972627337505672	5.6558780137320985E-5	4.1594120420532116E-5	1.5303503855638306E-4	0.4274556291333176	1.0055607846340517E-4	1.31980367376122E-4	6.085150829025011E-5	3.363522022559812E-5	2.446382347496057E-4
10	10	2.4115988078952898E-5	1.315351492783275E-4	2.0931589388188316E-4	1.0447480038128337E-4	1.92817130927092E-4	0.06612511447767427	1.0764055365973071E-4	0.018381260111701908	0.2967412966749264	0.08613536202199876	0.2076590071546856	6.432159498939092E-5	4.7303003373370604E-5	0.023964414169421282	0.2738414945344094	1.1435761763144221E-4	0.0257704985253302	6.920350936204666E-5	3.8251726919801435E-5	2.782153613688073E-4
11	11	8.818237317321079E-5	4.809706150575891E-4	0.44910741468454507	3.8202191028861426E-4	0.01408839815418937	0.041042522146948604	3.9359778418855196E-4	0.04713778594622491	0.02777820039105327	4.534439229673876E-4	0.24406589136073942	2.3519794726556653E-4	1.7296787019581783E-4	6.363914999718562E-4	0.15817643278637875	4.181593588519074E-4	0.007240508409204196	2.530491252309805E-4	1.398710285773264E-4	0.00770899268494754
12	12	1.6800121571968553E-4	9.16324262405624E-4	0.0014581747397818382	0.03897385805732849	0.01409192021919808	0.0017003320708196153	7.498653514162788E-4	5.640809365602999E-4	0.0019270884904266218	0.6382979908839213	0.12076928452282594	4.480888827722502E-4	3.295308509815659E-4	0.0012124253614601741	0.17386402696031042	7.966589934441293E-4	0.0010456190041909002	4.8209816934846004E-4	2.6647619018822685E-4	0.001938154836900247
13	13	1.6588638294461882E-4	0.18972777790298231	0.039204416648230184	7.186496645865269E-4	0.001326329085689409	0.0016789279519478432	0.013328625131170828	5.569801733466664E-4	0.15296122072693116	8.530068940368423E-4	0.031131622068502198	0.13891263982680827	3.2538265097559546E-4	0.0011971631094535203	0.22202818888606218	7.866304913129397E-4	0.0010324565438430825	0.03824062712413325	0.16390971177937594	0.0019137569576666241
14	14	4.801761025060785E-5	2.6190108867297503E-4	4.1677118842373633E-4	2.0802092907388518E-4	3.8392031925815794E-4	4.859838800777106E-4	2.1432429539569624E-4	0.04388671126989148	0.02970111961286887	2.4691208435484983E-4	0.5154982800533594	1.2807143828344965E-4	0.07296999774268062	3.4653182844631835E-4	0.18815734480676746	0.09861004519937229	2.98855729101633E-4	0.04750706980851568	7.616343600081348E-5	5.539576792044698E-4
15	15	9.658441964920222E-5	5.267976586705151E-4	0.308667099142331	0.015076934895536662	7.722317090242161E-4	9.775261778167932E-4	4.3109991479127095E-4	0.02964131949452516	0.09638822889727912	4.966482140057385E-4	0.05477212219748724	2.576076875897633E-4	1.8944830763407917E-4	6.970270983038118E-4	0.3051741613134542	0.17636016741875452	6.011296064813018E-4	2.7715973185667717E-4	1.531979877014934E-4	0.00844350812710718
16	16	2.2432826587302685E-5	1.2235472932875204E-4	0.21979179623899758	9.71830418900321E-5	1.7935957038076706E-4	2.2704153849201144E-4	1.0012784324260756E-4	7.532046584813953E-5	0.022387259060656996	1.1535217895546315E-4	0.11485962754381394	5.983230633104436E-5	4.4001517510266195E-5	1.6189244683243638E-4	0.3040956727643371	0.33546007080043544	1.3961916702162356E-4	6.437349030315893E-5	3.558196968117018E-5	0.001961100499354098
17	17	3.8595208694219165E-5	2.1050875130647952E-4	0.35178819539130246	1.672013898332295E-4	3.0858438740258385E-4	3.9062021570280414E-4	0.01774492817875535	0.044061238084820174	0.32553692927528055	1.984610099308189E-4	0.121465390815422	1.0294023093862688E-4	7.570369006161248E-5	0.009064862726780478	0.10730394697939925	1.8301784292683508E-4	0.020741648894856753	1.1075324292980453E-4	6.121803421658181E-5	4.452556494393882E-4
18	18	3.803818198488261E-5	2.0747057633621805E-4	3.301542544199646E-4	1.6478824988331518E-4	0.029169201200029634	3.8498257567662504E-4	0.0896515000467707	1.2771701220832022E-4	0.2659949721850259	1.9559671441244977E-4	0.06775521044097929	0.011647482729496965	7.46110938874669E-5	2.74512635785083E-4	0.20389651857397037	0.30615012338877134	2.3674498900429534E-4	0.02320121116698564	6.033450278080485E-5	4.3882948159079E-4
19	19	3.6358974984774156E-5	1.9831172525761574E-4	0.12171515774376002	1.5751362296109113E-4	2.907047895803429E-4	0.016922475346879	1.622865372568769E-4	1.2207890623841918E-4	0.005935224880902311	0.11606837763923063	0.1751273892225	0.05803768360143989	7.131736467634486E-5	0.005780556840452014	0.25007707182823863	1.7241365956756227E-4	2.262938101615576E-4	1.0433612164326832E-4	5.767101798392745E-5	0.2487367763662858
20	20	2.7952533771557986E-5	1.5246071155418367E-4	0.004484941457704059	1.2109540676391815E-4	2.2349187378634973E-4	0.055433145244890764	0.002245927830205757	9.385343648585447E-5	3.206346208786332E-4	0.05317281113051038	0.07312302285972785	7.455433923317358E-5	5.482830705345389E-5	0.019292194231930508	0.11377452702786452	1.3255045401467942E-4	0.00653746226670376	8.021290383043386E-5	0.6703318574911099	3.224758719803389E-4
21	21	2.0772440134322355E-4	0.001132985306261541	0.0018029540654062126	8.998994896499865E-4	0.0016608410552957616	0.12820680712605198	9.271678811590925E-4	6.974555175339924E-4	0.0023827405134805874	0.0010681428050945002	0.5434010480795569	5.540376271902954E-4	4.074470440647411E-4	0.0014990982732105643	0.30955177878974166	9.85025684361676E-4	0.0012928512496067721	5.960882675019747E-4	3.2948337214077874E-4	0.002396423451347692
22	22	6.883599971213407E-5	3.7545023941028575E-4	5.974654143892743E-4	2.982099387935816E-4	0.2721766843540778	6.966857795408009E-4	3.072461761250337E-4	2.3112377502953587E-4	7.895958502681253E-4	0.04214262611017351	0.2740974844571725	1.835977559649699E-4	1.3502036557374995E-4	4.967732612822834E-4	0.29062868263923675	3.2641917505459673E-4	4.2842683705087564E-4	0.015868281356086155	1.091846560306647E-4	0.10004220585902723
23	23	5.669401768114524E-5	0.20251239599869053	4.920784895826446E-4	2.4560868750884605E-4	0.10370597500672914	0.14254623688720622	2.530510229319207E-4	1.903558522118442E-4	6.503190377602519E-4	2.915271710325292E-4	0.12679894086222224	1.512129476789129E-4	1.1120412320827404E-4	4.091474254232896E-4	0.09739224961942465	0.02177981778031735	3.5285662700352833E-4	1.6268978780899804E-4	8.992557448716914E-5	0.30180771308109045
24	24	7.262988182375301E-5	3.9614310292731907E-4	6.303945990810295E-4	0.0388950032242294	5.80705438524079E-4	7.350834744602113E-4	0.15464561000803378	0.341955600019494	8.331142648225483E-4	3.734712205366835E-4	0.4325027822509225	1.937167089111286E-4	1.424619855370931E-4	5.241528184528207E-4	0.025561161496634708	3.444097014406143E-4	4.520394949627544E-4	2.0841952194946807E-4	1.1520234612175505E-4	8.378984411343504E-4
25	25	0.6504329207892388	2.759749232592249E-5	4.3916731054720914E-5	2.191993940474291E-5	4.045511272281329E-5	0.0503499406208089	0.011541377436557069	0.00846410384477745	0.007737234815570963	0.0038656158078244377	0.0032533218494280687	1.349536404413606E-5	9.924680055118723E-6	0.0015723544533770264	0.2617214986598778	2.3993461004985555E-5	3.1491540307183706E-5	7.824391948411432E-4	8.0256246783797E-6	5.837258210033819E-5
26	26	2.314192894642386E-5	0.04754126988784344	2.0086150016798563E-4	1.0025500092304131E-4	0.03706339942669503	2.3421832871666875E-4	1.0329288753966622E-4	7.770134815983414E-5	0.07577830716397758	0.035241255888426935	0.00434300738317213	0.10191627013540633	4.5392406872782016E-5	1.6700987220573987E-4	0.3909771129460705	0.021183093099358067	0.14765751371176333	6.640833837106452E-5	3.6706716870067774E-5	0.13724378202851328
27	27	3.2991050324986586E-5	0.04524308914891365	0.03533546176216454	1.4292316722780128E-4	2.637768624328919E-4	3.339008034989212E-4	1.4725396741661456E-4	1.1077076130494835E-4	0.002881938007734574	0.04022577444815403	0.4718438946351186	8.799295182644402E-5	6.471125129539537E-5	2.3808867063177897E-4	0.20438090863884237	1.564430163911532E-4	0.030247430258984163	0.16782971865226806	5.232896299738124E-5	3.806029824717503E-4
28	28	1.1317405397854315E-4	6.172820303180181E-4	0.18133350034651463	4.902903691542325E-4	0.42172434071609355	0.0011454290538317744	0.009093299361156677	3.799932404599986E-4	0.0012981835631527296	0.009170106436049744	0.1157088633289973	3.018551692546446E-4	2.219885264331039E-4	8.167505973992204E-4	0.10853538558159934	5.36669496945629E-4	7.043814600647879E-4	3.247655322437424E-4	1.7951174105000915E-4	0.14730422939530238
29	29	4.537237151005125E-5	2.474732380919909E-4	3.938117098530108E-4	1.9656127880055961E-4	0.041679467602154484	4.5921154842358997E-4	2.0251739942015118E-4	1.5234228934423504E-4	5.204520368844876E-4	0.5339073134244373	0.02573024806448524	1.2101611986301877E-4	8.89969523774523E-5	0.010656616021581564	0.2432100617747964	0.024316561645179556	0.051928263389762454	0.013902433412632661	7.196767385288973E-5	0.052169312046548906
30	30	4.138283352093709E-5	0.12269796449623892	3.591843204367767E-4	1.7927788225625572E-4	0.038014642206637916	0.0098397760362617	0.09439413435141074	1.389470152939728E-4	0.1700516526295011	2.1279529797164318E-4	0.19304478165022845	1.1037531817202157E-4	8.117155752572905E-5	2.9865020127940224E-4	0.29719243316883603	1.9623671386797403E-4	2.575616907972756E-4	0.00953969504864397	0.05345097994534923	0.00989835763577003
31	31	2.1448632060727495E-4	0.001169866650575243	0.001861644473216926	9.291933408077035E-4	0.45744792989811817	0.0021708055392239303	9.573493827837398E-4	7.201593398549895E-4	0.00246030433783225	0.0011029133730384767	0.040252291679893325	5.72072858872669E-4	4.2071040647438825E-4	0.001547897458220994	0.4661140344234223	0.0010170905939611275	0.0013349366074835497	6.154923467195948E-4	3.402088331210808E-4	0.018750612135772157
32	32	1.7943928799062984E-4	9.787106153383495E-4	0.0015574520455194285	7.773632882884825E-4	0.06951796091044954	0.015432750407296976	8.009186372287304E-4	0.027835793746909317	0.015674945145634323	9.226974933088371E-4	0.006441764921628096	4.7859623953749723E-4	3.519663891583963E-4	0.0012949712457152383	0.3491011086078458	8.508981434602559E-4	0.504933012366704	5.149209895826799E-4	2.846187608166707E-4	0.002070110757586764
33	33	1.8706969667557803E-5	0.06966088272871833	0.18044755028045334	8.104195919148438E-5	1.4956982926968033E-4	0.05271336179047586	8.34976599639761E-5	6.28105274421813E-5	2.1458169682093804E-4	0.0015157617573722563	6.715692106442564E-4	4.989478857329568E-5	3.669332752997654E-5	1.3500381151322621E-4	0.3614757706153304	0.1278498608997812	1.1642988957805013E-4	0.0028928184575370422	2.9672178178133333E-5	0.2017945216219587
34	34	5.4132254918764384E-5	2.9525202153032865E-4	0.4030339635536562	2.3451067019569576E-4	0.037402983676290365	5.478698990948602E-4	2.4161671797270505E-4	0.008397348762621748	0.008836528158116133	0.004386151434696858	0.31413589898371136	1.4438027441994025E-4	1.061792794326862E-4	3.906597845461118E-4	0.22033321739873654	2.566942598105895E-4	3.3691252911650254E-4	1.5533852470796472E-4	8.58622182896501E-5	6.244995981349126E-4
35	35	3.3409252001117366E-5	0.0027174663115381633	2.899772310238516E-4	0.002679978068776569	2.6712055488606627E-4	3.381334021676245E-4	1.4912059049723516E-4	1.121749153887887E-4	0.16770927655679108	1.7179422310438494E-4	0.20148358345438558	0.1953028329697041	6.553154508688337E-5	0.07883364520943495	0.3438748166969584	1.584261218403357E-4	2.079350953415623E-4	9.587156354817245E-5	5.299229622927644E-5	0.0054559139412959
36	36	1.1317405397854315E-4	6.172820303180181E-4	9.822997173161575E-4	4.902903691542325E-4	0.21560868285415238	0.009733581464745988	5.051469502424623E-4	0.03473260288411686	0.0012981835631527296	5.819540251355311E-4	0.424882350121909	3.018551692546446E-4	0.19774949397746	8.167505973992204E-4	0.09994723317068512	0.009124821907859843	7.043814600647879E-4	3.247655322437424E-4	1.7951174105000915E-4	0.0013056384097607507
37	37	6.262098722886393E-5	0.024101352089687188	5.435219106371678E-4	2.7128538623404883E-4	5.006802563412063E-4	6.337839427857576E-4	2.795057666294265E-4	2.1025624709362827E-4	0.06724574602566885	3.2200433133470016E-4	0.4394283806008092	1.6702122115768166E-4	1.2282974931124462E-4	4.519209742066884E-4	0.1883572600871786	2.969476883873456E-4	0.2760034278709685	1.7969788597363792E-4	9.932667469749726E-5	7.224303036687477E-4
38	38	4.715843297421929E-5	0.1183507642183971	0.07913834679468333	2.042988184911067E-4	3.770508475678987E-4	0.007634472995997972	0.03241782103054314	1.5833916989742807E-4	5.409393796459569E-4	2.4249409580780968E-4	0.12336510173226346	1.2577986090270846E-4	9.250027437230446E-5	3.403313476020496E-4	0.4853924144779744	0.09684561940606916	2.9350831489208457E-4	1.3532636718621794E-4	7.480064653332337E-5	0.05422293178819845
39	39	6.352661503790101E-5	0.04855332265380645	0.05357889671592105	0.009916574976988692	5.079211189280772E-4	6.429497574576058E-4	0.09187652734982354	2.1329698331990087E-4	7.286935880247744E-4	0.06781622491060738	0.021563300619966072	0.21710017727266634	1.2460611921015355E-4	0.01492050604980545	0.38872930016831586	0.0774321721453576	0.005216065000731169	1.82296685672661E-4	1.0076314197094468E-4	7.328781263883479E-4
40	40	5.0022600971679366E-5	2.7283685265388233E-4	0.14467982734835258	2.167069097048462E-4	0.053543086625712735	0.008098152805811937	2.2327347510967674E-4	1.679559012975688E-4	0.04992099067331626	2.5722197765166657E-4	0.09289830011455387	1.3341910227698106E-4	9.811827965586143E-5	3.6100137611777956E-4	0.34785144536215523	0.20142193394064542	0.09900572921375023	1.4354541573516336E-4	7.934366470585658E-5	5.77088359820905E-4
41	41	1.6220196468951978E-5	8.846935721159285E-5	1.4078398578250845E-4	7.026881016407161E-5	1.2968706635522868E-4	0.0038567465525989482	0.07023147010952265	0.002516182762983718	0.32267161592424387	8.34061190861411E-5	0.0928968639917177	4.3262125711316804E-5	3.181557420644087E-5	1.17057352725572E-4	0.5066688830777506	7.691590407287256E-5	1.0095251755763944E-4	4.6545657367155755E-5	2.572776715117775E-5	1.8712514732170432E-4
42	42	2.254797705553219E-5	0.08225295800869019	0.07548151688176172	9.768189444140603E-5	0.005313403696287101	0.025893824226184796	1.0064181182286321E-4	7.57070950977316E-5	2.586406704259829E-4	0.3012591867598439	0.14795899804844226	6.013943294580501E-5	4.422738273168166E-5	0.005295846911837262	0.1756175059659795	0.13014604956282472	0.049760529209973293	6.470392737586254E-5	3.576461632417655E-5	2.6012591995413034E-4
43	43	5.621036179088189E-5	3.0658658085858006E-4	0.004753373743527268	0.0045090065719675994	0.0686973154002855	5.68902316902763E-4	2.508922481125645E-4	1.8873192903733654E-4	0.004910264343750312	0.31593553464912527	0.08732778231075367	1.4992295208819095E-4	1.1025544235249584E-4	4.05656994326926E-4	0.2885085902652634	0.017328521283581037	0.20509351851512161	1.6130188345192713E-4	8.915842063981534E-5	6.484737870628695E-4
44	44	2.381096481501048E-5	1.298714695474918E-4	0.011047962225840376	1.0315338470850636E-4	0.20798184277390938	2.4098960795422244E-4	1.0627909698201263E-4	0.0018868300025838612	0.021955715593641845	0.027225673215117128	0.2791146737386854	6.350804412921409E-5	4.670470665685261E-5	1.7183814711628807E-4	0.3444600733635845	0.10491208456603701	1.4819653067414378E-4	6.832821118920074E-5	3.77679123417583E-5	2.7469644448570866E-4
45	45	6.956273312324445E-5	3.7941404082713E-4	6.037731324501055E-4	3.013582787167726E-4	0.3067225634510777	7.040410127785704E-4	0.2800832174851018	2.335638553671258E-4	7.979319779929153E-4	3.5769958853091845E-4	0.17141664389691627	1.855360821899483E-4	1.3644583787389997E-4	5.020179258216213E-4	0.1194988703508583	3.298653329012365E-4	0.11656502553166817	1.9961799770275144E-4	1.1033736882411444E-4	8.02514119277408E-4
46	46	1.7468211606323956E-4	9.527637075208732E-4	0.001516161939923443	7.567543633766601E-4	0.0013966545485640984	0.3994377109249576	7.79685228983446E-4	5.865127297274752E-4	0.0020037229725200847	8.982355671509971E-4	0.04603796142575386	0.02697722547531159	3.4263529648276845E-4	0.08079459220976437	0.22054504975772998	8.283397126591428E-4	0.027598517562834882	5.012697557648403E-4	2.770731424956909E-4	0.187594451562415
47	47	3.988000461439552E-5	2.175163772266496E-4	0.003372413213262114	0.0031990401265408115	0.1486062225618368	4.0362357224505135E-4	1.780024837710293E-4	1.3390111646841729E-4	4.574508438009893E-4	0.009283885887273654	0.14366648888416414	1.0636700833423062E-4	0.006130769329362574	2.8780463761832355E-4	0.6071847223287515	0.042556929097876145	2.4820826762116485E-4	1.1444010768521721E-4	6.325592138609623E-5	0.03374907823016077
48	48	2.1803509900467425E-4	0.0011892226518607557	0.15080173561672744	9.445672874795912E-4	0.0017432792757173699	0.0022067225514638767	9.731891845891294E-4	7.320747193567069E-4	0.0025010112456686404	0.16657592754316206	0.007827331841203935	5.815380769693653E-4	4.276712606576771E-4	0.4483013762047424	0.2090984877618778	0.001033918842577766	0.0013570237698775063	6.256759609361977E-4	3.458377504066504E-4	0.0025153733557204084
49	49	4.2312965547688126E-5	2.3078640698870104E-4	0.16733388613890926	1.8330738158694508E-4	0.2925299095765647	4.2824745061525955E-4	1.8886188795694654E-4	1.4207002688961434E-4	0.19956095431294962	2.1757814402024246E-4	0.1299548788062832	1.128561443905233E-4	8.299599193227461E-5	3.053627459113467E-4	0.20754531143242902	2.0064738459453597E-4	2.6335071868859895E-4	1.214217596156041E-4	6.711497774829755E-5	4.8814574637769033E-4
50	50	0.010548794591647767	1.8892886347995056E-4	0.047614349785957875	1.5006107041825337E-4	0.02393380123222899	0.18960538265608673	1.546081604716459E-4	1.1630290130620629E-4	0.016168563316759147	1.7811617245652573E-4	0.1563273083056929	9.238751698870484E-5	6.7943076170528E-5	0.04493514190328131	0.3775575654937935	1.642561311400205E-4	2.155870123707116E-4	9.93995935256055E-5	5.4942388652416684E-5	0.13182655982757124
51	51	1.0102714295931029E-4	0.008217420058781734	8.768700111158374E-4	4.376677646053805E-4	8.07753088424199E-4	0.00102249076270741	4.50929796747233E-4	0.38365873779115844	0.001158850211789028	5.194932091436791E-4	0.17995379837499592	2.694572144873195E-4	0.41418325396089667	7.290891901883895E-4	0.004889653408684199	4.790690452787572E-4	6.287805725978914E-4	2.8990862040221324E-4	1.6024484136065596E-4	0.0011655049336756458
52	52	1.0260029076465182E-4	5.596098537428971E-4	8.905242241634366E-4	4.4448292400897757E-4	8.203310448138414E-4	0.024395716689354495	4.579514663633056E-4	3.4449076965281986E-4	0.0011768952897155585	5.275825164121561E-4	0.22168479573704494	0.008059421135503491	2.0124831229224332E-4	7.404422288455854E-4	0.3163965151540917	0.07055844141063991	6.385716519934768E-4	2.9442294295530197E-4	1.627400996953923E-4	0.35154321625794577
53	53	9.187099669178802E-5	5.010893696182222E-4	0.11234270006972759	0.00736958302096683	7.345459758699661E-4	9.298218550623615E-4	4.100617779706884E-4	3.084660883829526E-4	0.565751910682994	0.00744399257986636	0.05209918406595844	2.450361569733136E-4	1.8020302764286568E-4	6.63011430569641E-4	0.24148026660763797	4.356507507261613E-4	5.717938388920648E-4	2.636340405728365E-4	1.457217620857624E-4	0.008031455901790018
54	54	3.2991050324986586E-5	1.7994214937986248E-4	0.36830204792538646	1.4292316722780128E-4	0.002767285029073658	3.339008034989212E-4	0.010161286633979682	0.010124803427868015	3.784298410938077E-4	1.696437819017673E-4	0.19896150447127509	8.799295182644402E-5	6.471125129539537E-5	2.3808867063177897E-4	0.34457736597072525	0.060240639015769544	2.0533225929496817E-4	9.467148733671509E-5	5.232896299738124E-5	0.002884111149112517
55	55	4.0245385153971716E-5	0.015489506641534612	3.4931178189942215E-4	0.039876343438194836	0.3484777184741273	4.073215707793678E-4	0.11317761395130078	1.3512791828697638E-4	4.6164200771267193E-4	0.012422944311096728	0.12360476469800029	0.11310532215175066	7.89404764784401E-5	2.90441503255685E-4	0.17297182326755625	1.908429524761919E-4	2.5048235137886725E-4	1.1548860777190198E-4	6.383547203838223E-5	0.05849028303920676
56	56	3.068634487501773E-5	1.6737165986014003E-4	0.18189845630165716	1.329387684532267E-4	0.15393406053083025	3.1057499258983014E-4	1.3696702541593587E-4	1.0303248153628754E-4	0.10048251695277037	1.5779272093672085E-4	0.06630289295318945	8.184589577228564E-5	6.019062003129017E-5	2.2145615207369866E-4	0.4159789963663696	1.4551414116788748E-4	1.909880546579573E-4	0.048989011291476744	4.8673339880710056E-5	0.030626033406455488
57	57	3.870857747479049E-5	2.111270954285255E-4	0.10608164035249557	1.6769252379302758E-4	0.10899253783375389	3.917676155749382E-4	0.21166410861053306	1.299679323233508E-4	0.006318773074018724	1.9904396526253032E-4	0.18056977376455569	1.0324260547806008E-4	7.592606054016154E-5	2.793507227637451E-4	0.3572964095833736	0.026619972277750974	2.4091744848066688E-4	1.1107856725165882E-4	6.139785482444775E-5	4.465635343227001E-4
58	58	3.3925305395226636E-5	1.8503783029186744E-4	0.1264402333183401	1.4697052832488675E-4	2.7124661161372646E-4	3.4335635327842703E-4	1.5142397001782732E-4	1.1390761643275005E-4	0.2192134533841923	0.00789765866442509	0.14023569354987914	9.048477492935935E-5	6.654377296502261E-5	2.448309703013347E-4	0.4495881929765976	1.6087323852192258E-4	0.02852958667797454	9.735243614495916E-5	0.025797846955282325	3.9138106509173316E-4
59	59	2.0137580561259454E-4	0.001098358340764538	0.13927950653919696	8.723962304226444E-4	0.001610081450912634	0.0020381146594887992	8.98831229259554E-4	6.761394704432908E-4	0.017591212838518246	0.0010354975943812897	0.3128551739377339	5.371048022942141E-4	3.9499440707226383E-4	0.13898493736702566	0.37649754989518835	9.549207481391582E-4	0.00125333836681343	5.778702661228867E-4	3.19413506895482E-4	0.0023231825437141818
60	60	1.723968818321927E-4	9.402994193178519E-4	0.014578572089889073	7.46854317426585E-4	0.0013783831716466669	0.0017448203921195137	7.69485195832545E-4	5.78839826529802E-4	0.0019775097777779273	0.44568281299235	0.3724918053335578	4.5981289982150527E-4	3.38152857605031E-4	0.09281986251554175	0.00834390616427527	8.175031696347906E-4	0.0010729770920691708	0.02665920192573373	2.734484037759833E-4	0.02815335557326289
61	61	1.5606358541272623E-4	0.17849323583005602	0.07241137055404336	6.760955379229015E-4	0.0012477918251974688	0.013422313409247625	0.0243821853317612	5.239991451576964E-4	0.013632957241243868	8.02496937374337E-4	0.12403060604209758	0.10700146270406774	0.0239917184596645	0.237982304478453	0.185195407013921	7.400509474623765E-4	0.012814122163982335	4.47841811781701E-4	2.475412424234335E-4	0.001800435738729167
62	62	8.013846791135086E-5	0.012599626317609166	6.955657379773154E-4	3.471742650763406E-4	6.407396374957247E-4	0.043379930219738336	0.334827251234086	2.690729459325305E-4	9.192428667305865E-4	4.120812353160663E-4	0.1488272760339691	2.1374343274629872E-4	1.571899192161143E-4	5.783405227638433E-4	0.3991608577742855	0.05511139735297499	4.987720157612676E-4	2.2996624464263058E-4	1.2711213740363412E-4	9.245216383631217E-4
63	63	4.537237151005125E-5	2.474732380919909E-4	0.258623168223948	1.9656127880055961E-4	0.007248886733608484	4.5921154842358997E-4	2.0251739942015118E-4	1.5234228934423504E-4	0.2139900534218697	2.3330996197436837E-4	0.20132621049406985	1.2101611986301877E-4	8.89969523774523E-5	3.2744176101776463E-4	0.043512692737229595	0.15170971085879975	0.05881437956347166	1.3020106521426114E-4	7.196767385288973E-5	0.0624984863071127
64	64	1.3879692452320696E-5	7.570361258581893E-5	0.02961155404159864	6.0129325556242005E-5	1.1097378502780761E-4	0.007513246830712355	0.050618096324990675	4.660245989372677E-5	1.5920953584143822E-4	0.004284383059837936	0.01629706810500988	3.7019588563930034E-5	0.0031869837863602144	1.0016648431008431E-4	0.0701864681830563	0.004278829354708282	0.009565662691683527	3.982932083984547E-5	0.8026008169964799	0.0012133768204910054
65	65	4.190926656979646E-5	0.003408846748226674	3.637535217413309E-4	1.8155848496320817E-4	0.44239153091863886	4.241616330446795E-4	0.07969361562483838	1.4071456707010017E-4	0.045004399013619883	2.1550227736292807E-4	0.3227110027621642	1.1177940799189152E-4	8.220414487834023E-5	0.006662973795323252	0.09743625023668724	1.9873305070115382E-4	2.608381456607925E-4	1.2026330050936674E-4	6.64746480628806E-5	4.8348845194502423E-4
66	66	2.777578287946751E-5	1.5149666418029696E-4	0.017103084401733488	1.2032969009048513E-4	0.2700141289267185	0.0382206244034262	1.2397587184444185E-4	9.325997763306486E-5	3.186071676345536E-4	0.01700482941632095	0.017859137412650838	0.14972436078546067	5.4481613896307286E-5	2.0045130895759178E-4	0.35966189804582704	0.09076497918445031	0.008603874643290665	7.970569749182199E-5	4.4056733574866616E-5	0.02982894227193844
67	67	1.6181252630518208E-4	0.03771973989099838	0.0014044597083880102	7.010009844746564E-4	0.0012937569453129578	0.0753120374917704	7.22242433672898E-4	5.433017909686477E-4	0.0018561000032872562	8.320586538192143E-4	0.5952037012880727	4.3158255623354063E-4	3.173918668647803E-4	0.0011677630417965856	0.09378502732576945	7.673123303347208E-4	0.0010071013587374476	0.18465019114496645	2.5665996135696215E-4	0.0018667586968698878
68	68	2.106986911864662E-5	1.1492078909322215E-4	0.00977613128803013	9.12784648517686E-5	0.014558343669388426	0.02099863149901717	9.404434809156941E-5	7.074419940793613E-5	0.14094274930241132	1.0834369461572826E-4	0.043926040406020835	0.004852824224357681	4.132810510325534E-5	1.5205630252531786E-4	0.7636834884910548	9.991297177317818E-5	1.3113628655539778E-4	6.046233229323562E-5	3.342010607750401E-5	2.4307365021272913E-4
69	69	3.964008121765098E-5	2.1620776985369696E-4	0.2109086998029976	0.0031797942768749697	0.012349203813022663	4.011953193048739E-4	0.0031849979084517415	1.3309554959344775E-4	4.546987588564261E-4	0.03028449697713547	0.1518263711673244	1.0572709030543755E-4	7.775318553900382E-5	2.860731667490526E-4	0.4110155745941568	0.1626235534176269	2.4671501376516473E-4	1.1375162082005429E-4	6.287536537388155E-5	0.012489575121030884
70	70	1.3953833711789055E-4	0.011349871893966402	0.022388713602624906	6.04505188350583E-4	0.17053633618444455	0.13906655540309415	6.228226608403619E-4	4.685139661063989E-4	0.23455402171999848	7.175222066523379E-4	0.1214860551754054	0.09567130048577022	2.7370151327793714E-4	0.032773391151175515	0.1655854507523456	6.616884926635716E-4	8.684695314771258E-4	4.004207742800328E-4	2.2132961539050885E-4	0.0016097913450180302
71	71	2.5079820773362587E-5	0.08577938606254937	0.019249369061830616	1.0865029706919593E-4	2.0052336524025281E-4	0.026898194186068102	1.119425745647814E-4	0.0324380768240634	0.059285914002943134	1.2896332803897977E-4	0.0047066883248805085	6.689230683434573E-5	4.919354093068581E-5	1.8099518289936713E-4	0.4808123742380307	0.2304023472711132	0.055347987586656176	7.196933445171985E-5	3.97805162400745E-5	0.004095672174821965
72	72	3.282668656916725E-5	1.7904566481174682E-4	0.344047821364617	1.422111138579404E-4	2.624627073702119E-4	3.3223728598148674E-4	0.022565839938039532	1.1021889350493293E-4	0.0975269294115851	1.6879860453184123E-4	0.14814955390230256	8.755456469098292E-5	6.438885524549985E-5	2.3690249596508662E-4	0.32791444399388436	0.04001223178456704	2.0430927939599143E-4	9.419982726301688E-5	5.2068256387205015E-5	0.017815955369429367
73	73	5.391080028736993E-5	2.940441478200133E-4	0.06183280407312854	2.33551288878509E-4	0.15588874149482843	0.11509340952280597	2.4062826586965336E-4	0.08200085446000091	6.183936366081034E-4	2.7721554651970713E-4	0.28421382623966773	1.4378961584677938E-4	0.11056253367904269	3.8906159842367656E-4	0.17033992980638196	0.01661961283348502	3.355342225955635E-4	1.5470303601860226E-4	8.551095662632979E-5	6.219447751644213E-4
74	74	4.0492714612381325E-5	2.2085826397769356E-4	3.514584899878837E-4	1.7542172695453163E-4	3.2375571879731605E-4	4.0982478010669787E-4	1.8073728539724193E-4	1.3595835175700212E-4	0.08035644546632398	2.0821820398699646E-4	0.007599200521848888	0.8942834715423512	7.942560800890782E-5	2.922264219345615E-4	0.014250894971244706	1.9201578468780185E-4	2.5202169965620846E-4	1.1619834715452746E-4	6.422777522211799E-5	4.6714632598942647E-4
75	75	1.5811499576059128E-5	8.624021334901288E-5	0.05173066492306479	6.8498261673102E-5	0.01692427972633131	0.004959416085975727	0.3132306848249262	5.30886961209123E-5	1.813686806900804E-4	0.03727656677346641	0.1529482139258249	4.217205899159492E-5	3.1013923847355275E-5	0.019311662577782288	0.40151422139133686	7.49778701490049E-5	9.840883811858367E-5	4.537285618808096E-5	2.5079509991291668E-5	0.0013822573625963668
76	76	8.877643597398729E-5	4.842107949301706E-4	7.705394027690924E-4	3.845954972518305E-4	0.014183308202136173	8.985019576971271E-4	0.013869753852486337	0.013771580287850077	0.0010183262499243958	4.564986623351293E-4	0.8857015664363639	2.3678241756571394E-4	1.7413311188432449E-4	6.406787118403897E-4	0.011033478752714354	4.2097639485299724E-4	5.5253367174212E-4	2.547538544944296E-4	0.054034831295203804	0.0010241740099835907
77	77	1.0589828882282003E-4	5.775980309422128E-4	0.016991219104603977	4.58770445119742E-4	8.466998803472319E-4	0.06536007037349992	4.7267192217824964E-4	3.5556412900594265E-4	0.025322830194412827	0.024652645820750996	0.1484503140064824	0.032426588911038993	2.077172661149172E-4	7.64243107134712E-4	0.479251471454517	0.04871837717528116	6.590979882502286E-4	3.0388691510304256E-4	1.679712401607994E-4	0.15390636374623282
78	78	8.112515498966876E-5	0.06816000645658436	0.03148482420308731	3.514487710683227E-4	0.006804767495206498	8.210637178322671E-4	3.620982300302482E-4	2.7238584678771334E-4	0.007086699733564168	4.171548939559271E-4	0.015224623146013078	2.1637510126533476E-4	1.591252851667579E-4	0.01905387789185047	0.39176315935013395	0.04963380529308803	0.4068100799935038	2.3279765292821418E-4	1.286771773493974E-4	9.359046055943803E-4
79	79	4.4304569076155395E-5	0.2961001546572168	3.8454366658609496E-4	1.9193536649032424E-4	0.023888432346667182	0.010534489787218012	1.97751314580191E-4	1.487570355447724E-4	5.082036149216153E-4	0.3902231219081631	0.07555513435294323	1.1816810237947732E-4	8.690248036298188E-5	0.003681764152986543	0.099643140371957	2.1009153567125101E-4	0.03725805940324216	1.2713688739625085E-4	7.027397227317585E-5	0.061027634474323716
80	80	1.5984972248220744E-4	8.718638042098961E-4	0.0013874234569445424	0.10986349218768965	0.0012780635306172939	0.13504904661266892	0.012843592044552118	5.367114802140218E-4	0.0018335853051642916	8.219656904130606E-4	0.09064928447910603	4.263474121402664E-4	3.135418684506384E-4	0.14671492384388685	0.32311950391849253	7.580047469863461E-4	0.17081643198759744	4.587065531008637E-4	2.5354664766698347E-4	0.0018441147076160719
81	81	4.767020972541109E-5	0.06537371581409515	4.137559086338919E-4	2.0651592747894905E-4	0.04379028240562727	4.8246785638775573E-4	2.1277368984922492E-4	0.047186625514417144	0.13439165720031543	0.44157137927494133	0.09938189681058618	1.2714485979088897E-4	9.350411370531385E-5	0.007578881336159835	0.1035952023141208	0.014695764579717675	2.966935507527708E-4	1.3679496748061304E-4	7.561240446198054E-5	0.04034166126175247
82	82	1.1515193877985039E-4	0.2802518503887311	9.994668648460707E-4	4.988589220626696E-4	9.206865745468118E-4	0.07980963537701428	5.139751439864162E-4	3.866341871123807E-4	0.14987100460779143	0.05302158336869755	0.31871063988057297	3.0713053697786833E-4	2.2586810586903953E-4	8.310245280066792E-4	0.08421747334230839	0.026760778010058314	7.166915729856246E-4	3.3044129261135404E-4	1.826489755290915E-4	0.001328456381512106
83	83	6.0605038189570795E-5	3.305563396028208E-4	5.260243826985039E-4	2.625519321964428E-4	4.8456192403074314E-4	6.133806213576112E-4	2.705076749887734E-4	2.0348749594340036E-4	6.951811095930227E-4	3.11638089103003E-4	0.0113736468953859	0.8739680022654484	1.1887550767312355E-4	4.373723429233978E-4	0.10870980678733663	2.8738809129991963E-4	3.7719833996001937E-4	1.7391289604258513E-4	9.612906438674339E-5	6.991732018393795E-4
84	84	0.01780157552626928	3.1882613725301546E-4	5.073577540160865E-4	2.5323495072303596E-4	4.6736664220156616E-4	5.916140480266644E-4	0.12002697602284462	1.9626648936419116E-4	6.705117443190529E-4	3.005792243736886E-4	0.27711685590341695	1.5590817956215558E-4	1.146570626083063E-4	4.2185164200184106E-4	0.3177695578447287	2.771897678676026E-4	3.638129882857539E-4	1.67741380880385E-4	0.25736797423575736	0.005110142455499673
85	85	6.812429391403214E-5	3.715684026765344E-4	5.912881292279568E-4	2.951267011943809E-4	0.14012322048850054	6.894826400378098E-4	3.040695115032182E-4	2.2873415141027242E-4	7.814320995106274E-4	0.43976422222320266	0.07998925490147017	1.8169951103520621E-4	1.3362436962043278E-4	4.916370475006117E-4	0.3341500084783029	3.23044277900934E-4	4.239972672724646E-4	1.9549023644513424E-4	1.0805577938057239E-4	7.859194898934543E-4
86	86	4.616715244796635E-5	2.518081892028462E-4	4.0071004973920313E-4	2.0000441285601212E-4	0.0038724947689058003	0.11958182230308727	2.0606486593553088E-4	1.55010846079964E-4	0.02855652561395935	2.373968171294234E-4	0.005160743237039995	1.231359408476078E-4	9.055589847015251E-5	3.331775085943845E-4	0.35607479345290455	2.18923875293534E-4	0.052837882889639705	0.010642590614174136	0.18224844815650182	0.23876174340719084
87	87	9.588167819731494E-5	5.229647159158812E-4	8.322096989375131E-4	4.1537668525509867E-4	0.008042542750963347	9.704137660225121E-4	0.3496725910509611	3.2193235391080147E-4	0.0010998282227024628	4.930346364923544E-4	0.25082370721559644	2.557333521529334E-4	1.8806989505731054E-4	6.91955578105773E-4	0.3829889627571792	4.5466933626157343E-4	5.967558296965428E-4	2.751431371193783E-4	1.5208332990580982E-4	0.0011061440095666158
88	88	5.669401768114524E-5	3.0922457145290505E-4	4.920784895826446E-4	2.4560868750884605E-4	0.37044207348521285	5.737973744648925E-4	0.13362110026217375	1.903558522118442E-4	0.168435929371	2.915271710325292E-4	0.045057233263977224	1.512129476789129E-4	1.1120412320827404E-4	4.091474254232896E-4	0.24796907940566543	2.688420965686651E-4	0.03046822258425169	1.6268978780899804E-4	8.992557448716914E-5	6.540535086088927E-4
89	89	6.812429391403214E-5	3.715684026765344E-4	5.912881292279568E-4	2.951267011943809E-4	5.446814310876855E-4	0.08857226649100146	0.01064322055279306	2.2873415141027242E-4	0.016290158661445387	3.503029683844617E-4	0.808899403312404	1.8169951103520621E-4	1.3362436962043278E-4	4.916370475006117E-4	0.05499293036347718	3.23044277900934E-4	4.239972672724646E-4	1.9549023644513424E-4	1.0805577938057239E-4	0.016294646051828215
90	90	4.600597650788775E-5	2.509290918476433E-4	3.9931111531199434E-4	1.9930616967763398E-4	0.09113744691254902	4.6562423355469385E-4	0.28298759332130047	0.017610163993816215	0.1855580796267385	2.3656803187532686E-4	0.1308237254130669	1.2270605617915344E-4	9.023975525378155E-5	3.3201433964604463E-4	0.20122157695685025	0.02814727048104474	0.059635696228125465	1.320192652090557E-4	7.297267042499435E-5	5.307503610203558E-4
91	91	3.1417948511436956E-5	1.7136202480865135E-4	0.2219971722526707	1.3610820706892363E-4	2.511992737663273E-4	0.03131172384278846	0.10265800219561462	1.0548891414395898E-4	0.07903681319429552	1.6155471112838334E-4	0.17040141257821526	0.01677273646402006	6.162564517594563E-5	2.2673596388655582E-4	0.1326479897915499	0.24333066964094394	1.9554146614666638E-4	9.015729676218728E-5	4.983377761281633E-5	3.624548108897365E-4
92	92	2.0772440134322355E-4	0.395209356057225	0.0018029540654062126	8.998994896499865E-4	0.0016608410552957616	0.002102368485743654	0.016690222711197633	6.974555175339924E-4	0.0023827405134805874	0.0010681428050945002	0.3542443901190944	5.540376271902954E-4	4.074470440647411E-4	0.0014990982732105643	0.19921039497947193	9.85025684361676E-4	0.0012928512496067721	0.016359143097540513	3.2948337214077874E-4	0.002396423451347692
93	93	4.4604492221780034E-5	0.0036280729946273384	3.87146864146019E-4	1.9323468753270807E-4	0.03081972286142741	0.013990591794748047	1.9909000712493396E-4	1.4976405759610292E-4	5.116439378946953E-4	2.2936143820131025E-4	0.31300176908587174	0.1118169713488142	0.013626642688273165	3.2190015633560924E-4	0.3169441128188428	0.1660661247246438	0.02735591673017451	1.279975502124779E-4	7.074969726631326E-5	5.145820640451032E-4
