0	0	0.009446723573593037	1.2998401677639433E-4	0.00962223320958969	8.416480387488789E-4	0.09182829608156634	9.538514822113642E-4	0.0012487543214443903	0.07387759290484411	4.967930296018295E-5	6.857892175177063E-4	3.994906551295808E-4	0.041651074638684685	6.708324630728514E-4	5.419066813251862E-4	4.212363680348356E-4	0.114296867568616	5.403541124501252E-4	0.60611269491286	0.04628584168378362	3.9514876679114957E-4
1	1	0.005522402666017241	0.9521609405262677	1.4940752901065654E-4	0.03280152613896735	1.8712711529193394E-4	2.8371056806422295E-4	3.7142553585835404E-4	2.731249042425261E-4	1.477645474869108E-5	2.0397897587074622E-4	1.1882323696808698E-4	0.004250766656052447	1.9953028613331543E-4	1.6118300937178616E-4	1.2529121303812285E-4	0.0014449097876252683	1.6072121819599302E-4	0.0012487034396009074	2.0411893924168422E-4	1.1753179943306118E-4
2	2	3.0719598168633825E-4	1.2218387003241796E-4	4.7217354651218825E-4	7.911419967613119E-4	5.913789904770163E-4	8.966122791329808E-4	0.001173818439356695	8.631583396831165E-4	4.669812217474457E-5	6.446360306510707E-4	3.755178174674053E-4	0.3820574085214668	0.00920322062558218	0.13767168874062036	3.959586026136945E-4	0.021711645054499167	0.17196080460659058	0.029664216725023004	6.450783577658768E-4	0.2404054633519031
3	3	2.512051765866772E-4	9.991413455035493E-5	3.8611325083106343E-4	0.007657103637626418	4.8359181951837516E-4	7.331920315916041E-4	0.02199034877590352	7.058355449575966E-4	3.818673005674486E-5	0.18279126145897806	3.0707439313011804E-4	0.19324935789471126	5.156452819234543E-4	4.1654457535962054E-4	3.2378955657091723E-4	0.10888645091030767	4.153511703600782E-4	0.01023717750403273	5.275037189134803E-4	0.4699843524340903
4	4	1.9619176288636602E-4	7.803314589711892E-5	3.0155524811883804E-4	5.0526553825995E-4	3.7768621203551747E-4	0.0772219000257255	0.6796432464335078	5.512590216281158E-4	2.9823915217421884E-5	4.1169900263421177E-4	2.3982573665105758E-4	0.09617866600216092	4.027200325216748E-4	3.2532217556575184E-4	2.5288031389720996E-4	0.013866216266964531	3.2439012379086805E-4	0.12844411837004802	4.1198149635678544E-4	2.372191761324313E-4
5	5	4.4431982254753755E-4	1.7672339056311844E-4	6.829388367851398E-4	0.0011442860342158036	8.553543137663229E-4	0.001296835351072648	0.0016977787203301454	0.0012484484927606247	6.754288009916534E-5	9.323838325433757E-4	5.431386475325642E-4	0.08142635134666484	0.12490441235556937	0.013136000662294308	5.727036372146394E-4	0.7381595978673797	0.013133889824035204	0.018107034869999976	9.330236023218726E-4	5.372355123037614E-4
6	6	0.8747350367851976	1.1434215358491364E-4	4.418696196126828E-4	7.403667904540591E-4	5.534245014343815E-4	8.390680283702086E-4	0.001098483197807667	8.077611506163621E-4	4.3701053636744406E-5	6.032635240929695E-4	3.514172201890266E-4	0.012571552838131748	5.901066179111318E-4	4.7669535471708867E-4	3.705461231610236E-4	0.1005427460230526	4.753296170428269E-4	0.003693014117288205	6.03677462814034E-4	3.4759782088476066E-4
7	7	3.5252735320767133E-4	1.4021393141521674E-4	5.418498304986898E-4	9.078868564578646E-4	0.04002930943879763	0.0994055798957402	0.18826268511213412	9.905302901986155E-4	5.358913003894702E-5	7.39761739135495E-4	4.3093109990374956E-4	0.09411739901120149	7.23627868264796E-4	5.845554563795893E-4	4.543882292761826E-4	0.10361685093717135	5.82880698273447E-4	0.10290527785163973	7.402693382459345E-4	0.36441988593201935
8	8	0.029374595889583008	4.171742646778371E-5	1.6121493943045516E-4	2.701208274603583E-4	0.032398595880249764	0.28422231379575646	0.39261488584719184	2.9470947806965693E-4	1.5944211600857037E-5	2.2009907036039085E-4	1.2821362536137286E-4	0.16557009937465023	2.152988086111075E-4	1.739210149927424E-4	1.3519275403897846E-4	0.039609720771547625	1.7342272928433145E-4	0.05403286333273392	2.20250094786788E-4	1.2682012782235292E-4
9	9	1.328923923764751E-4	5.2856507787928645E-5	2.0426137043992495E-4	3.42246510133267E-4	0.11151110751932104	3.8787275196121074E-4	0.5345331264970861	3.7340064193065194E-4	2.0201518070725193E-5	2.7886831023970175E-4	1.6244828747203407E-4	0.1244837000460595	2.7278631779630334E-4	2.2036012913086885E-4	1.7129093191429594E-4	0.22077744439537736	2.1972879482630482E-4	0.005415664709537253	2.7905966010104074E-4	1.6068270843804097E-4
10	10	6.882635516316612E-5	2.7374936312310873E-5	0.06925011087849302	1.772530348694078E-4	1.3249672151039043E-4	0.12696547328153732	0.26147487286659826	0.02900352216182691	1.0462576771377184E-5	1.4442880454688378E-4	8.413366129736077E-5	0.10672626907404494	1.4127887726720048E-4	0.02508290967477362	8.871335902182171E-5	0.010626456960344074	1.1379983309689324E-4	0.3696538697863776	1.4452790663453097E-4	8.32192495128397E-5
11	11	1.470733912855678E-4	5.849684630449037E-5	2.2605818077329904E-4	3.7876776842389435E-4	0.09468078103730304	4.2926280427396006E-4	0.004666223982462769	4.1324636974983495E-4	2.235722992600882E-5	3.086264561543794E-4	1.7978320744923431E-4	0.40454337706541266	3.0189545193037723E-4	2.4387484426941248E-4	1.8956945392127958E-4	0.1868772510823865	0.24649792039354756	0.05934876698660247	3.088382250338907E-4	1.7782922278940193E-4
12	12	1.2814029756265196E-4	5.0966413614409324E-5	0.01807644122242136	0.02178538896147266	2.466812208806821E-4	0.2185037079617985	0.0684316728069649	3.6004822030391174E-4	1.9479132631359425E-5	2.6889626724212E-4	1.56639304349634E-4	0.17009484667051467	2.6303176057221946E-4	2.1248027831254933E-4	1.65165744951758E-4	0.1449406315081976	2.1187151987121463E-4	0.3556598930731081	2.690807746298799E-4	1.5493686059991714E-4
13	13	4.4095791528253217E-5	1.7538622840991073E-5	6.777714395176082E-5	0.06902390693223903	0.10714203002839161	0.18963214868886186	0.010012828140096349	1.2390022159014646E-4	6.703182277563015E-6	9.253290314264037E-5	5.390290362292117E-5	0.0905273291941552	9.0514802135769E-5	7.311896596583407E-5	5.683703249901079E-5	0.0757185214711261	7.290947928732035E-5	0.45709749104358743	9.259639604425553E-5	5.3317056655932595E-5
14	14	6.129212825001153E-5	2.4378279269799285E-5	0.23613281251932308	0.020682945633073994	1.1799267923266462E-4	0.02412483852763858	0.17811836695775649	1.7221843647011935E-4	9.317268011310193E-6	0.04631008456342258	7.492378676970245E-5	0.035178382217978275	1.2581347717673547E-4	1.016336680704473E-4	7.900215790541775E-5	0.15142845594752202	0.04970365779036575	0.15814643703638698	1.2870684446603E-4	0.09927874008090996
15	15	1.527143876570143E-4	6.0740491432003474E-5	2.3472863683833916E-4	3.9329539703586696E-4	2.939884822326021E-4	4.457271687666823E-4	0.06024682867898812	0.0217374163428797	2.321474093997145E-5	3.204638164279238E-4	1.8667878802980977E-4	0.1771447814524384	3.134746446994404E-4	2.5322865803263547E-4	1.9684038574898648E-4	0.09602665190967077	2.525031550147108E-4	0.16816668710428992	3.206837076976953E-4	0.47322935205117944
16	16	2.3474890631706804E-4	9.33688315265241E-5	3.608192497412373E-4	0.07921570037468206	4.5191206757098435E-4	6.851611494444281E-4	0.42670731333144013	6.595967665552286E-4	3.5685144862263123E-5	4.926093184461882E-4	0.006837886178326822	0.06267302744667096	0.013583721745970946	0.13795874520013857	3.025783358237628E-4	0.06899873786301791	3.881418142109803E-4	0.19954345959672556	4.929473300499374E-4	2.8383934847854943E-4
17	17	2.6223503129444423E-4	1.0430113963646407E-4	0.2418957050917567	6.753511069389037E-4	0.00782278399111036	7.653848458131596E-4	0.0010020193411676645	7.368271973361198E-4	3.9863423546957565E-5	5.502876331367968E-4	3.2055733956745896E-4	0.0700112455118193	0.08103583226594438	4.3483411145896856E-4	3.380064282667807E-4	0.047805781566811326	4.3358830672813356E-4	0.5448976571033046	5.506652216200732E-4	3.170733427415131E-4
18	18	1.4411595481916416E-4	5.732055802475254E-5	2.2151247266455137E-4	3.7115128796577976E-4	0.07669002455510124	4.206309405497768E-4	0.004572392862873315	0.02855694297524041	2.190765786886786E-5	3.0242041760485247E-4	1.7616802315852193E-4	0.07064965460432253	2.9582476429085226E-4	2.3897086842866738E-4	1.857574821496187E-4	0.7662681197076876	2.382862141419526E-4	0.05011191739464609	3.026279281137555E-4	1.7425333034772674E-4
19	19	1.418342863971031E-4	5.641304915563319E-5	0.008134090885286703	3.652751573553875E-4	0.004231086058719596	4.1397143962499343E-4	0.0480384718554429	3.9852554868919276E-4	2.1560812086085275E-5	0.02008784603572726	0.03975380608061186	0.1447339288420141	2.911412160744661E-4	2.3518744080630333E-4	1.8281653795149586E-4	0.09314329800184289	2.34513626083244E-4	0.6390669019332389	2.978366710452557E-4	1.714945218466675E-4
20	20	1.0519429665169404E-4	4.183989061212974E-5	1.6168819608324494E-4	0.02669098310383859	2.0250817284888075E-4	3.0703037700854425E-4	0.12369561196903703	0.08542690909065827	1.599101684260604E-5	2.2074518510440213E-4	1.2859000456912453E-4	0.6298751355968554	2.1593083188310009E-4	1.7443157113410283E-4	1.355896209204471E-4	0.07201719344756277	0.008980621595877139	0.051255916963310076	2.2089665287255644E-4	1.2719241632992928E-4
21	21	1.3540311083512597E-4	5.38551188249474E-5	2.0812045359722104E-4	3.487125283532275E-4	2.606627682873934E-4	3.952007807561014E-4	5.173852449893473E-4	3.804552510576476E-4	2.05831826897897E-5	2.8413693248007866E-4	0.003944091048634822	0.002142623835087022	2.779400337548386E-4	2.2452336401486582E-4	1.745271089208652E-4	0.7955131842696295	2.2388010199447323E-4	0.009296555796373961	2.843318974891348E-4	0.18531382717222963
22	22	5.00131005374781E-4	1.9892168323441445E-4	0.08450897799230152	0.0012880202405721874	9.627956962236094E-4	0.043329858808986384	0.0019110373546563496	0.0014052665853686922	7.602696709820934E-5	0.0010495009223119216	6.113625007565299E-4	0.552225748687251	0.0010266117791412463	0.14039640114954907	6.446411600988313E-4	0.0213909760880346	0.01478364274750212	0.11807843054942448	0.0010502210538169566	0.014561427028297144
23	23	2.6223503129444423E-4	1.0430113963646407E-4	4.0306661586628103E-4	6.753511069389037E-4	0.24199746372530712	7.653848458131596E-4	0.008319978082861314	0.008054785939029769	3.9863423546957565E-5	5.502876331367968E-4	3.2055733956745896E-4	0.026103493061657407	5.382861073142433E-4	4.3483411145896856E-4	3.380064282667807E-4	0.5161551410352049	4.3358830672813356E-4	0.19363563750200938	5.506652216200732E-4	3.170733427415131E-4
24	24	0.04317041506606823	1.2218387003241796E-4	4.7217354651218825E-4	0.10366286779927786	0.017736666624229777	8.966122791329808E-4	0.009746462256233076	0.06944430887469416	4.669812217474457E-5	0.026362567481280207	3.755178174674053E-4	0.022006368212658885	6.305768087058014E-4	5.093876705982818E-4	0.16327619112326489	0.3474721100958016	0.14624287315596143	0.012518929091270246	6.450783577658768E-4	0.03466201174687002
25	25	4.6750672820062655E-4	1.8594573081385667E-4	7.18578116357622E-4	0.001204000795901167	8.999911243851885E-4	0.0013645109248530524	0.014832670192915683	0.0013135989900947486	7.106761680665195E-5	9.810404417256854E-4	5.714824304065244E-4	0.12481447716926324	0.014005936991609399	7.752124945120399E-4	6.025902741131226E-4	0.359199219042453	0.41825435472606953	0.00600566096942614	0.014028006198757556	0.039704149041335283
26	26	2.0285550318199148E-4	8.06835763283406E-5	3.117977059503155E-4	0.04014877820225422	3.905144918430696E-4	5.92073939392814E-4	0.198906881275827	5.699827789444614E-4	3.08368977335266E-5	4.2568254196920116E-4	2.479715242301995E-4	0.5126916499323683	4.163985971519577E-4	3.3637188763563965E-4	2.6146950598609126E-4	0.08792898334835962	3.354081783085807E-4	0.1554504090510915	4.2597463071643174E-4	2.45276430726776E-4
27	27	2.4945644736669177E-4	9.921859646888758E-5	0.007344783594387175	6.424415800991075E-4	4.8022536363228035E-4	7.280880192184263E-4	0.07056677359422532	7.009219708874149E-4	3.792089854971425E-5	0.02140754703640481	0.0072662949544876855	0.24759494561901152	5.12055690403488E-4	0.22317710777798694	3.215355414809602E-4	0.4005054984013307	4.124597620776808E-4	0.017127271060511432	5.238315765657421E-4	3.016225149040758E-4
28	28	3.457250972060723E-4	1.3750840786421134E-4	0.2127839057604142	8.903685596167247E-4	6.655508898454707E-4	0.010656908551638197	0.030264565290601925	9.714173318708118E-4	5.255509118178873E-5	7.25487531236446E-4	4.2261599007206187E-4	0.2852581679773385	7.096649744211264E-4	5.73276059688113E-4	4.4562049811567586E-4	0.33316568718127204	5.716336171832285E-4	0.12021533309192539	7.259853358754383E-4	4.180227626326534E-4
29	29	3.045848839641093E-4	1.2114533423197081E-4	4.681601760734643E-4	7.844174652281738E-4	5.863524001989402E-4	8.889912735881979E-4	0.018163397733833044	0.23034983431250772	0.008546079443947434	0.009138935012797158	0.04287121722656998	0.047318653699230405	0.1451214472184112	5.050579883572272E-4	3.925930422970976E-4	0.412516900177152	5.036109914113567E-4	0.0804107469337691	6.395953347739241E-4	3.6827935165762923E-4
30	30	0.00832141174770664	5.8257742214327435E-5	2.2513417479601375E-4	0.15161360058413634	0.44581617533000417	4.2750820554358655E-4	5.596811758239673E-4	4.115572377111974E-4	2.226584542483082E-5	3.073649548485673E-4	0.008353987863485974	0.09632958645391833	0.037087889278470974	2.4287801321891208E-4	1.8879459451148173E-4	0.09210159155398244	0.020679530951067553	0.13676810608378628	3.075758581291881E-4	1.7710235121929852E-4
31	31	1.250111097661457E-4	4.972181310584626E-5	0.34207233651171853	3.219493251663664E-4	2.4065726213632471E-4	3.648696686365279E-4	0.010943396716475545	3.512558379030676E-4	1.9003451949513232E-5	2.623298167656903E-4	1.5281417042262366E-4	0.18687256836210658	0.02118804866516974	2.072915070474538E-4	1.6113239523012803E-4	0.3123412738371447	2.0669761449547535E-4	0.12370597881590692	2.6250981848055006E-4	1.5115330037225963E-4
32	32	0.008371248801016909	3.930169326442689E-5	1.518794574740103E-4	0.15467328551150458	0.06636971164590427	0.027863191413309694	0.05001218712616923	2.776437208598582E-4	1.502092930310355E-5	2.0735378194457326E-4	1.2078915223028435E-4	0.12840763605263064	0.011232746245273775	0.14079526290153815	1.273641401373654E-4	0.16967501566536675	1.6338033020028318E-4	0.2301400942667847	2.0749606099158688E-4	0.011149391104095874
33	33	1.1918987314344711E-4	4.740647937318699E-5	1.83200004119657E-4	3.0695751199218173E-4	2.2945087519609988E-4	0.043587508234294955	0.2565670819458812	3.348993448572651E-4	1.811854187509553E-5	2.5011423097144435E-4	0.046711452567771435	0.025168942114277372	2.44659352066605E-4	1.976388216608802E-4	1.5362914370335227E-4	0.09157709775787964	1.9707258416356045E-4	0.5337111800330772	2.502858507706756E-4	1.4411473292481628E-4
34	34	1.2120559818102681E-4	4.820821214540861E-5	1.86298260921594E-4	0.013841654122203702	2.33331321259422E-4	0.3419737734019206	0.01061026454075929	3.4056312296772064E-4	1.8424960512340924E-5	0.010401473169068979	1.4816229510528997E-4	0.24883143507420713	2.48797002091999E-4	2.0098126603734263E-4	1.562273016113826E-4	0.1945971291620553	2.004054523984392E-4	0.1740582187515649	2.545186554766862E-4	0.0035289283295114877
35	35	3.3287884785807324E-4	1.3239895150959474E-4	5.116492256481479E-4	8.572847695740319E-4	6.408207422402439E-4	9.71572807739175E-4	0.0012719545598958444	9.353219793290721E-4	5.0602280086256184E-5	0.3258258719394663	4.069126742561401E-4	0.24679065528339453	0.028551353517058075	5.519746058234483E-4	4.2906239435162847E-4	0.10713100276221392	0.05628650890300976	0.2179313214180759	6.99009600752316E-4	0.009691842737717575
36	36	0.0010649127532438834	4.235574981285686E-4	0.0016368170855132803	0.002742539786338032	0.002050049696296125	0.0031081586598964255	0.033786678779771095	0.002992188631347079	1.618817589456707E-4	0.3885630630970783	0.001301754374182079	0.046568787632252036	0.002185931214999679	0.0017658220129948686	0.001372613545806359	0.49131064507566286	0.0017607629126169782	0.013680027627872649	0.002236201678991731	0.0012876061780623734
37	37	2.8748025503962256E-4	1.1434215358491364E-4	4.418696196126828E-4	7.403667904540591E-4	5.534245014343815E-4	8.390680283702086E-4	0.16957003078618674	8.077611506163621E-4	4.3701053636744406E-5	6.032635240929695E-4	0.14475560086737108	0.13290837254411678	0.07279219844150216	0.0245440592959141	0.016415455417292363	0.06043047278772426	4.753296170428269E-4	0.372725927882309	6.03677462814034E-4	3.4759782088476066E-4
38	38	0.0013446258272288502	5.348103396876846E-4	0.30225292175476837	0.0034629032450588615	0.002588521698463623	0.003924556632917524	0.04266118587196673	0.0037781255801416862	2.044020915070528E-4	0.002821632793558988	0.0016436769556017203	0.058800680527413156	0.002760094251177747	0.0022296379470801275	0.0017331482028675779	0.432743366356567	0.002223250008716226	0.12984307846092452	0.002823568901119338	0.0016258125532332584
39	39	1.0970285191040898E-4	4.3633119568904535E-5	1.6861804104562875E-4	0.009466663407240006	0.4012518996060552	3.20189487957596E-4	0.040217115924524593	3.0824274130699855E-4	1.6676380834502362E-5	0.003291585653495121	1.341012837902587E-4	0.07214767006080874	2.251854789371005E-4	1.8190758839316118E-4	1.4140089888784634E-4	0.14245414945648704	1.8138642106009566E-4	0.3289768636702159	2.3036413160135743E-4	1.326437958796373E-4
40	40	1.7948623908015365E-4	7.138870498237473E-5	0.03533721300037924	4.6224270512118493E-4	3.455266253453671E-4	0.030576438859394234	0.18100126657825794	0.005513082015228018	2.7284439969688515E-5	0.06048178874835167	2.1940482552806017E-4	0.20819944396452914	3.684288421498033E-4	2.976213319184565E-4	2.3134781914930803E-4	0.0627731436650547	0.06541067625323566	0.3479102934694011	3.769017020073482E-4	2.1702021091661995E-4
41	41	1.850473892051455E-4	7.360059213133017E-5	2.844258624548946E-4	4.7656470044815414E-4	0.3876526452328596	5.40097433801205E-4	7.070796838273707E-4	5.199455941845485E-4	2.812981322796937E-5	3.883130690861306E-4	2.2620280168022803E-4	0.0029281967326020538	3.79844135667971E-4	3.068427458590507E-4	2.385158335885889E-4	0.5398016885704481	3.059636378628289E-4	0.05918062017989764	3.88579516183909E-4	0.00538769647498343
42	42	0.15447469086235516	0.007110072574812558	3.8611325083106343E-4	0.26002280748706574	0.028524225580567185	7.331920315916041E-4	9.598734551169096E-4	7.058355449575966E-4	3.818673005674486E-5	5.271420121607617E-4	3.0707439313011804E-4	0.0600563475297294	5.156452819234543E-4	4.1654457535962054E-4	3.2378955657091723E-4	0.3822826300805336	4.153511703600782E-4	0.10136923722744137	5.275037189134803E-4	3.037369365227037E-4
43	43	2.443533536876381E-4	9.71888963034688E-5	3.755817018812596E-4	6.292992476351732E-4	0.43006429807987684	7.13193630206277E-4	9.336921358888782E-4	0.04160028775328666	3.714515633204119E-5	5.127637905052762E-4	2.986986924891263E-4	0.010685607248523717	5.015806428166025E-4	4.051829875981726E-4	3.149579364254748E-4	0.49459667770626053	4.040221336782489E-4	0.016776901007498304	5.131156314158783E-4	2.954522676905224E-4
44	44	2.3474890631706804E-4	9.33688315265241E-5	3.608192497412373E-4	0.21678518853471246	4.5191206757098435E-4	0.09239815325613135	8.969928361079416E-4	6.595967665552286E-4	3.5685144862263123E-5	4.926093184461882E-4	0.026490670201188303	0.2526499396676653	0.03978743377645293	3.892570401081633E-4	3.025783358237628E-4	0.36379049820594017	3.881418142109803E-4	0.0030156193681107318	4.929473300499374E-4	2.8383934847854943E-4
45	45	1.6240394208838371E-4	6.459440661935545E-5	0.0093137453477027	4.1824954324077467E-4	0.027505012053936885	4.740080513316237E-4	0.44476260623560215	4.563221050011425E-4	2.4687689883414778E-5	3.407968815713123E-4	1.985233450852945E-4	0.24276915729297735	3.333642548355284E-4	2.6929572874702444E-4	2.0932968463738074E-4	0.056798816671024564	0.01839677108434853	0.16070842549264402	3.410307246923803E-4	0.0364528594640302
46	46	1.9406675203660322E-4	7.718794587835695E-5	2.9828901428400267E-4	0.09256579989766704	3.7359538127599087E-4	5.664222295236233E-4	0.19570485235732998	5.45288172573317E-4	2.950088359526283E-5	4.072397693077803E-4	0.011068523059182727	0.21969681838013666	3.98358053068842E-4	0.10321910050042868	2.5014129263139747E-4	0.04079426455334684	3.208765586825778E-4	0.311184916318882	4.0751920325752443E-4	0.021897239676910808
47	47	8.399024931943326E-5	3.3406210753480055E-5	1.2909665574366917E-4	2.1630560787381538E-4	0.1900127975646828	0.101030298812049	0.0682923176334911	2.3599554836025103E-4	1.276770256783792E-5	1.7624950898594756E-4	1.0267007706233762E-4	0.2661830811103188	0.025954654960580935	0.021233839014435235	0.0024520996307463867	0.22391336570791143	0.08451714300965697	0.015141996348989634	1.7637044534862185E-4	1.015542011223655E-4
48	48	1.7948623908015365E-4	7.138870498237473E-5	2.758781335334753E-4	0.16074263066784467	0.005354288749180475	5.238661163835809E-4	6.858301201940436E-4	0.3010300473214994	2.7284439969688515E-5	0.025420453881505902	2.1940482552806017E-4	0.14308553635467272	0.005377190965984911	2.976213319184565E-4	0.020266396314489742	0.26312362861845906	0.015323055014884566	0.05740209028696478	3.769017020073482E-4	2.1702021091661995E-4
49	49	3.953050189820007E-4	1.5722828403327157E-4	6.076009580013984E-4	0.0010180549899461682	7.609965526657469E-4	0.01218519995030546	0.0015104895510160141	0.0011107268460343962	6.009193860992535E-5	8.295286186171358E-4	4.832227203857133E-4	0.01728674525012492	8.114369724717721E-4	6.554887264139173E-4	5.095262706987876E-4	0.1934102745601939	6.53610743673245E-4	0.005078147073210998	8.300978126787079E-4	0.7616462271619366
50	50	2.785418961237797E-4	1.1078701826679756E-4	4.281309743149014E-4	7.173472474195754E-4	5.362173828934575E-4	8.129796586094826E-4	0.0010643290710010299	7.826461767845486E-4	4.234229700717386E-5	5.845068067022883E-4	0.24130410628396937	0.07436483592061853	0.008344778826282229	0.03155395330565867	3.590250736780571E-4	0.5715708738421298	4.6055063084819833E-4	0.06576234943064618	5.849078752077705E-4	3.3679028183828037E-4
51	51	1.4016989114631228E-4	5.5751053995771865E-5	0.03933140646816868	0.023830564290805274	2.69839235091355E-4	4.091135726340332E-4	5.355994631406316E-4	0.2742055638014824	2.1307800531891655E-5	2.9413979228937897E-4	0.01190613211625734	0.013952841323029427	2.877247356898353E-4	0.05890636646585678	1.8067122467596965E-4	0.35803880417889755	0.11757963945796335	0.09959054143739923	2.9434162091745243E-4	1.6948207002737264E-4
52	52	2.7014260092625273E-4	1.074462896962448E-4	4.152208933306114E-4	6.957159905994777E-4	0.038213189123461055	7.884646530133001E-4	0.3176546201085519	7.590458625571044E-4	4.1065485666209296E-5	5.668812886643316E-4	3.3022358999595643E-4	0.2078177085295554	5.545178626766426E-4	4.4794632227868384E-4	3.4819884746540935E-4	0.22263579075030557	4.4666295091303236E-4	0.19193599760643454	5.672702631443947E-4	0.01540389098076392
53	53	3.0719598168633825E-4	1.2218387003241796E-4	4.7217354651218825E-4	0.06079964871489597	0.009164022807353395	0.05233247518039126	0.09547290042499687	8.631583396831165E-4	4.669812217474457E-5	6.446360306510707E-4	3.755178174674053E-4	0.3306215456202085	6.305768087058014E-4	0.06051789438873294	3.959586026136945E-4	0.07314750795575745	5.079282690629901E-4	0.3125614626819435	6.450783577658768E-4	3.7143647936450024E-4
54	54	4.8654973897926495E-4	1.9351988182074976E-4	7.478480497931459E-4	0.0012530435128307851	0.21817999281417594	0.001420091721197005	0.04259226900639557	0.0013671059841512021	7.396242304413662E-5	0.0010210012863063975	5.947606966336656E-4	0.007699181069493575	9.987337073811406E-4	8.06789323246776E-4	6.271356600783797E-4	0.5910738685686135	8.044778625559031E-4	0.10129425254725523	0.028177119642004526	5.882965040431448E-4
55	55	2.921680651434917E-4	1.1620667921224635E-4	0.008602348162664848	7.524396158395152E-4	0.29408028326599384	0.02531256985692291	0.009269668840607521	8.209329452596167E-4	4.4413666893469894E-5	6.131006687106024E-4	3.57147621378662E-4	0.3307542052963249	5.997292188282717E-4	4.8446860961420243E-4	3.765884506936202E-4	0.20817480225440194	4.8308060147525176E-4	0.11789905888182999	6.135213573426085E-4	3.532659408626072E-4
56	56	2.443533536876381E-4	9.71888963034688E-5	3.755817018812596E-4	6.292992476351732E-4	4.7040146433626097E-4	7.13193630206277E-4	9.336921358888782E-4	0.055238189233145094	3.714515633204119E-5	0.07552122192972664	0.1707724671907195	0.37208999646477214	5.015806428166025E-4	4.051829875981726E-4	0.007133908676354691	0.24911445106880878	4.040221336782489E-4	0.06450955618700281	5.131156314158783E-4	2.954522676905224E-4
57	57	1.1210522843303903E-4	4.458863877588971E-5	0.009557571968462953	2.887119609541488E-4	0.003344232774609955	0.12546401957289136	0.3695819762297394	0.03785603841364736	1.7041575951143123E-5	2.3524744391381378E-4	1.370379601867426E-4	0.033058161850433386	2.3011680294932846E-4	1.8589117233864397E-4	1.444974291407186E-4	0.1487021652405732	1.8535859199175504E-4	0.270484279727542	2.3540886263412146E-4	1.3554855483115493E-4
58	58	3.490930919993307E-4	1.3884799126575963E-4	5.365712220823626E-4	8.99042377910809E-4	0.37086153825105134	0.0010188972887239403	0.0013339103792680928	9.808807134484348E-4	5.3067073895482146E-5	7.325551067394238E-4	4.2673304279867383E-4	0.00552406200248063	7.165784092805678E-4	5.788608170567063E-4	4.499616568268938E-4	0.6091825435857541	5.772023741577243E-4	0.004484501785430903	7.330577609061065E-4	4.220950689227897E-4
59	59	1.2588945899134752E-4	5.007116698406434E-5	1.9349755811955255E-4	3.2421139564028765E-4	0.010781602154054347	3.67433304711322E-4	0.22883153606854822	3.537238208979144E-4	1.9136973420742782E-5	2.641729904782868E-4	1.538878686598576E-4	0.12495004271086774	2.584114963506182E-4	2.0874797227639743E-4	1.6226453872337477E-4	0.48316390040741136	2.0814990693478566E-4	0.14916675062095883	2.6435425691567467E-4	1.5221532905528652E-4
60	60	2.6223503129444423E-4	1.0430113963646407E-4	4.0306661586628103E-4	6.753511069389037E-4	5.048252494167113E-4	7.653848458131596E-4	0.0010020193411676645	0.05928049713088532	3.9863423546957565E-5	0.35181230723443196	3.2055733956745896E-4	0.3554116364378716	5.382861073142433E-4	4.3483411145896856E-4	0.014973923911654077	0.19416495640068432	4.3358830672813356E-4	0.018004627701361815	5.506652216200732E-4	3.170733427415131E-4
61	61	1.2039118161130482E-4	4.788428678752824E-5	1.850464673338232E-4	3.1005132062460596E-4	0.30595983611612326	3.513854938449059E-4	0.10460914719831062	0.023855818825263525	1.8301157706505898E-5	2.5263511916163566E-4	1.4716674844777035E-4	0.26059805903428	2.4712526081897417E-4	0.030436473159755246	0.0035148267134134715	0.20672816960160675	1.9905886838297027E-4	0.06202024772007478	2.5280846870780454E-4	1.4556725774458244E-4
62	62	7.273813318649609E-5	2.893080359603802E-5	1.1180166525879774E-4	0.061082470285888944	0.04682630352842504	0.04283890073396994	2.7793775657479366E-4	0.19709867506077214	1.1057222206031537E-5	0.0184211803806843	8.89154372101645E-5	0.10670259209669379	0.04480574672236899	0.002150451357838389	9.375542419256406E-5	0.07009572149434401	1.2026769973187206E-4	0.40893186292498	1.5274221767265793E-4	8.794905440502955E-5
63	63	0.0017353137152991023	6.902022099757408E-4	0.0026672524385447007	0.004469067434387205	0.003340629872438668	0.005064856567276653	0.3456117081898852	0.004875879225712954	2.637921610943756E-4	0.0036414725844525083	0.002121255673375735	0.5601440134892179	0.003562053704901634	0.0028774706177505023	0.002236723247596987	0.025794812216228535	0.0028692266313336944	0.022292098104755614	0.0036439712379334496	0.002098200677838796
64	64	0.058788447424376215	2.0761453007396834E-4	0.01536893131643774	0.11787722806878223	0.0010048697194721997	0.001523521369402967	0.0019945493919495258	0.0014666765181458922	7.934933382020075E-5	0.08849505510749775	0.073471154911754	0.06652639688048709	0.0010714745553587603	8.655502713138509E-4	6.72811879248678E-4	0.5467239053815325	8.630704598308916E-4	0.006705518187987702	0.015662730744516407	6.311439480115466E-4
65	65	2.3945486098319511E-4	9.524057395670866E-5	3.680525061537499E-4	0.060756959759866926	4.6097143971643906E-4	0.2212132414582978	0.04769074479683296	6.728195437346049E-4	3.6400516348378446E-5	5.024845385572817E-4	2.9271075189447806E-4	0.3445840394722041	4.915255767311672E-4	0.2142291525504384	3.0864405069195287E-4	0.06369968602721435	0.040489440081053485	0.003076072761735731	5.028293261980691E-4	2.8952940739025723E-4
66	66	0.30612390322616584	2.5611376951300364E-4	9.89739045174087E-4	0.0016583396724692398	0.001239609634411463	0.0018794195219014281	0.00246048079134955	0.01977870612589204	9.788552364710143E-5	0.0013512435293639114	7.871356810465728E-4	0.42348591903162236	0.0013217735156225926	0.0010677448375612925	8.299823066628061E-4	0.22520462378758344	0.0010646857363203724	0.008271942908098361	0.0013521707062875165	7.785806493069926E-4
67	67	9.777442106168035E-4	3.8888715568204156E-4	0.0015028352551176207	0.0025180489108708667	0.0018822426681664737	0.0028537400140387207	0.031021066723318017	0.0027472627240693885	1.4863091096566658E-4	0.0020517493212773726	0.001195199136384217	0.5884575784334023	0.1657172066977926	0.0016212804710303245	0.0012602581232483508	0.1782440199931883	0.0016166354838326937	0.012560247563461354	0.0020531571612280334	0.0011822090423088338
68	68	1.4072033222463907E-4	5.59699859648868E-5	2.1629325347336122E-4	0.29095719427900774	2.708988820549352E-4	4.107201438758111E-4	0.06336900824407132	3.953955636265336E-4	2.139147533969545E-5	2.9529486648628754E-4	1.7201719807728431E-4	0.21428241982273413	2.8885461823792896E-4	2.3334029906327077E-4	1.8138071273306926E-4	0.1984395866651143	2.3267177642255125E-4	0.22957119677504584	2.9549748768662284E-4	1.7014761875984292E-4
69	69	0.019488476119457518	3.074034327544105E-5	0.0475683662414554	0.11450937590549276	0.03681436367198422	0.05414554728223876	0.06284248466912032	2.1716273724083863E-4	1.1748820082301055E-5	1.6218452455855233E-4	9.447684552739825E-5	0.07886775706685048	0.01956983577543041	0.002284955988783642	9.961955996302505E-5	0.050755224141211655	1.2779010311389066E-4	0.5099973456623796	1.6229581001174322E-4	0.0022502487318220047
70	70	0.018659774896091157	3.309592443455675E-5	0.014060321148493841	0.00253636709679685	1.6018672821395215E-4	0.03971806535838803	0.3439844002849048	2.3380355506525093E-4	1.2649112540967863E-5	1.7461245377609882E-4	1.017164483939941E-4	0.1615395912410127	0.002492874831170498	1.3797775311538802E-4	0.1812287597667163	0.01052517085657738	1.3758244526567863E-4	0.22398770689517006	1.7473226684768588E-4	1.0061093702486014E-4
71	71	7.849802853402925E-4	3.1221739501774903E-4	0.001206548742065655	0.0020216113080427124	0.4177202824875026	0.002291120342296841	0.002999467403205598	0.002205635230183868	1.1932807541413574E-4	0.0016472434714259652	9.595636046011375E-4	0.1657617618134446	0.023517061366042112	0.001301642283274856	0.0010117961021378304	0.36216034523712026	0.0012979130631616549	0.01008397350682422	0.0016483737533485613	9.491345295494336E-4
72	72	9.777442106168035E-4	3.8888715568204156E-4	0.0015028352551176207	0.0025180489108708667	0.4111577554345943	0.0028537400140387207	0.003736032538889492	0.0027472627240693885	1.4863091096566658E-4	0.0020517493212773726	0.001195199136384217	0.2337521340358315	0.002007001591221452	0.0016212804710303245	0.0012602581232483508	0.3146691909153309	0.0016166354838326937	0.012560247563461354	0.0020531571612280334	0.0011822090423088338
73	73	7.679082994726346E-5	3.0542719779251636E-5	1.1803083593989033E-4	0.023770028433951117	1.4782902837079818E-4	0.46738354233885276	0.07315314838811339	2.1576664159574267E-4	1.1673289276416407E-5	1.6114187280662196E-4	9.386947285251377E-5	0.10407592913982065	1.576274410238119E-4	1.2733337778514606E-4	9.897912580936769E-5	0.03971426355555541	1.2696856619319046E-4	0.2902824332526872	1.6125244282797342E-4	9.284924681147956E-5
74	74	1.0488639600135637E-4	4.171742646778371E-5	1.6121493943045516E-4	2.701208274603583E-4	2.019154373099445E-4	0.4715484545546791	0.06772111046843546	0.0471262446678003	1.5944211600857037E-5	0.06461345995624003	1.2821362536137286E-4	0.007513668109309291	2.152988086111075E-4	1.739210149927424E-4	1.3519275403897846E-4	0.06595245931577112	1.7342272928433145E-4	0.27355568453459633	2.20250094786788E-4	1.2682012782235292E-4
75	75	1.6094511569180597E-4	6.401417424176755E-5	0.03617819208505221	0.0318539534362512	3.0983334976435233E-4	0.013943804851083085	0.15332093608872796	4.5222309900684653E-4	2.4465927694582866E-5	3.37735604361446E-4	1.9674006881488398E-4	0.38880303543425865	3.3036974270499853E-4	2.6687672516539956E-4	2.0744933822700783E-4	0.06976266443690418	0.018231518351412773	0.28502267303621565	3.3796734693918186E-4	1.946017874820893E-4
76	76	2.1374544134403992E-4	8.50149311258502E-5	3.2853601318677864E-4	5.504726798028688E-4	4.1147857021830357E-4	6.238583794805136E-4	8.167370517048237E-4	6.005812942362503E-4	3.2492321935285837E-5	0.024307746853916144	0.20902939105340912	0.009347118846113557	4.3875221784560174E-4	3.5442941626239474E-4	2.7550603300550053E-4	0.5400095255891957	3.534139719081207E-4	0.21151391335030875	4.4884232380012216E-4	2.5844366120031273E-4
77	77	3.707646468295285E-4	1.4746761716137745E-4	5.698813417214141E-4	9.548545570518469E-4	0.052446743020208866	0.01142874777496286	0.04280311003929022	0.011388371146410961	5.63614559040677E-5	7.78031824914859E-4	4.5322445367679666E-4	0.01621359125163657	7.610633006828001E-4	6.147962572685153E-4	4.778950904607778E-4	0.036551075981663225	0.09373241473298226	0.7290247412672287	7.785656836444033E-4	4.4829855630011624E-4
78	78	0.041440639472456776	9.785617272487776E-5	3.7816035873929684E-4	0.08302283676094784	0.7007819747020398	0.06937577099445423	0.014671638797984802	6.912972355069398E-4	3.740018636049759E-5	5.162843077677429E-4	3.007494884358291E-4	0.03822204444650065	5.050243791806991E-4	4.0796488001864083E-4	3.1712036457010674E-4	0.0242544666645535	0.014138332204383122	0.010026319244600825	5.166385643364362E-4	2.9748077443748764E-4
79	79	1.7424959058369725E-4	6.930588483679813E-5	2.6782917768829705E-4	4.487564201604208E-4	3.3544562140671734E-4	5.085819212009104E-4	0.20003355425707964	4.896059722950987E-4	2.6488395535997318E-5	3.6565440667495644E-4	2.1300352169772194E-4	0.017345214925503172	0.2629395728880125	2.8893800160694367E-4	2.2459806933274593E-4	0.20682051869721277	2.8811019090894626E-4	0.2939960953142913	0.014953788263927417	2.1068848004398378E-4
80	80	1.5880536354103274E-4	6.316311103040494E-5	2.440907309291848E-4	0.0358620971365164	3.057141407179028E-4	0.33726809975363214	6.068069737433602E-4	4.4621082988907976E-4	2.4140655186746138E-5	3.332454371220192E-4	1.94124425689708E-4	0.0025129419476705756	0.10668532325118213	2.6332862092993156E-4	2.0469131624081886E-4	0.4322296068214111	0.06673716527339478	0.015334955539839223	3.3347409870113635E-4	1.9201457263236075E-4
81	81	1.5672176055145766E-4	6.233438053894513E-5	0.0964577596399092	4.036158477659622E-4	0.00904869134161331	4.5742347978122965E-4	0.15804463509606684	4.403563285145249E-4	2.3823918143387973E-5	0.004702367255164574	1.9157741956411133E-4	0.06370888916233215	3.2170052186489235E-4	0.17957313413976678	2.020056674129112E-4	0.3609561334547087	2.5912908145616693E-4	0.12447110749841538	3.2909875763263393E-4	1.894952487968318E-4
82	82	1.0190370418358302E-4	4.0531093145944613E-5	0.11674979138581613	0.003106174938725776	1.9617349606964568E-4	0.03157851809993149	0.3757624851689928	0.014505006887073443	1.5490800374084516E-5	0.02865119636956142	1.2456756880998294E-4	0.17508040162777644	2.0917627967215533E-4	1.6897516111526737E-4	1.3134822951847637E-4	0.07545188826300349	1.6849104533510307E-4	0.17762067941787926	2.1398676435854198E-4	1.232136986570319E-4
83	83	2.099878331259502E-4	8.35203832101141E-5	0.17026110332401032	0.18219902410052852	4.0424484749047504E-4	0.006472833915340665	8.023789543428095E-4	5.900231780366131E-4	3.1921112485572575E-5	4.406493942018643E-4	2.5669011800642756E-4	0.22600068389054595	4.3103902906779714E-4	0.023787970044794295	2.7066268417314594E-4	0.16719979342687433	3.472010148650173E-4	0.21951542073027144	4.409517526893064E-4	2.5390026593942206E-4
84	84	8.22551132664518E-5	0.21580219236678846	0.06210276861004689	2.1183699798486857E-4	1.5834824914719972E-4	0.08746603632893632	0.03704102220550435	2.3112016832958052E-4	1.2503937413921728E-5	0.03689932777731636	1.0054903856421724E-4	0.15968558523027954	0.05066808302856789	1.3639416867235375E-4	1.0602228430211224E-4	0.0012226925781929998	0.004726843318822664	0.3430742355354221	1.7272684718235254E-4	9.945621525939967E-5
85	85	0.012308262205875517	5.778535046941807E-5	2.2330864016957119E-4	3.7416082451634654E-4	0.12596378791881374	4.2404169037317643E-4	0.004609468804384359	4.0822006338444054E-4	2.2085299437768325E-5	3.0487263946135694E-4	1.7759650831249382E-4	0.11176578693485992	2.9822350429139404E-4	2.409085999855172E-4	1.8726372488727576E-4	0.517058990093711	2.402183940756041E-4	0.22485427068046596	3.050818326007166E-4	1.7566628992443667E-4
86	86	1.6540239758821998E-4	6.578700977477062E-5	2.5423065836385604E-4	0.08350923661153872	3.1841400519383716E-4	4.8275963722421543E-4	0.14371985991567737	4.647471561904351E-4	2.5143497412205496E-5	0.023425773704602436	2.021886712360165E-4	0.3164874456873952	3.395191416597437E-4	2.7426772172059704E-4	2.1319452767079897E-4	0.020921594723603026	2.73481941543213E-4	0.2883004741813778	0.12035648763878924	1.9999117143838592E-4
87	87	2.2305896076942676E-4	8.871928246784718E-5	0.15596052981734346	0.013023872680019338	4.294079053786739E-4	6.510417294478702E-4	0.24361590318699178	6.267503929324423E-4	3.390810825389612E-5	4.6807852850879573E-4	2.7266832611179257E-4	0.1466979574864863	4.57869946289968E-4	3.6987295149070934E-4	2.875106436024486E-4	0.015765105246058064	3.6881326123037306E-4	0.4199208270247663	4.683997079265966E-4	2.697048139239534E-4
88	88	7.646311925081275E-5	3.041237640391331E-5	0.03212434650020467	0.0023307084532059453	0.2348638735354319	0.1837289371356494	0.1901992994632056	2.1484584107259774E-4	1.1623472628240156E-5	1.6045418763117723E-4	9.346887775092305E-5	0.024681622765640735	0.04496650187169741	1.2678997292881033E-4	9.85567248758793E-5	0.2166491804338756	1.2642671819801843E-4	0.06926347125895989	1.605642857865685E-4	9.24530056019704E-5
89	89	9.85410092318322E-5	3.9193617698876744E-5	0.07164875545566217	2.53779135972382E-4	1.8970001573656293E-4	2.876114407174436E-4	0.07462372200420386	2.768802295275258E-4	1.4979623311053811E-5	2.0678358062775352E-4	1.2045699463463626E-4	0.30679776254669927	2.022737237217614E-4	1.6339919186266852E-4	1.2701390200936562E-4	0.09496123747328232	1.6293105129854826E-4	0.4494989057348741	2.0692546842219773E-4	1.1914780050563479E-4
90	90	0.006956547271525724	4.8702401699810204E-5	0.007022307208835562	3.1534862431216497E-4	0.20525869853714268	3.573890021304037E-4	0.17815446177080482	3.4405428620516633E-4	1.8613837523543837E-5	2.5695145281132256E-4	1.4968112883379143E-4	0.22404584642567732	2.513474571727524E-4	2.0304155489448753E-4	1.5782881092136944E-4	0.005237196334010613	0.0036195094268676015	0.3671972923941181	2.5712776407746835E-4	1.4805431043535893E-4
91	91	2.3022435675692206E-4	9.156924100982075E-5	3.538648208439035E-4	5.929119134563867E-4	0.013292532806450012	0.1741379223765418	0.02657836598029854	6.468837008936563E-4	3.4997349510951794E-5	4.8311476824756407E-4	2.8142733997565646E-4	0.26062969654672946	4.72578252401607E-4	3.8175450134350425E-4	2.9674644208785755E-4	0.11906618000393736	0.20596995501692078	0.1956974596876613	4.834462650169012E-4	2.7836862991606904E-4
92	92	1.2244809479914221E-4	0.06838969416896563	1.882080321089788E-4	3.1534862431216497E-4	2.3572323534520732E-4	3.573890021304037E-4	0.0380554286479099	0.32154671559235454	1.8613837523543837E-5	0.010508100217901196	1.4968112883379143E-4	0.07711271412605579	2.513474571727524E-4	2.0304155489448753E-4	1.5782881092136944E-4	0.08382933686636632	2.0245983850431074E-4	0.39453368910102443	0.0036741773524407596	1.4805431043535893E-4
93	93	0.006984547464450017	3.279134912407565E-5	0.10595896819024299	0.0025130254071719384	0.01626361981023301	2.4063017701257957E-4	0.31551106782960986	2.316519067402013E-4	1.2532705235678847E-5	1.73005529563183E-4	1.0078037184136916E-4	0.06342353052695697	1.6923235676142223E-4	1.3670797087746617E-4	1.0626620988140135E-4	0.008127608735033143	1.3631630096847357E-4	0.47960490788400084	1.7312424001853855E-4	9.968503427684248E-5
