0	0	1.9873876672066472E-4	6.686752524785887E-5	2.0210608980447862E-4	0.1849305399133577	1.7953829080169962E-4	0.00625524408566844	8.399265009980133E-5	1.0083269807735414E-4	1.651337053186735E-5	0.3628883579729201	1.4993741934709508E-4	1.424442826904927E-4	0.0021211515222541166	1.1440955056327566E-4	0.01979989882442113	1.7813507709571183E-5	1.7181786294273254E-4	0.4063174123003714	0.016173188223603713	6.919514286662968E-5
1	1	0.01880861495982434	1.7389110553435924E-4	5.255832522746551E-4	0.2842809670284145	0.0050398421144721125	0.07114232487815343	2.1842553210211317E-4	2.6221860727894684E-4	4.294354018996494E-5	0.19373927477897407	0.30220442784687396	3.7043084370602913E-4	0.02838085701517079	0.0368811027143784	0.019479630590317844	4.632458787102116E-5	4.468177643320136E-4	0.004863387577712504	9.023611736968645E-4	0.03219057408872205
2	2	3.7216550303412503E-4	1.252185800543606E-4	3.7847127573285296E-4	0.2804483395217899	3.3620998767702363E-4	0.24551456863996982	1.572877168926877E-4	1.8882300832122743E-4	3.092354326329973E-5	0.06047995458135937	2.807783102195732E-4	0.0331964321852663	0.36290572132420973	2.1424752019889778E-4	0.01402723661458994	3.335822782302435E-5	3.2175243133216786E-4	2.0914548676830808E-4	6.497881793280186E-4	1.2957736216946997E-4
3	3	3.5353844706727803E-4	1.189513320699395E-4	0.28814969437567506	0.4666136245534696	3.193825219231689E-4	0.12061290753174904	1.4941539374190648E-4	1.7937232921434252E-4	2.9375805586479424E-5	0.004274287228799082	0.050317188836535284	2.5339560734414477E-4	0.06633641788917022	2.0352433248545427E-4	8.125510161212025E-4	3.168863305524349E-5	3.056485729760541E-4	1.9867765819342397E-4	6.172659797037595E-4	1.230919551194087E-4
4	4	0.0031677860013455826	0.0010658313620437927	0.08730840191723829	0.3409952824921685	0.030890721919598692	0.015618187742043353	0.0013387963787459816	0.0016072174277719084	2.632139912562052E-4	0.09435656086142896	0.002389919520599617	0.002270483067417248	0.005781000983262564	0.0018236249458264328	0.007280644454938296	2.8393745864668145E-4	0.2830284905164983	0.0017801976266685437	0.11764676903322745	0.0011029322992735736
5	5	0.23172484578824756	1.3743823430982036E-4	4.154049970150341E-4	0.2102297465129204	0.003983337729004514	0.2405589529942259	0.0037869550439059664	2.0724960185199194E-4	3.3941266406839845E-5	0.09529653236391744	3.081785081121377E-4	2.9277725813753064E-4	0.0477315921880693	2.3515520515095207E-4	0.01539610680554245	3.661354353092692E-5	0.14854019551077566	2.2955528167485525E-4	7.131987920919234E-4	1.4222237510890776E-4
6	6	2.2087793218183025E-4	0.00593738612237426	2.2462036941244042E-4	0.27588832805818636	1.9953855543180304E-4	0.09685246935018763	0.21507257041039904	1.1206529161441655E-4	1.8352932327278917E-5	0.004624775381310201	1.666401965179486E-4	1.5831233699876144E-4	0.19583874325397552	0.009898937360884248	5.076522503334479E-4	1.9797902607121576E-5	1.9095808485132253E-4	0.1506095813412279	0.04338148950339035	7.690336578816205E-5
7	7	0.03304945178901641	0.0011291279748888079	0.0034127723292845156	0.3018589163158672	0.12180585238410188	0.016545706313980686	0.0014183035869982292	0.001702665378457431	2.788455017307963E-4	0.3672019835624101	0.002531849863441154	0.002405320428004848	0.12489847865597155	0.0019319247071968855	0.007713020672919674	3.007996753464168E-4	0.0029013239971889407	0.0018859183663423908	0.005859306268389369	0.0011684322284626655
8	8	6.153084833293641E-4	2.0702632014456325E-4	6.257339402936498E-4	0.4364490625994308	0.006000191693890831	0.09558726140617706	2.600468494220002E-4	3.1218476167354245E-4	5.1126497080967335E-5	0.007439092449161396	0.28901366201248285	0.011329675334774539	0.14811978495031736	3.542196029344862E-4	0.0014141871626825557	5.515180853948855E-5	5.319595688383253E-4	3.457843115749214E-4	0.0010743074676403074	2.1423277961097215E-4
9	9	0.03479684740413821	2.164538899525275E-4	0.0405000007804119	0.4904776100490466	5.811754105659884E-4	0.014556319067251071	2.7188886943450467E-4	3.2640103925411703E-4	5.34546967993941E-5	0.21269896795454898	4.853557470060745E-4	4.6110004782690686E-4	0.18332613329021877	3.703500641805847E-4	0.01855534594725804	5.7663312993021014E-5	5.561839571515403E-4	3.615306463095343E-4	0.0011232293082996208	2.2398851735256145E-4
10	10	5.835387148845117E-4	1.963370830688865E-4	0.06771536568492863	0.2590174263564531	5.271620892879974E-4	0.05967251810783993	0.015736298458596466	0.29459995586191445	4.8486720419885114E-5	0.012218221422037037	4.4024772037496194E-4	4.182462990760487E-4	0.06818685955549675	3.3593044380740106E-4	0.03232052631360223	5.230419594501619E-5	5.044932933327904E-4	3.279306856161881E-4	0.18689497953658119	2.0317145673645154E-4
11	11	0.12188361377219317	1.3996767281468695E-4	0.02986974402799794	0.534331648898857	0.08503505587121506	0.11247612185887508	1.7581412986992392E-4	2.1106386158601157E-4	3.456592770712884E-5	0.09705038724681836	3.1385028197263384E-4	2.981655845650437E-4	7.59175684805409E-4	2.3948304473296947E-4	9.561126621333157E-4	3.728738591017319E-5	3.5965061268447606E-4	2.3378005923678865E-4	0.011768834824064203	0.003825676591960704
12	12	0.044401042426039046	2.761968128733525E-4	8.34800714687433E-4	0.41521577375816526	7.415842522113736E-4	0.14205106702607384	3.469322690852033E-4	4.164902131364281E-4	6.820860041989579E-5	0.038978034648788296	0.09504297697119428	5.883671744290358E-4	0.008761432218351859	0.00773592791457033	0.0018866875809152453	7.3578826750972E-5	0.2258738057005836	4.613158594129976E-4	0.015959965977464765	2.8581105484670776E-4
13	13	3.649547949964005E-4	1.2279246958923337E-4	3.7113839332509116E-4	0.13293129063265036	3.296959178861874E-4	0.06315352138373719	1.5424026677926476E-4	0.02601850296973203	3.032439949488025E-5	0.5695165887874973	2.753382293904445E-4	0.013178247379396484	0.007124353085495291	2.1009647367963163E-4	0.10740131058048982	3.271191203199395E-5	3.1551847675053774E-4	2.050932921661776E-4	0.07813721375462752	1.2706680028427326E-4
14	14	1.367138409315659E-4	0.004884645752053064	1.3903024693549758E-4	0.47922663765209544	0.06544524148770027	0.05027017524441885	5.777915398511388E-5	0.018214290154618167	1.1359667514244348E-5	0.2798750812096554	1.0314303966231077E-4	9.798845653868156E-5	0.002668817310594098	7.870316071118719E-5	0.039023391447574676	1.2254041320798391E-5	0.0013278565296699545	7.682894458645084E-5	0.05830246281813905	4.759984129518979E-5
15	15	2.0980691894069688E-4	7.05915090494711E-5	0.04105413529523319	0.3400287909823192	1.8953713081015477E-4	0.10499274712159101	8.867036573630396E-5	0.014957638640102508	1.7433032567253707E-5	0.015531361618406108	1.5828772869134588E-4	0.3250201666511427	0.02637246696918745	1.2078124312207895E-4	0.028328189260326896	1.8805576937712116E-5	0.0020377855335422346	1.1790499074060471E-4	0.10061185067528852	7.304875626461951E-5
16	16	0.17930199187211082	2.0590530389330187E-4	0.038526288301857795	0.44491545474356525	0.11967952941121837	0.01926178559191678	0.09772591974843554	3.1049432834609004E-4	5.0849654822177195E-5	0.012813659832449984	0.060025040991604744	4.386289638584832E-4	0.006531666114074693	0.005767150502481273	0.012236227443196608	5.485316982719317E-5	5.290790881281173E-4	3.439119417601266E-4	0.0010684902549823454	2.1307274147027054E-4
17	17	4.563123475183226E-4	1.535305764550592E-4	4.6404385922377387E-4	0.48113324390540374	4.1222726847399855E-4	0.21220032382825504	1.928505644557782E-4	0.14558190335760424	3.791537502810101E-5	0.041854422675861314	3.442624553430825E-4	3.270579067063504E-4	0.037170336843040795	2.626890136106302E-4	0.0010487602259963138	4.090054323379761E-5	3.9450084992817585E-4	2.564334073471558E-4	0.07750941011468152	1.588748818327773E-4
18	18	3.2600409030547953E-4	1.0968713904744314E-4	3.315277287823467E-4	0.32066071872055707	0.008948087565283074	0.0016073033610547792	0.19051652233576324	1.6540241520144702E-4	2.7087952828475324E-5	0.07893908320822285	0.017553110596838582	2.3366059659110338E-4	0.31212378940937596	1.8767340700097656E-4	0.00940284700559865	2.922065217487617E-5	2.8184398560551625E-4	0.05787373260958003	5.691919389789891E-4	1.1350528120917309E-4
19	19	9.604076630642814E-4	3.2313818143217055E-4	0.3238935138892313	0.3158280523510092	8.676211146151113E-4	0.047224170845566835	0.2213489922384045	4.872753188463282E-4	7.98010768785566E-5	0.07109602863171495	7.245745200956792E-4	0.009186175250558344	0.0017526807815140084	5.528856342514733E-4	0.0022073418859730573	8.608400662148176E-5	8.303120470374268E-4	5.397193628910158E-4	0.0016768387765858954	3.3438642370838906E-4
20	20	3.984041499935827E-4	1.3404681934044428E-4	0.039181601292234705	0.33899713198411036	0.0038850452031286837	0.026640179261740973	0.017794034549221124	0.35271528821783726	3.310373440892249E-5	0.004816714516749759	3.005739196881084E-4	0.007335815763550841	0.050078902731815034	2.2935253395919435E-4	9.156675874705795E-4	3.57100706346383E-5	0.10962351415824734	2.2389079375065453E-4	0.046522309805057255	1.387129070606115E-4
21	21	0.09981240362397326	1.303702413566302E-4	3.9404209457113634E-4	0.4874077702430951	3.500421201145607E-4	0.24190158619369456	0.11330246847309623	1.965914416042458E-4	3.219577954875706E-5	0.02182683250803319	2.9232990866963446E-4	2.7772069394517077E-4	0.007564011330441659	2.230619521980206E-4	0.024889673299481812	3.4730630315638166E-5	3.3498976039855315E-4	2.1775001422949538E-4	6.765213415844755E-4	1.3490834964791635E-4
22	22	2.745310971200636E-4	9.236856689263877E-5	0.3622131022512322	0.02955180967892927	0.0051061816187986326	0.3924364853658575	1.1602464261202675E-4	1.3928692265490365E-4	2.281101872608274E-5	0.010606346840485009	2.0711854517324537E-4	1.967677763667802E-4	0.01750460814885059	1.5804153339290888E-4	6.309653837431892E-4	2.4606984816097244E-5	2.3734345944086236E-4	1.542779743746121E-4	0.18023173833037354	9.558386015978118E-5
23	23	0.001122578487881122	3.777020790644216E-4	0.001141598855764093	0.0711759928281139	0.0010141243519348885	0.05519826667158523	0.14946523169777265	5.695547959988433E-4	9.327598649909909E-5	0.18242823530808538	8.469234476232574E-4	8.045983685445582E-4	0.002048631864486289	6.462438224294682E-4	0.002580065332554982	1.0061982812128343E-4	9.705154155671991E-4	6.308543440201671E-4	0.5283941368567391	3.908496572141732E-4
24	24	0.02130247375188709	0.051829019615052	2.2031463588303638E-4	0.3223559700276217	1.9571361359425313E-4	0.3096879959308456	9.155988392774766E-5	0.10170527895362533	1.8001126138502915E-5	0.012203697835179451	0.028916850173988127	1.552776579119229E-4	0.04640080779665495	1.2471716462514706E-4	0.0024148147162551207	1.9418397875247342E-5	0.10178265945594242	1.2174718325642392E-4	3.782528696597907E-4	7.542921007617445E-5
25	25	6.990356468412613E-4	2.3519711093915687E-4	7.108797319629418E-4	0.3845053600332738	6.315006745500288E-4	0.015816782924422734	2.95432327880705E-4	0.20446487729848653	5.808345720237902E-5	0.002266197655743003	0.006712541728111987	5.010277206225335E-4	0.026016325867289997	0.01277273540257313	0.23664262276404066	6.265650677894194E-5	6.04345155919535E-4	0.012763152291805791	0.09399786152316739	2.433841783874696E-4
26	26	0.1381415402076744	9.039242749461636E-5	2.7320975318219565E-4	0.3545848330697983	0.04540795689129562	0.15108304356257982	1.1354240352225511E-4	1.3630700876485072E-4	2.2322998241083406E-5	8.709592837567245E-4	0.014465399414268885	1.9255811318567216E-4	0.08131231727037244	1.5466038208605137E-4	6.17466467439199E-4	2.408054131050352E-5	2.3226571733830085E-4	0.2117145383379386	4.6906721719147367E-4	9.353893255907092E-5
27	27	0.005120266942815411	9.214473933102216E-5	2.785060893642412E-4	0.19910423785359632	0.009940209406317567	0.047391055699158594	1.157434916348391E-4	1.389494025080428E-4	2.275574305307826E-5	0.17051188149182475	0.20617866296337847	1.9629096858388918E-4	0.036847795331245596	0.0025808591118628163	6.294364280815529E-4	2.4547357157084998E-5	0.017199172142238723	0.00500030521750251	0.29853182737904777	9.535224129776793E-5
28	28	1.6015567954650702E-4	5.388588307341306E-5	1.628692714925558E-4	0.24822365183257733	1.4468277851587759E-4	0.16658776743180198	6.768634109797438E-5	8.125706699078187E-5	1.3307469512738424E-5	5.192073210890776E-4	0.2962901721165192	1.147901905010589E-4	2.922735754688489E-4	9.219811322884003E-5	0.18033702318126732	1.4355198431633765E-5	0.04973619814286569	0.004341237127658267	2.796263129525579E-4	0.0524876549654084
29	29	0.24277665984896182	1.335759465599892E-4	0.03201846892417234	0.5029055056955676	0.007384146641909215	0.07572507977235912	0.0036805340748889462	0.06343090074345333	3.298744931136275E-5	0.039927280869246226	2.995180790647186E-4	2.84549634847605E-4	7.245073713376029E-4	2.2854687616066425E-4	9.124510774108379E-4	3.558463013308283E-5	0.007368724156101836	2.231043216725374E-4	0.0217696482433543	1.3822564348692868E-4
30	30	5.007956386694365E-4	1.6849739769097703E-4	5.092808514046808E-4	0.271032111278044	4.524129564214871E-4	0.0024690810243537327	2.116504673161727E-4	2.540851805897839E-4	4.161152893594801E-5	0.001623525076993267	0.004808927322970195	3.589409187844057E-4	9.139190836539659E-4	2.882970690099449E-4	0.0011509978856485738	4.488770418353432E-5	4.329584903189222E-4	2.814316393299923E-4	0.7142822257967275	1.7436268895349623E-4
31	31	2.547306837361517E-4	0.05192517852231754	2.590467038345659E-4	0.10856044380655737	0.08137016385314771	0.10268095679976157	1.0765642527512501E-4	1.2924092540187148E-4	2.1165785799019974E-5	0.0053335893874516226	1.921802272306658E-4	0.006944246261905787	0.0027187568207626793	1.466428695408559E-4	0.21921279572666527	2.2832218763720725E-5	2.202251851899802E-4	0.3314649934773927	0.0883464643955812	8.868992368465032E-5
32	32	0.11441257109535327	1.3547956924281324E-4	4.094849612957203E-4	0.26067585690973216	0.018177808811552704	0.27988440569941664	1.701765993717225E-4	2.0429603833062456E-4	3.345756132160718E-5	0.1616318219950668	0.06799716983227418	2.8860481958134694E-4	7.34832498738681E-4	2.3180395221928404E-4	0.025865122148419305	3.609175518685004E-5	0.03597621475980114	2.2628383458866847E-4	0.032768321628396616	1.4019553010997796E-4
33	33	0.0963833277324909	1.822241181220666E-4	5.507696575461282E-4	0.1685176158883012	4.892689925223521E-4	0.25665082241106807	0.23024905556797962	2.747843503540279E-4	4.5001431879502726E-5	0.044884566860325895	0.024369035776404233	3.881822109998985E-4	0.048909239205109506	0.04823265059627332	0.049165631744168985	4.8544502297715636E-5	4.6822965911034797E-4	0.02426479223621767	0.005737689830709022	1.8856722811953845E-4
34	34	0.007983373601295132	1.4366943905253017E-4	4.3423871967266335E-4	0.5144596111580603	0.0797276332161782	0.09278170154248676	1.8046393790774088E-4	0.026663940246993315	3.548010297055118E-5	0.02783159425488058	0.09477677333468078	0.09476067381946457	0.04989565755978322	0.004024001625778204	9.81399255109291E-4	3.8273536379663786E-5	3.6916239828955414E-4	2.3996290926894923E-4	0.004523718857474052	1.486704842740788E-4
35	35	4.98586350357926E-4	0.06192954664323207	0.035799487033725465	0.3404213435824699	4.504171110518E-4	0.0024581885336328268	2.107167592974493E-4	2.529642694310995E-4	4.142795732029552E-5	0.30601376909800065	3.7615585488375117E-4	3.5735743060048267E-4	9.098872778767679E-4	0.1105759405540082	0.0011459201933146452	4.468967953530314E-5	4.3104846942782133E-4	2.801900877204117E-4	0.13762876963603313	1.7359347807999108E-4
36	36	0.054246779325673344	7.085457775519671E-5	0.003940790725942148	0.3636557567571681	0.05236311708452771	0.21904634845605805	0.21437044602546718	1.0684496277835451E-4	1.749799909617613E-5	0.008135973656289569	1.5887760909594095E-4	1.5093768561443677E-4	3.8431068765512263E-4	1.212313505887119E-4	0.009800588899394263	1.8875658436918488E-5	1.820626991126368E-4	0.018751513528837045	0.05440387132827817	7.332098223094546E-5
37	37	0.23809293846824123	1.3694327773489196E-4	4.13908998208274E-4	0.22387785334324395	0.011171596335634916	0.19287570282427513	1.7201517130582011E-4	2.0650323346619988E-4	3.3819033659498294E-5	0.09495334078045262	3.070686642640432E-4	0.003893024783029745	0.06556620583517965	0.0038356102444523097	0.02254326458516544	3.648168710688987E-5	0.14080265361345512	2.2872858380184284E-4	7.106303479238971E-4	1.417101893986097E-4
38	38	0.010858960934100525	1.326440561083115E-4	4.0091466547455506E-4	0.17499048828489178	3.561472782253677E-4	0.02287315509440437	1.6661489641237422E-4	2.000202342130684E-4	3.2757312899605E-5	0.0012780669277806752	0.24098612590634805	2.82564478877748E-4	0.06699605069490257	2.2695242253978546E-4	0.00788256935999321	3.533637453092163E-5	3.408323871432008E-4	2.2154783794587116E-4	0.471600989538709	1.372613144991148E-4
39	39	3.5353844706727803E-4	1.189513320699395E-4	0.2599963085945359	0.4572291626264232	3.193825219231689E-4	0.15502260126425246	1.4941539374190648E-4	1.7937232921434252E-4	2.9375805586479424E-5	0.013658749155845473	0.03780457293380676	2.5339560734414477E-4	0.07259272584053447	2.0352433248545427E-4	8.125510161212025E-4	3.168863305524349E-5	3.056485729760541E-4	1.9867765819342397E-4	6.172659797037595E-4	1.230919551194087E-4
40	40	0.005867955171668874	2.0047752628461892E-4	0.10604815099651493	0.16430960021190966	5.382791165050005E-4	0.26127111885885396	2.5182087501641017E-4	0.016118641129331115	4.9509229817894204E-5	0.0019316636087969978	4.495318589522302E-4	4.270664619533133E-4	0.2066996880911414	3.430146935338387E-4	0.0013694526564549388	5.3407209954748105E-5	5.151322709579666E-4	3.3484623290489684E-4	0.21719685617011966	0.016023787629327508
41	41	0.002848431475817778	9.583815315395962E-4	0.0028966937711889912	0.4578382136393415	0.0025732398719817123	0.014043668840247025	0.0012038280816037015	0.0014451887557441598	2.3667855633282355E-4	0.009234305521058316	0.002148984175148084	0.002041588488551771	0.2068245253750626	0.001639779547473233	0.006546659660998357	2.553128254337167E-4	0.002462586524961744	0.0016007302737068956	0.2822094608778595	9.917422059483973E-4
42	42	0.008395742268170097	1.5109045903876188E-4	4.566686410166749E-4	0.15164578638360207	4.0567559023177874E-4	0.22472111124901198	1.8978552013733223E-4	2.278364360300914E-4	3.731277215193324E-5	0.05708257959782306	0.004312132096212898	3.2185985617649057E-4	0.2193532670902046	2.5851400136237684E-4	0.001032091897432312	4.025049599118842E-5	0.008334913163242568	0.059852474761167486	0.2630245578955732	1.5634982542301506E-4
43	43	9.686389743934034E-4	3.259076834634309E-4	9.850510737144241E-4	0.189975255085929	8.750571855512079E-4	0.030487626121976242	4.093743550477409E-4	4.914515817049814E-4	8.048502342901497E-5	0.0031402223662709895	7.307845897207249E-4	6.942635610064703E-4	0.1303273491718245	5.576242197084058E-4	0.0022262602255199164	8.682180192051009E-5	8.374283552702029E-4	5.443451049349065E-4	0.635918801188204	3.3725233040991776E-4
44	44	0.28066436668084854	2.047963625257008E-4	6.189939269148472E-4	0.4586763384914713	0.011321247661458445	0.19688569448806842	2.572457879302786E-4	3.088221033057535E-4	5.057579453448996E-5	0.007358963213067909	4.59216009190634E-4	4.3626664587126553E-4	0.022653547412334506	3.5040417163201894E-4	0.001398954425918847	5.4557747863721356E-5	0.016683288436903553	3.4205973993813065E-4	0.0010627357016890387	2.1192519853253743E-4
45	45	3.614532162758937E-4	1.2161433053078814E-4	0.22104233412908572	0.42269069808066767	0.24019039854907676	0.0017820787734286261	1.5276040011247692E-4	1.8338799031123362E-4	3.003345038710249E-5	0.05554093501650813	2.726964817049946E-4	0.022646362601566872	6.596283327872443E-4	2.080806915839412E-4	8.307418347327965E-4	3.239805580473312E-5	3.1249121748647656E-4	2.031255133688752E-4	0.03261293368365331	1.2584765092643927E-4
46	46	0.013613145861918178	1.6628689379003406E-4	0.06609720024274335	0.5123629715895166	0.017938371281957056	0.00680966272136556	0.20573862240767074	2.5075185740163836E-4	4.1065630611715076E-5	0.0016022261811933793	3.728660158081827E-4	0.004727205375285801	0.014020849573427746	2.845149227904189E-4	0.0011358980363270462	4.429882597792515E-5	0.013546198663698123	0.004650712933877203	0.1364250757458743	1.7207523876499253E-4
47	47	0.0683713248218249	1.0782106282117098E-4	3.258875414422142E-4	0.42862352032231854	0.110872156706344	0.01008631713260857	1.3543460400782957E-4	0.00299804126021251	2.6627113160027634E-5	0.0010388896310391585	2.4176776171606638E-4	2.2968539504877278E-4	5.848145329392113E-4	1.8448057248865928E-4	7.365206646286113E-4	2.872352949656364E-5	2.770490537144697E-4	0.28372536634607426	0.09129399770010271	1.11574248011843E-4
48	48	1.7835296681304553E-4	6.0008531340864955E-5	1.813748838357087E-4	0.2164600156582282	0.058550457676809727	0.019816418425964114	7.537703178386468E-5	9.048969735802551E-5	1.4819497348402438E-5	0.19468328983439576	0.01749354914843741	1.2783293789436548E-4	0.09658898179247374	1.0267389252439007E-4	0.0035660957932366387	1.59862718370121E-5	1.5419349789155766E-4	0.39146658691905206	3.113981511945047E-4	6.209739158068712E-5
49	49	0.08609561658884617	6.405170600328672E-5	1.935953184695562E-4	0.29168336717262117	0.02038497710451824	0.1121100792004548	0.02029345493040683	9.658659130615373E-5	1.5817985644150547E-5	0.003985991409135864	0.30333861217739516	1.3644589481846646E-4	0.0037162455549779446	1.095917168982076E-4	0.020650533469888602	1.7063373505620647E-5	0.01363991537185857	0.02031998117458415	0.10308179195198916	6.628130667794832E-5
50	50	0.14524557509217786	1.0398797394102861E-4	3.143020879269683E-4	0.506363893285563	0.003013857257713913	0.23123448502536884	1.3061984090843482E-4	1.568083750849932E-4	2.568050691544558E-5	0.006471258872653835	2.3317280545461874E-4	2.2151997253617176E-4	0.0634609999875857	1.7792220242156574E-4	0.011648941514185654	2.7702394677160792E-5	2.671998311297487E-4	1.7368521044165277E-4	0.030620780031659155	1.0760773165433156E-4
51	51	7.811743181413283E-4	2.628334386049244E-4	7.944101168602421E-4	0.2637994731019024	7.05703795044704E-4	0.12135427314106692	3.3014646439271224E-4	3.963389502041089E-4	6.490842817585658E-5	0.12003531878199022	0.01441321597838886	5.598998989476274E-4	0.2986386486850738	4.497049273518998E-4	0.022531197664737695	7.001882404900043E-5	0.15273785168601525	4.389957738871583E-4	0.001363903515464508	2.719825097008152E-4
52	52	0.022336587395760107	1.38944806520084E-4	0.004073896223303535	0.398885065016941	3.7306469748837483E-4	0.034921470066530166	1.745293021383306E-4	0.2596390934778929	3.4313324218892566E-5	0.08903327985315938	0.029543057778715905	0.00760386189652783	0.15056507073531095	2.377329325130531E-4	9.491255100554637E-4	3.701489434483964E-5	3.570223308666073E-4	2.320716237235385E-4	7.21016743813692E-4	1.4378139017551402E-4
53	53	0.11217538873918358	1.0905797781075139E-4	3.296260984029812E-4	0.41920075214308833	0.2813549459490681	0.015937988365785322	1.3698829943080103E-4	1.6445367327049985E-4	2.6932577366511276E-5	0.003918788580535359	0.03752829283495435	0.026044148312005154	0.006327485254698627	0.0030545778065861973	0.003612950860458773	2.905304363098542E-5	2.8022733927780965E-4	1.8215335012819163E-4	0.08947333457506274	1.128542192549934E-4
54	54	0.01802236202124636	9.634717271652071E-5	0.002824923024374224	0.4488876980709185	0.08387129042523644	0.001411825815498822	1.2102219030968211E-4	0.05588701960236012	2.3793561326941316E-5	0.10227694084583848	2.1603979487735766E-4	0.15476186692584806	0.003056296031818108	1.648488812421302E-4	6.581430550536728E-4	2.5666885347100297E-5	0.0053149968781954285	0.005228353500413443	0.11705086435856188	9.970095881676088E-5
55	55	0.0031559106645105595	1.0782106282117098E-4	0.13642762143496778	0.1847745804297519	2.894979178544606E-4	0.19722620123620624	1.3543460400782957E-4	1.625884707640603E-4	2.6627113160027634E-5	0.15415334026125543	0.0030772205511645162	0.008736043763394121	5.848145329392113E-4	1.8448057248865928E-4	0.19638276313657163	2.872352949656364E-5	2.770490537144697E-4	1.8008740122927818E-4	0.09412945048955117	0.01995974377415099
56	56	3.8223500595157314E-4	1.2860655891563748E-4	3.887113909076676E-4	0.2745080358996318	0.010491501197320053	0.1270209388745112	1.6154337495668736E-4	1.9393190158960107E-4	3.17602266919599E-5	0.0012391643807358956	0.02396282911537668	2.739636163612495E-4	0.4843328266998588	0.013748303695985557	0.004260570267506715	3.4260785340167586E-5	3.304579320289861E-4	0.05094577692456436	0.007431498877264645	1.3308327450084763E-4
57	57	8.329926092681289E-4	2.8026818949624077E-4	8.471063893228145E-4	0.4139659819408029	0.03023422187471744	0.004106917245596136	3.520463466713439E-4	4.2262963415213314E-4	6.921405337331864E-5	0.024811751109494913	6.284469015771531E-4	5.970402084685112E-4	0.0015201566934079527	0.1036655067145645	0.04613705802230282	7.466344142142013E-5	7.201564764297125E-4	4.681160486919482E-4	0.36997570194664314	2.9002415359741457E-4
58	58	0.0011453309916911395	3.853573727349653E-4	0.13290721755795876	0.33610355449873036	0.0010346786992970782	0.015780881317261925	0.010618086398689677	0.4059425776275297	9.51665110914683E-5	0.08478533450915793	8.640889546919108E-4	8.20906027780393E-4	0.0020901536866174326	6.593419400139055E-4	0.00263235828751785	1.0265919823874756E-4	9.901858937820924E-4	6.436405465181122E-4	0.001999708553725624	3.9877142697095417E-4
59	59	0.06266472955560316	0.42349325070880506	0.002313592362962039	0.1442470203976747	0.0020552493933256298	0.05147648263867009	9.614987554498564E-4	0.0011542737798465588	1.8903541197720042E-4	0.12815481821351624	0.021846290701439612	0.00163061887397431	0.024281702581649172	0.0013096936499498205	0.08574840307797679	2.0391862231514026E-4	0.001966870448630863	0.0012785049539048364	0.003972150769765313	0.04105189510256358
60	60	2.2087793218183025E-4	7.431645546851261E-5	2.2462036941244042E-4	0.18403356994332964	1.9953855543180304E-4	0.3704623871391225	9.334929052162162E-5	1.1206529161441655E-4	1.8352932327278917E-5	7.16062270039703E-4	1.666401965179486E-4	1.5831233699876144E-4	0.07662299336022534	1.2715458270800103E-4	5.076522503334479E-4	1.9797902607121576E-5	0.3656556339886429	1.241265573136971E-4	3.856452794148653E-4	7.690336578816205E-5
61	61	0.010672814141818126	1.303702413566302E-4	0.02782160808908041	0.1445631953117292	0.03806294536256481	0.001910383741738399	1.637587457454875E-4	0.01733882018817254	3.219577954875706E-5	0.20696290297097078	0.16828617162503892	0.017419949440513467	0.2064138647906339	2.230619521980206E-4	0.007747444552913516	3.4730630315638166E-5	0.08947457924255368	2.1775001422949538E-4	0.06238854482923035	1.3490834964791635E-4
62	62	0.007338064479309989	2.5070351962329395E-4	0.09965187490377261	0.29118262196950745	0.007266076965588133	0.09597487604800682	3.1491000937233386E-4	3.780476727290738E-4	6.191286574218318E-5	0.33206269769761737	5.621538798425048E-4	5.340601867401315E-4	0.0013597998192420413	4.2895077839972645E-4	0.03467725317548617	6.678741381668193E-5	0.11931714202204925	4.1873585871504975E-4	0.007893900378773966	2.5943035566515445E-4
63	63	3.5801819117969923E-4	1.2045858406452544E-4	0.43751928805856505	0.20643169105651152	3.23429470661175E-4	0.020771891003622523	1.5130866089848542E-4	1.8164518565299832E-4	2.9748031275694546E-5	0.27359071063855495	2.7010494505205854E-4	2.5660642497806765E-4	0.04817022961621133	2.061032229505489E-4	8.228469843835119E-4	3.209016496368933E-5	3.0952149657635165E-4	2.0119513564727568E-4	0.01012846145461737	1.2465167363321338E-4
64	64	0.10513495793343305	7.671532091404915E-5	0.006284194958131207	0.3574216330478212	2.0597947275838944E-4	0.14234504455431865	9.636251802266342E-5	1.1568265406803493E-4	1.8945347760800682E-5	7.391760881789238E-4	0.3512068143161314	0.0021808638620045154	4.16098982849408E-4	1.312590133186493E-4	0.02069845230184786	2.043696032534717E-5	1.971220326393028E-4	1.281332461060521E-4	0.012502741655099275	7.938573427131506E-5
65	65	9.770126007171657E-4	3.2872506871171165E-4	9.935665782720134E-4	0.10517020014560419	8.826218221985384E-4	0.004816981392638609	4.12913287473878E-4	4.957000499271038E-4	0.2940021384833494	0.06368050710107492	7.371020281464474E-4	7.002652848517383E-4	0.0017829836999742714	0.026496646881754893	0.002245505653094863	8.75723533078248E-5	8.446677006871546E-4	5.490508235983007E-4	0.4944556712575031	3.4016778711393815E-4
66	66	6.360868814925354E-4	2.140174074231654E-4	6.468643964922714E-4	0.3780212150070984	5.746334919400425E-4	0.23951963287428218	2.6882839091665276E-4	0.00595090607595434	5.2852991582210725E-5	0.19904839392492657	4.798924088403102E-4	4.559097405006459E-4	0.0011608166984091698	3.661812711811979E-4	0.0014619429546789007	5.7014234084236105E-5	5.499233512783522E-4	3.5746112783723814E-4	0.0011105858368113525	0.1690668409342702
67	67	3.107651170636543E-4	0.0715965001323167	0.04706076074350476	0.2699255497972738	2.8074159299186773E-4	0.2957490015884123	1.3133816905203352E-4	0.06889992100180452	2.582173378213712E-5	0.0037571567733018165	0.033230735244702304	0.0029724282061626326	0.19029573665439678	1.7890066422707407E-4	7.142434259690117E-4	2.78547406730163E-5	2.6866926454300683E-4	1.7464037141811238E-4	0.014291035270940538	1.0819950746402887E-4
68	68	0.05014453933226259	1.8854891747582028E-4	0.15923915997537486	0.5016220545974213	0.0748824730329233	0.10193120256078837	2.3683728676275468E-4	2.843218138876781E-4	4.656338224152235E-5	0.006775142538941393	4.2278427386421223E-4	4.0165558994980337E-4	0.0010226772415766307	3.2260498392366465E-4	0.0012879688845640722	5.022942874941185E-5	4.844813972220157E-4	3.149225546879593E-4	0.1001467200175158	1.9511218986686686E-4
69	69	0.19007072238509756	6.0678827967467086E-5	0.022523445223158283	0.5651485666927523	1.6292173249642203E-4	0.17960951381552723	7.621899490142559E-5	0.00966580520264779	1.4985031462612776E-5	0.026116138756695512	1.360604694240524E-4	1.2926083464712075E-4	3.291180731166496E-4	1.0382076218211058E-4	0.005201646617935317	1.6164838848149678E-5	1.5591584268439399E-4	1.0134840218022732E-4	3.148764754529369E-4	6.279102082251762E-5
70	70	0.17886173386298204	3.9744039985913304E-4	0.15797816108836055	0.27347965445607675	0.23100657984407957	0.005823903294954532	4.992269762811687E-4	5.993191417536734E-4	9.815049327577046E-5	0.07699201738605303	8.911827928171174E-4	8.466458487929398E-4	0.0021556912511639073	6.800158575485486E-4	0.06542565826563064	1.0587811648095081E-4	0.0010212335494364348	6.638221408823164E-4	0.002062410176698633	4.1127505687230033E-4
71	71	0.19767893294069339	7.219989052797031E-5	2.1822308369916438E-4	0.2984100387168458	1.938556106781697E-4	0.17194058984702304	9.069066216943555E-5	0.026690612468725308	1.7830232840668953E-5	0.012087842296321679	0.17484189233761552	0.013444672955510885	0.05355508526850595	1.235331649467211E-4	0.04985928052067729	1.9234049739135176E-5	1.8551951562783937E-4	1.2059137903125468E-4	3.7466193430308215E-4	7.471312451776281E-5
72	72	6.021943072098573E-4	2.026139323792284E-4	6.123975646068361E-4	0.2246718052725786	0.011200601806779526	0.10420658004484532	0.14411842180231035	3.05531113857311E-4	5.0036829206626716E-5	0.20442739152322123	0.16563141265508952	0.005759910768796171	0.08635165675936955	3.4667005927675954E-4	0.0013840463471082034	5.39763485058764E-5	0.005848915058709737	3.384145507407795E-4	0.04367775645607974	2.0966679932871117E-4
73	73	0.027597822429476893	9.443304130233119E-5	2.8542244767119023E-4	0.49212056936837045	0.04495435111463474	0.07091835455632807	1.1861783977448406E-4	1.4240004107927073E-4	2.332085411709567E-5	0.08286135821800195	0.005178503264314537	2.0116561485910474E-4	0.10978082057263948	1.6157382486753404E-4	0.0031284454808161795	2.5156960767457072E-5	0.017626292559570222	0.09452608134850753	0.050157590265241726	9.772019765984055E-5
74	74	0.13873548141212652	1.5931987794827584E-4	0.04237910633784332	0.22694155525829318	4.2777145515019273E-4	0.07775021392215521	2.0012253650558237E-4	2.4024596530725962E-4	3.9345080708456516E-5	0.005724853246769448	3.5724383789758317E-4	0.15536037883043827	0.14750561621150426	0.004462350880678521	0.0010883066751960532	4.244281306358691E-5	4.0937661221799535E-4	0.00445585938921538	0.193555543951614	1.6486570536686563E-4
75	75	0.11858082405932681	1.3218296992207414E-4	0.0073517539515390706	0.18828666679317105	3.549092688107456E-4	0.1792188858665182	1.6603572362912955E-4	0.156624565463525	3.26434446651782E-5	0.2585062419671351	0.010724743968090115	2.8158225184282156E-4	7.169519553494611E-4	2.26163509489051E-4	0.07737749775223136	3.521354117791701E-5	3.396476140734923E-4	2.207777118605818E-4	6.859280094579203E-4	1.3678417818500328E-4
76	76	3.107651170636543E-4	1.0455984332747208E-4	0.0800570408768844	0.2754249298195037	2.8074159299186773E-4	0.2022595412105033	1.3133816905203352E-4	0.0029073607350452242	2.582173378213712E-5	0.25947832780699404	2.3445511132266317E-4	2.227381950476621E-4	0.014315575943038707	1.7890066422707407E-4	7.142434259690117E-4	2.78547406730163E-5	0.11575564973137176	1.7464037141811238E-4	5.425852153656884E-4	0.046852929696418515
77	77	0.2727860254525671	1.1640245837923232E-4	0.06463543495252692	0.24539751181593597	3.125388347341677E-4	0.07823381393522165	1.4621374009525813E-4	1.7552876224607614E-4	2.8746344640563472E-5	0.07458855722668475	0.0033221341708042696	2.479658791884272E-4	0.03736485105635215	1.9916323952866497E-4	7.95139778505713E-4	3.100961314278472E-5	2.990991750609236E-4	1.944204191437361E-4	0.22100498878854583	1.2045435669590303E-4
78	78	3.7463281118648985E-4	1.2604872906300568E-4	3.80980388631385E-4	0.19280800930151373	3.384389251705289E-4	0.46591900821331683	1.5833047142794777E-4	0.0068196741129877905	3.1128553963570224E-5	0.10065850814765036	0.016856637967368495	0.06987930728912807	0.12333126697619955	2.1566789540536127E-4	8.610330048318517E-4	3.357937950630824E-5	3.2388552102048397E-4	2.105320375375943E-4	0.013913294582147972	0.0067600356919427385
79	79	0.0023728431669507682	0.12577672009150856	3.834073635866198E-5	0.10713821820585168	3.405948965007492E-5	0.39682630030257077	1.5933909050723045E-5	1.9128567066219733E-5	3.1326853464323155E-6	0.003791733229246387	3.6203563151730896E-4	0.033386182990594065	0.26393976276168746	2.1704177342222542E-5	0.016766232036145103	3.3793291601276956E-6	0.0480697859356797	2.1187319838898044E-5	0.0014001927011803948	1.3126733254381178E-5
80	80	3.809466197806357E-4	1.2817306928381724E-4	3.8740117501238474E-4	0.566830619583786	3.441427464337216E-4	0.045696832919909176	1.609988663505679E-4	1.932782221091212E-4	3.165317360624399E-5	0.007976317649082687	0.00365806821585653	2.730401767778416E-4	6.952025113397661E-4	2.1930261657988724E-4	8.7554427406247E-4	3.414530370884018E-5	3.293440690308999E-4	0.3372805840225055	0.034371770089423714	1.3263469536031836E-4
81	81	0.08039043394185529	2.523673629643268E-4	7.627765605789469E-4	0.45239584511095715	6.776025407370407E-4	0.08997513505963114	0.07332066892247097	3.805566606515744E-4	6.232376268349529E-5	0.22144264525136473	5.658847249100856E-4	5.37604582473999E-4	0.001368824398864151	4.3179759481994925E-4	0.06145418431310954	6.723066165744088E-5	6.484645696142611E-4	0.007058212059145573	0.00794628980513597	2.611521163743134E-4
82	82	6.660773003452879E-4	2.241079656112865E-4	6.77362956918822E-4	0.219038127842583	6.017264875850154E-4	0.015071048405117029	0.05921688553996779	0.05337978709254511	5.53449205958263E-5	0.07877534732509525	5.025185229202091E-4	0.006370943346982715	0.2958924589684119	3.834460977611599E-4	0.0015308710882803564	5.970235863216421E-5	5.75851305653152E-4	0.10056446480237291	0.1661820186459217	2.3190902669931312E-4
83	83	0.13516414007375813	5.133955721929245E-5	0.046059100855074364	0.08798137299367588	0.0055383080281348135	0.3949860385456631	0.006815065507683958	0.06758319354084255	1.2678637771648774E-5	4.94672675836319E-4	0.04871927783444781	0.04466317818108341	0.03673158161462791	8.784137959053454E-5	0.007101275747089057	1.3676857262802931E-5	0.006882495961006896	8.574954835326297E-5	0.11097588580510134	5.3126655776934124E-5
84	84	0.012686473118211675	6.782162156341521E-5	0.23920162125065567	0.09125713776452236	1.8210002493377996E-4	0.23999045732463134	8.519109549907381E-5	1.0227142495361593E-4	1.6748990826225045E-5	0.0024370394668174434	0.04474100056697548	0.007278704546169202	0.03603899914546996	1.1604199815651708E-4	0.018298855850933975	1.80676789535321E-5	0.16069439501847238	1.132786048934476E-4	0.14660361205667005	7.018245069084977E-5
85	85	5.631837977466186E-4	1.8948847995991586E-4	0.05040395803356483	0.09052247389483181	0.05034000564541787	0.1821691094230962	2.3801747613990027E-4	2.8573862451335103E-4	4.679541331161506E-5	0.17125196934906872	0.030323630230929682	4.036570892365468E-4	0.20035270117455248	3.24212564301928E-4	0.2155686843839515	5.047972818089255E-5	0.00547001882286744	3.16491852574903E-4	9.832995578079123E-4	1.9608445794585036E-4
86	86	0.059530616486155416	2.0369930199224453E-4	6.156780779452045E-4	0.42943510440891264	5.469295354004128E-4	0.05119643731388424	2.558677644250967E-4	0.005664003823280111	5.0304868296114905E-5	0.2965886880383657	0.11295031268055142	4.339296369842613E-4	0.0011048519559876482	3.485271139405881E-4	0.03353247663251069	5.426549095428511E-5	0.0058802467376288066	3.40227381999042E-4	0.0010570428007925605	2.1078994999351245E-4
87	87	4.8365078075648113E-4	0.013000943124435999	0.2444179167303191	0.23607683387399725	0.017554543524845236	0.16072252750932473	2.044045631805306E-4	2.453865139428986E-4	4.018694833647802E-5	0.06575901468581757	3.6488779279666403E-4	0.06453772386732123	0.11214715456524621	2.7842715021826066E-4	0.0011115931990183401	4.3350962944512746E-5	4.181360533295591E-4	0.00883060627700364	0.0735943185363782	1.683933407871042E-4
88	88	0.34701915773235975	1.4643574566989507E-4	0.027399127893759055	0.33952059374601246	3.9317775545592203E-4	0.16388496835294605	0.007885803868460651	2.2081737399631888E-4	3.616326039275242E-5	0.05147307769489809	0.004179286256414288	3.119441713279727E-4	0.01234705583473574	2.50549841442312E-4	0.004851228346064308	3.901048042047896E-5	0.038885596287140736	2.4458331419438447E-4	7.598889599776158E-4	1.5153308433131057E-4
89	89	5.805412491324023E-4	1.9532855755488606E-4	5.903776287254051E-4	0.386104534797425	5.244542135838739E-4	0.11073303976940789	2.4535322831813314E-4	0.005431249326660853	4.823765848074801E-5	0.01215546003306648	0.3445971659183649	4.160978915660601E-4	0.09865682887006767	0.005470909041931912	0.0013342802905762549	5.203552476341715E-5	0.03132212690115067	3.262462026947853E-4	0.0010136050714618975	2.021278250667101E-4
90	90	0.011892445128953356	2.140174074231654E-4	6.468643964922714E-4	0.11912497531549948	0.011830991739400862	0.42524954395738573	2.6882839091665276E-4	0.00595090607595434	5.2852991582210725E-5	0.06960027407912714	0.028620788027492364	4.559097405006459E-4	0.0011608166984091698	3.661812711811979E-4	0.29412725738866025	5.7014234084236105E-5	0.011806281598739171	0.01724199849902847	0.0011105858368113525	2.2146722235792343E-4
91	91	0.08538955146819704	1.4048477433207404E-4	4.2461311843194346E-4	0.28138966392959847	3.771994876997588E-4	0.005753032658704412	1.7646366380519334E-4	2.1184362337598004E-4	0.17736759011490924	0.04938127416270391	3.150097815469054E-4	2.9926713803886135E-4	7.619804102872422E-4	2.4036779935758805E-4	0.14873705869655887	3.742514174654461E-5	0.03730533275312284	2.3464374455022696E-4	0.2113118225697087	1.4537496332429857E-4
92	92	7.033862016006004E-4	2.366608959621423E-4	7.153040001890104E-4	0.39934569212454696	0.10021386652705667	0.01591522108067445	2.9727099594567687E-4	0.14350087332971712	5.844494844007559E-5	0.03962221503630012	5.306660276330654E-4	5.041459429111461E-4	0.0012836335286976947	4.0492401419922196E-4	0.04518218515180197	6.304645908681413E-5	6.081063899942923E-4	3.952812614832274E-4	0.07591191484601488	0.17450716123774485
93	93	0.001599072733564699	5.380230447695645E-4	0.0016261665644124977	0.42681010692113647	0.0014445837125241442	0.07862794818130539	6.758135758345083E-4	8.11310348795141E-4	1.328682923441639E-4	0.28816007384003245	0.0012064120300997409	0.001146121475246453	0.0029182025051942262	9.205511123165429E-4	0.003675210391650683	1.4332933094808207E-4	0.1853168992463221	8.986293531043694E-4	0.0027919260428089943	5.567512975898743E-4
