0	0	7.34659102870685E-4	0.004349278018692156	7.329996417683113E-4	0.9232803952715586	8.109569279773564E-4	0.001248409079686101	9.987144467287546E-4	9.727352071383413E-5	0.0010764201485085785	8.165645232715388E-4	4.302574520777673E-4	8.648579025650031E-4	0.001383216303481289	5.867531768606294E-4	0.0012811513403557866	0.002981576070477592	7.045961078926325E-4	0.05582002571737777	0.0010080968272322677	7.937984199032649E-4
1	1	2.6378953901042554E-4	0.0961260159575575	2.631936864885002E-4	0.3525309292297839	2.911853311999488E-4	0.02146255800831796	0.05289435081093777	3.4927406584574805E-5	0.005640078435813622	2.931988160554816E-4	1.5448990490406043E-4	0.010817688931383289	4.966629959681587E-4	2.1068186514284901E-4	0.09502436252545349	0.04309917506715673	0.026520869273175925	0.2512002479071386	3.6197114592927164E-4	0.04231362316199795
2	2	1.519962351608045E-4	0.08565930476462813	0.11820948216729955	0.11231554580987489	0.06676450596378429	0.027502402240929272	2.0662758456311758E-4	2.0125264726954345E-5	2.2270439362314284E-4	1.6894193894579398E-4	8.90174947947418E-5	0.015314552664383321	0.01844892150516133	1.2139545198986746E-4	0.03356342405827322	0.14894593641619672	0.030417014667995654	0.3415053008601931	2.0856873864098536E-4	1.6423177883515496E-4
3	3	0.07729315921614707	6.201322509448967E-4	0.0021906863722265142	0.012732032679562485	0.04601143954337003	1.780016658761647E-4	0.3652227145282253	1.3869531241358577E-5	0.14618560501118774	1.1642805856094607E-4	0.00214752054223314	0.00429566032135294	0.004369569315115789	8.36609126277622E-5	1.826701491791066E-4	0.02754537344663362	1.0046328804840619E-4	0.3083679206637093	1.4373727132530853E-4	0.002199355232432159
4	4	1.6231450326829514E-4	9.609230981025411E-4	1.6194786436942032E-4	3.3314189779752655E-4	1.7917163269641915E-4	2.7582166865296003E-4	2.206545031487644E-4	2.1491468810675544E-5	2.3782268678144785E-4	1.8041056656540444E-4	9.506044958620465E-5	1.910804348628722E-4	0.433476712800801	0.01629273739347753	2.8305569564005434E-4	0.007123985441585278	1.5567242930834206E-4	0.3582231560820874	2.2272743251825175E-4	0.18120211194993965
5	5	2.4099957178787612E-4	0.05422339227746692	2.4045519765093562E-4	0.014893723352464399	2.660285180123275E-4	4.0953151256795285E-4	0.005127315848963738	3.19098705055582E-5	3.53111795444631E-4	2.6786804883604826E-4	1.4114282570529371E-4	2.8371034043011704E-4	0.005253448884635543	1.9248010923166657E-4	4.202723728798003E-4	0.020176863703524606	0.0050308324685258	0.6998680209423026	0.19231849256474445	2.603997943196426E-4
6	6	0.0300968367344951	0.012800217708753477	4.943237193985559E-4	0.0010168701059935833	0.05974968471785359	0.010709039241600245	0.18814901240951729	6.55997708842724E-5	7.259212435120046E-4	0.1781590419940331	2.9015902858688493E-4	0.06965316600864842	9.328198663509256E-4	3.9569734584719434E-4	8.639888201709301E-4	0.09081491088564357	0.010342300111652485	0.34352523976066923	6.798450432378935E-4	5.353254831512011E-4
7	7	1.1454734382546097E-4	0.2881219208178302	0.006958188258285469	0.004797702110545583	0.2396629315892658	1.9465074825432657E-4	0.006999618256231983	1.5166794202619375E-5	1.6783439879811766E-4	1.2731795854345072E-4	6.708532992246057E-5	0.0024161477013468365	2.156697614999044E-4	0.013779285305565636	0.0024810557755333175	0.13734287760673472	1.0985995043617598E-4	0.24367729314868214	0.045783179198943195	0.006967667945552637
8	8	4.954428345216461E-4	0.3778840758084261	0.5431865452189119	0.0010168701059935833	5.46896917906685E-4	8.419079416090932E-4	0.010540649009676573	6.55997708842724E-5	7.259212435120046E-4	5.506785941923854E-4	2.9015902858688493E-4	5.832469087103564E-4	9.328198663509256E-4	3.9569734584719434E-4	8.639888201709301E-4	0.0020107291857232278	4.751688116613344E-4	0.05737843206092585	6.798450432378935E-4	5.353254831512011E-4
9	9	1.0652763494007726E-4	0.023968049797328254	1.0628700841572036E-4	2.1864231326980543E-4	1.1759103404304327E-4	0.008667347283623577	1.4481640202208037E-4	1.4104933925746707E-5	1.560839471999976E-4	1.1840415112286459E-4	0.736251035268499	1.254068268663412E-4	2.005702520320566E-4	8.508085992577968E-5	0.0023073516599800554	4.3233691101192905E-4	1.0216841616539194E-4	0.14599683307324107	1.4617687356764707E-4	0.08073518535281955
10	10	0.034006851361404196	0.04034823285328517	1.4138140674779503E-4	0.04826646376382637	0.0961076758387668	2.4079388559719152E-4	1.9263263632329024E-4	1.876217451437668E-5	0.0030297163813542854	0.005801691096915413	0.042414425659204294	0.09329597646772723	0.036954041282959475	1.1317330163786701E-4	2.4710923230379515E-4	0.02032975892680054	1.3590291624503782E-4	0.35788438598842814	0.22031791651473326	1.5310831122557894E-4
11	11	5.95299026733818E-4	0.560748982778319	5.939543546603548E-4	0.001221819637369782	6.571236483173926E-4	0.0010115939586113204	8.092647811746794E-4	7.8821363516284E-5	8.722302143401347E-4	6.616675190839835E-4	3.4864039860941007E-4	0.012556645374933775	0.01297667454269198	4.75449897446641E-4	0.0010381252243828406	0.002415990390580617	5.709387872959512E-4	0.4009066907189477	8.168673848317538E-4	6.432199981525774E-4
12	12	0.041502853194770865	0.001023804978572041	1.7254557637122087E-4	3.5494238218389626E-4	1.9089645148055362E-4	0.04851210765738409	0.2103288386048957	2.289784979530942E-5	0.010585864820711333	1.922164599866384E-4	1.0128111369560123E-4	2.0358455417151744E-4	0.038211361564107024	0.0035822794140847503	0.10018221130587424	0.0695850476563785	1.6585948289410076E-4	0.2921167803410947	0.1827777691934266	1.8685739812143867E-4
13	13	0.06811769824812719	0.10632791588272343	1.702007816457074E-4	0.04111838620633964	0.33652650738949325	2.898776330416462E-4	2.3189913035158435E-4	2.2586681241731846E-5	2.4994221035821095E-4	1.8960434931412904E-4	9.990476185754166E-5	2.0081795766492043E-4	0.16679160430296572	1.3624269869199612E-4	2.974803084609466E-4	6.923149055123611E-4	1.6360554831724568E-4	0.27795501519299404	2.3407769689432235E-4	1.843181140044371E-4
14	14	2.3870811952711324E-4	0.2581323574553606	2.3816892136346407E-4	0.019506170860515017	2.6349908758842907E-4	0.00991375520002171	3.2450594648814393E-4	3.1606467705428045E-5	0.05264440095369282	0.21895202503600322	1.3980082312556495E-4	2.8101278915997367E-4	0.009957557255648706	1.9064998572489538E-4	0.014678452715581143	0.005722843369584359	0.09055605677296676	0.31764294985364366	3.2755450383662024E-4	2.5792388246233386E-4
15	15	3.407709678868663E-4	0.08345805088635418	3.4000122833852776E-4	0.02784629503626619	3.761616458321443E-4	5.790734352042291E-4	4.6325280300005956E-4	4.512023559483632E-5	4.992965232811649E-4	3.787627238946763E-4	1.995745343822218E-4	4.0116356469288545E-4	0.1974564888818165	2.721649363741503E-4	5.942609035356149E-4	0.44251981313074984	3.268262745505718E-4	0.24306711478923285	4.676048118062824E-4	3.68202687206225E-4
16	16	1.1224280827462787E-4	0.005135298629031722	0.022466021857927614	0.060586260384443834	0.0023593030137506236	1.90734642001947E-4	1.5258575538947385E-4	1.4861659091975836E-5	1.6445780074035468E-4	1.2475649572882665E-4	0.002301138923607756	1.3213486277251975E-4	0.22151625338006936	8.964542068226294E-5	1.9573707547410434E-4	0.14128593693715574	1.0764971881545239E-4	0.5427896831780786	1.5401921579566826E-4	1.2127824116757429E-4
17	17	1.6829901813361124E-4	9.963522091753503E-4	1.6791886130567687E-4	3.4542479673437313E-4	1.857776677562826E-4	2.859911781114063E-4	2.2879000630839276E-4	2.228385650238028E-5	0.0035983976715106628	1.870622809577169E-4	9.856531613970009E-5	1.981255459273946E-4	0.4628661694372854	1.3441606204368106E-4	2.934919227433731E-4	6.830328831307982E-4	1.6141205176078386E-4	0.3580235718155843	2.3093936431719855E-4	0.17112397805457147
18	18	1.0345480625589487E-4	0.3797229986081672	1.0322112069184968E-4	2.1233549558658763E-4	1.141990775557582E-4	1.7580115588625508E-4	1.4063911981428658E-4	1.3698071935616992E-5	0.004272348307413484	1.1498873997531338E-4	6.0588919637596106E-5	1.2178942096970272E-4	1.9478472958068066E-4	8.262667132953513E-5	1.8041192599816994E-4	0.06635213253659791	9.922133074490835E-5	0.37666920045590324	1.419603480593559E-4	0.17112359915789663
19	19	1.899454742448782E-4	0.17135556841886854	1.8951642201527993E-4	3.898529983078238E-4	2.096722107912712E-4	3.2277508543214505E-4	2.582167545162722E-4	2.5149984463896958E-5	0.8211703385960957	2.111220496939198E-4	1.1124269128764855E-4	2.236082610495552E-4	3.57629376293521E-4	1.5170452527980014E-4	3.312405685473084E-4	7.708839085925454E-4	1.8217271295189967E-4	0.003083481507303614	2.606425608628103E-4	2.0523589340170562E-4
20	20	2.7090565468660847E-4	0.0016037969235852085	0.27543048457331776	5.560194690501615E-4	2.9904048917095763E-4	0.043622733913585	3.682761024519026E-4	3.586962539452953E-5	0.011187525811089368	3.0110829077914844E-4	1.5865750017043812E-4	3.189164816576157E-4	0.18395018845007205	2.1636532222327266E-4	4.724247494593447E-4	0.0010994566244595131	2.5981992076655507E-4	0.4737886630949599	3.717358566738148E-4	0.005688011146446819
21	21	0.0014619050282980012	0.09599961295701234	0.00145860285111086	0.0030004824320715696	0.001613730784945949	0.14805912741819205	0.0019873512297085318	1.9356548975727427E-4	0.11860190373346877	0.0016248893913324931	8.56173332906882E-4	0.001720988839017476	0.002752475075013134	0.030282566941143927	0.06077933764920121	0.005933066142721466	0.0014020823930752419	0.5186865300854383	0.002006021316530971	0.0015795869090535933
22	22	3.5523630425667675E-4	0.037477088707848	3.544338901481991E-4	7.29103648680327E-4	3.921292758509959E-4	0.10672578435031313	4.829173526569954E-4	4.703553779622891E-5	0.014670108409162054	0.21263910059185323	2.0804624424820302E-4	4.1819249746429844E-4	0.04311769094860486	2.837180254683691E-4	6.194865966584046E-4	0.13586307277134896	3.4069967469725203E-4	0.4444048686051344	4.874540992407841E-4	3.8383246856856917E-4
23	23	1.694348437524188E-4	0.08536376014132915	1.6905212130129116E-4	0.07458515767085999	1.870314542416701E-4	2.8792129101672353E-4	0.003604761424651524	2.2434247011973995E-5	2.4825538669818895E-4	1.8832473711094102E-4	9.923051913635964E-5	1.994626664483588E-4	0.020565576044173806	1.3532321651517796E-4	0.003669900004919056	0.3280070953127807	0.09464646713761683	0.3806863849664007	2.324979405304856E-4	0.006931928873504711
24	24	3.6033490527394594E-4	0.009309581074116944	3.595209743544309E-4	7.395682564929627E-4	3.977573907165034E-4	0.050846777507373056	4.898485217858546E-4	4.7710624880465605E-5	5.27961541253888E-4	4.00507798778213E-4	2.1103227011282435E-4	4.2419468999765284E-4	6.784386305712736E-4	2.877901459018297E-4	6.283779035267054E-4	0.5827468547332371	3.455896357940761E-4	0.3503143615110614	4.944503829439986E-4	3.8934150182686654E-4
25	25	1.4130271479074176E-4	0.04867714874433799	1.4098353769494482E-4	0.07908632861991093	1.5597767053290122E-4	2.4011625451826488E-4	1.920905384171723E-4	1.870937486571594E-5	2.0703628205977385E-4	1.5705622306892722E-4	8.275477129456791E-5	1.6634486534385546E-4	0.24509744371780778	1.1285481453714864E-4	2.464138288666046E-4	0.14128117031807835	0.05641860068027566	0.4159744784347561	0.0030080491356200677	0.008595139473222576
26	26	0.05007822710364795	0.05542392741348801	1.1918264668747016E-4	0.026414051798807504	0.0881544611016301	2.0298604499548712E-4	1.6238675200303657E-4	1.5816263734202008E-5	0.1500513452777797	1.3276994357025294E-4	6.995804496156104E-5	0.0167935471216571	0.02401479781398139	9.540358901380612E-5	0.12153676248476569	0.002863780947825776	1.1456435201216304E-4	0.4634630507406911	1.6391228745615081E-4	1.2906827129160667E-4
27	27	0.012297718260250603	0.14057306573243425	1.5211336935503492E-4	0.10658394094254606	1.6829120191498708E-4	0.027585908200941523	2.072549710242274E-4	2.0186371372723053E-5	2.2338059434283015E-4	1.6945489991096392E-4	8.928777996094659E-5	1.7947682655767774E-4	0.14906648879832415	1.2176404683735495E-4	2.658667698187446E-4	0.04919978395423684	1.4621901826231636E-4	0.5125758658045814	2.0920201905758984E-4	1.6473043826992022E-4
28	28	0.008182621196078321	0.23605816806319416	3.9033387762248974E-4	0.35141611659456334	4.3184736286989593E-4	6.647975376323932E-4	5.31831204840416E-4	5.1799684974776366E-5	5.732107174086944E-4	4.3483349586449804E-4	2.2911888366048032E-4	4.605504825162731E-4	7.36584511864136E-4	3.124553269614235E-4	6.822333081854221E-4	0.001587736313497142	3.7520854756212414E-4	0.39592101523364975	5.368274705335764E-4	4.227101865206421E-4
29	29	2.583602787555744E-4	0.016965867333308817	2.577766899436778E-4	5.302707512086026E-4	0.026012426677886898	0.03131171398322904	0.005496668488573584	3.420853812191313E-5	0.015814889324101678	2.871642603079297E-4	0.015587650903289918	3.041477712826849E-4	0.03650456902953543	2.0634565574982692E-4	0.07763225060527973	0.05764845767831322	0.06713859751375587	0.5444660175186966	0.09811801208570195	0.00542460491295702
30	30	1.355795872040712E-4	8.026488967547956E-4	1.3527333761108052E-4	2.782699024073719E-4	1.4966016905776364E-4	2.3039092148218986E-4	1.843103718352225E-4	1.795159650610048E-5	0.6536406260515866	1.5069503740993128E-4	7.940298774797477E-5	1.5960746550578247E-4	2.5526927347273965E-4	1.0828390092573895E-4	2.3643342768456035E-4	5.502427605855764E-4	1.3003153310208606E-4	0.3424227873040451	1.860418678048324E-4	1.464936072706261E-4
31	31	0.040161299469278794	0.18326108383610154	0.004659924385355897	4.5732358966878335E-4	0.4839453374607354	3.7863672042076586E-4	3.0290548899347724E-4	2.9502610535425154E-5	0.009201691214481531	0.009122878200924006	1.3049510232037312E-4	2.6230741604309145E-4	4.195231301220413E-4	1.779595344170643E-4	3.885672971851136E-4	0.03640517005823124	2.1370075230531236E-4	0.22993518720868156	3.0575112176032886E-4	2.4075540243822244E-4
32	32	1.6024249081638726E-4	9.48656513265675E-4	1.598805322162444E-4	3.2888920227993804E-4	1.768844319441734E-4	2.723006898097431E-4	2.1783775622296405E-4	2.1217121231815612E-5	2.347867808184248E-4	1.78107550304674E-4	9.384696322940631E-5	1.8864121327527686E-4	0.00349305904738923	0.009702044884992144	2.7944237141985085E-4	0.5942422643528563	1.5368520570570153E-4	0.3887551868186827	2.1988422378294565E-4	1.731418497564053E-4
33	33	1.3377352855247645E-4	7.919567932156763E-4	1.334713585170237E-4	2.745630629407138E-4	1.4766654266680062E-4	2.273218789694295E-4	1.8185516933390042E-4	1.7712462895736403E-5	1.9600454266244845E-4	1.4868762551497583E-4	7.834525880852277E-5	1.5748133096089742E-4	0.6822881905803387	1.0684144870908633E-4	2.332838928142913E-4	5.429129647164006E-4	1.2829938020073766E-4	0.31388352641545586	1.8356360000776334E-4	1.445421627186066E-4
34	34	1.223634821647966E-4	0.13963137803653472	0.06592012560631356	0.027057752835012234	0.036689537353938	2.0793274262801746E-4	1.6634405932288495E-4	1.6201700449180082E-5	0.15370804312841316	1.3600549981523894E-4	7.166289760498045E-5	0.026950657443435447	2.3038598830358594E-4	9.772854050453537E-5	0.11475071254820986	0.03948803611470435	0.024487000141128642	0.3675310471012183	1.679067715317433E-4	0.002569178008766809
35	35	1.655249796264108E-4	0.0866904725788953	0.11224816891125276	0.013525968620892692	1.8271553222008662E-4	2.812772436535663E-4	0.05626652781834186	2.191655622509966E-5	0.21781544361576613	1.8397897140323398E-4	9.694068406829462E-5	1.9485988282515136E-4	3.1165046421940365E-4	1.3220050941461348E-4	0.11896479087287862	0.0764926395884627	1.5875152972045223E-4	0.31586018922882814	2.2713283771621915E-4	1.7884957358936166E-4
36	36	4.038023141121863E-4	0.17127337539469706	4.028901982332714E-4	8.287828046764761E-4	4.4573909570165196E-4	0.07306453121541011	5.489392333811848E-4	5.34659852611938E-5	5.916498485165526E-4	4.488212870847676E-4	2.3648921538456334E-4	0.32215691384244055	7.602790764872127E-4	3.225064382965986E-4	7.041794948733613E-4	0.001638810861059042	3.8727831421366807E-4	0.4247411411671989	5.54096219722735E-4	4.3630799324888574E-4
37	37	2.4814571401165635E-4	0.001469055096665069	2.475851980410326E-4	5.093058995444245E-4	2.739168209300226E-4	4.216749799285768E-4	3.3733565473956386E-4	3.2856065020691365E-5	3.6358229998711527E-4	2.7581089769668346E-4	1.4532800619700026E-4	2.921229464278374E-4	4.6720879918144226E-4	0.8304568505878691	4.3273432925193913E-4	0.08007934020220658	2.379913399284827E-4	0.08310052922834772	3.405047402379615E-4	2.6812119378706226E-4
38	38	8.605720728778883E-4	0.4678467671284219	8.586281973100913E-4	0.0017662784765216399	0.01808891203187561	0.0014623734808525903	0.0011698837709572915	1.1394519584625533E-4	0.001260907426138033	9.565152350042065E-4	5.039991282472376E-4	0.001013085599901965	0.001620285268193172	0.17207697136114292	0.0015007274262745108	0.0034925873638370396	8.253565915694996E-4	0.3224714827935726	0.0011808741944161275	9.298472570394166E-4
39	39	2.947604620358409E-4	0.025226560478808512	2.940946518398536E-4	6.049801942589356E-4	3.2537273117249764E-4	5.008876031075141E-4	4.0070494003183145E-4	3.9028153054151445E-5	4.318820784759621E-4	3.2762261465364495E-4	1.7262820929223518E-4	3.4699891957954917E-4	5.549750559361397E-4	0.9629785564858142	5.140244768566892E-4	0.001196270129499338	2.826985652250806E-4	0.0047849965227391685	4.0446934559273056E-4	3.1848838202606754E-4
40	40	0.006165145455618038	0.17198618531836343	2.940946518398536E-4	0.0769199851108275	3.2537273117249764E-4	5.008876031075141E-4	4.0070494003183145E-4	3.9028153054151445E-5	4.318820784759621E-4	3.2762261465364495E-4	1.7262820929223518E-4	3.4699891957954917E-4	5.549750559361397E-4	0.0765504224549025	5.140244768566892E-4	0.08338166003965009	0.36424656816732126	0.21611885629169827	4.0446934559273056E-4	3.1848838202606754E-4
41	41	1.4796505818176158E-4	0.14232428227555063	1.4763083206572537E-4	3.0369042382438755E-4	1.6333192981914693E-4	0.6839182681555215	2.0114749907781024E-4	1.9591511349585406E-5	2.167979261125789E-4	1.6446133549957926E-4	8.665661213624045E-5	1.7418793202445636E-4	2.7858864066725625E-4	1.1817585545904326E-4	2.580321020656477E-4	6.005085556249069E-4	1.419101780561851E-4	0.1703718599100647	2.03037170725056E-4	1.5987609617388948E-4
42	42	0.5478864716510845	0.36978171957596906	1.7934000839224615E-4	3.689191640745011E-4	1.9841349706304417E-4	3.0544311629913376E-4	2.443513571516939E-4	2.3799512342294465E-5	2.633632916946631E-4	1.9978548434627518E-4	1.0526932166065499E-4	2.1160122688454694E-4	3.3842584544268515E-4	1.435584871617485E-4	3.1345403058705444E-4	7.294899574733848E-4	1.723906325489715E-4	0.07809334153876749	2.4664690561087193E-4	1.9421539544517375E-4
43	43	1.9360747501448024E-4	0.0011461815855063162	1.9317015099214128E-4	0.011964901640459649	2.1371452767370412E-4	3.2899793762675454E-4	0.2624606001202496	2.563485657168688E-5	2.836730480751164E-4	0.061908699411956376	0.20447312961131509	2.2791925412432137E-4	3.645241920632865E-4	1.5462927034432607E-4	3.3762662866148544E-4	0.03163249949661374	1.8568486093901252E-4	0.4234299457038851	2.656675463870252E-4	2.0919268154090645E-4
44	44	0.029997279626014183	0.004349278018692156	7.329996417683113E-4	0.0015078487925383958	8.109569279773564E-4	0.001248409079686101	9.987144467287546E-4	9.727352071383413E-5	0.0010764201485085785	8.165645232715388E-4	4.302574520777673E-4	0.015496168164136752	0.001383216303481289	5.867531768606294E-4	0.0012811513403557866	0.23708254025562556	0.3811186629087581	0.31918361042566923	0.0010080968272322677	7.937984199032649E-4
45	45	0.291194108101188	0.031057596451833584	0.010970208643145905	0.017602077823960255	0.06746096867136303	1.8534837335106873E-4	1.4827679576788337E-4	1.4441971888712925E-5	1.5981357939061624E-4	1.2123342307204755E-4	0.02830347226283537	0.0023006798085124028	0.13705877485641513	8.711387049270303E-5	1.902095401382318E-4	0.059094129891795896	1.046097345753288E-4	0.3536794130314344	1.4966977583570233E-4	1.178533930037683E-4
46	46	2.557286028658168E-4	0.05244429689025076	2.5515095853042105E-4	0.09219949955504209	2.822872286828632E-4	0.056457945721830036	0.40269740981342367	3.386008755732591E-5	3.746927242840783E-4	2.842391850452288E-4	1.4976896993791275E-4	3.010497007880119E-4	4.8148586380852767E-4	0.025669418854128392	4.45957915785225E-4	0.041782141422058584	2.452639292863857E-4	0.32501257812352996	3.509099556164466E-4	2.7631449754824116E-4
47	47	5.105560039011196E-4	0.31823433666047135	0.2852168154192727	0.0010478890835182906	5.635796614595632E-4	8.675898092977178E-4	6.940629401687319E-4	6.760085028142601E-5	0.0312524306535941	5.674766953814262E-4	2.990101456895291E-4	6.01038485673831E-4	9.612749446331878E-4	4.0776784236889834E-4	0.02122658801308089	0.002072065204013665	4.896635348344214E-4	0.3336680155199144	7.005832850174318E-4	5.516552474272835E-4
48	48	1.9360747501448024E-4	0.12453319577273722	1.9317015099214128E-4	3.9736906040675226E-4	0.18915008000187103	3.2899793762675454E-4	2.631949723839097E-4	2.563485657168688E-5	2.836730480751164E-4	2.1519231834092308E-4	1.1338736371391962E-4	2.2791925412432137E-4	3.645241920632865E-4	1.5462927034432607E-4	3.3762662866148544E-4	0.19743379981070527	1.8568486093901252E-4	0.4851234527975005	2.656675463870252E-4	2.0919268154090645E-4
49	49	1.1249427835102437E-4	0.040993387518210515	0.006833474619360036	0.004711711495391718	1.241773416134127E-4	1.9116196608384573E-4	1.52927610267792E-4	1.489495532364258E-5	1.6482625388538816E-4	1.2503600161427393E-4	6.588293997516632E-5	1.3243089923620788E-4	0.19288719167545051	8.984626331204112E-5	1.9617560706539054E-4	0.44405802560170526	0.004588713861877533	0.1989823872349225	0.1054537039220222	1.2154995433156626E-4
50	50	1.671783193808832E-4	0.14415765427836788	1.6680069400730688E-4	3.431246220622059E-4	0.010173001282793017	0.0036135736715684342	2.2726649965012518E-4	2.213546888571361E-5	2.4494913446551343E-4	1.8581663812939486E-4	9.790897228169665E-5	0.48630189381119837	0.10352885731044836	1.335209890079051E-4	2.9153756771859736E-4	6.784845850558253E-4	1.603372131367108E-4	0.2490959213911749	2.2940154514025827E-4	1.8063600552702523E-4
51	51	0.019432400571902236	0.06519184617340489	0.013008326711564164	3.310018909982709E-4	0.35027019261200826	0.0163333238119111	2.1923708270376314E-4	2.1353413856660758E-5	2.3629498291083214E-4	0.03872150912120725	9.444980886583984E-5	1.8985298964353865E-4	0.06132888363383268	1.2880363870117017E-4	2.8123742805725424E-4	0.10985757625401651	0.009790236799764882	0.30453235795082745	2.2129669617700805E-4	0.009809818427646303
52	52	1.2573398381726452E-4	0.025785267281840014	1.254499736490437E-4	0.0628603264378998	1.38792053158227E-4	2.1366024923563466E-4	0.3257026993963489	0.02004937249256772	1.842250276411237E-4	0.05522974419073013	0.01760227080364634	1.4801699060207826E-4	2.3673196947823815E-4	1.004204727823386E-4	0.00272335452148038	0.018038918838939298	1.205888217832016E-4	0.47030603928874476	1.725317629172133E-4	1.3585544273839263E-4
53	53	0.006399979184559106	0.053995451853237106	1.5638692935136009E-4	3.2170253456381714E-4	1.7301927119178247E-4	0.2406310214831664	0.037672506946029395	2.075349883518878E-5	2.2965637651757597E-4	0.053241740412813834	9.179628191721566E-5	1.8451915117053989E-4	2.951119454960824E-4	1.25184955609287E-4	0.0033949552858491636	0.15983869942630766	0.08755566186138865	0.35528741467235037	2.1507946022916938E-4	1.6935846941637606E-4
54	54	0.0018361140021616786	0.3765464902032871	0.001831966555061105	0.003768526477524169	0.002026803131943687	0.003120115687235829	0.002496060516550352	2.4311312923821907E-4	0.002690268315144591	0.0020408180460689896	0.0010753310334105427	0.002161516407507577	0.003457035804655862	0.0014664566458605281	0.0032019475505355877	0.44626352002630465	0.0017609783565126589	0.13950950913180613	0.0025195096511881642	0.001983919328002597
55	55	7.926463783148649E-4	0.11519577551133821	7.908559345190811E-4	0.017413036772158167	8.749664564406093E-4	0.048705463612114024	0.0010775438377840722	1.049514034447735E-4	0.14323693250460798	8.810166640588378E-4	4.6421804317104353E-4	9.33121881354823E-4	0.0014923947571007063	6.330661102353267E-4	0.0013822737185698465	0.05057543096554048	7.602104852625117E-4	0.6127419745737741	0.0010876667776578476	8.564536125527836E-4
56	56	2.81538544845627E-4	0.23155621232912862	2.809026005523287E-4	5.77842911412505E-4	3.1077765530037005E-4	0.5723985577198003	3.8273072633228074E-4	3.727748743161542E-5	4.125093680448993E-4	3.129266169249362E-4	1.6488471522864087E-4	3.314337689888413E-4	5.300808276480537E-4	2.2485753589848034E-4	4.909671474584344E-4	0.001142609660655849	2.7001770228511206E-4	0.18960334429432446	3.8632627390506024E-4	3.0420211383355185E-4
57	57	1.4796505818176158E-4	0.006769652079323105	1.4763083206572537E-4	0.015037889358196945	1.6333192981914693E-4	0.014985636535007457	2.0114749907781024E-4	1.9591511349585406E-5	0.009057317286736113	1.6446133549957926E-4	0.05607661256275196	1.7418793202445636E-4	0.015012787575039812	1.1817585545904326E-4	0.003204871888940159	0.13026145917810342	0.01192926932555423	0.24109601479505294	2.03037170725056E-4	0.49522896029109176
58	58	0.02092514201368233	0.07995662655518393	2.0757707871778215E-4	4.270054576673146E-4	2.2965368669128854E-4	3.5353511112343205E-4	2.828244592658726E-4	2.7546743703257676E-5	3.0482982141892724E-4	2.3124169326519338E-4	1.2184396814083159E-4	0.36900920872817655	3.917109683966397E-4	1.661617597619583E-4	3.628073432408083E-4	8.443480943476487E-4	1.995335241903182E-4	0.5254481269570738	2.8548144165080195E-4	2.247945943013073E-4
59	59	3.629394865245495E-4	0.19731068528161946	3.6211967233038846E-4	0.022429584691295513	4.0063247005793317E-4	6.167444854128667E-4	0.05831917771003472	4.8055487943131605E-5	5.317777653034126E-4	4.0340275868398496E-4	2.125576585388784E-4	4.2726086404852224E-4	0.007911566093365607	2.898703574138243E-4	6.329199594914889E-4	0.0014729711832666128	0.49186728949074854	0.21551026445382887	4.980243808496152E-4	3.9215574924197363E-4
60	60	2.2281872013311596E-4	0.0634456415886645	2.2231541322859823E-4	0.02708297742243257	2.4595949885998253E-4	3.7863672042076586E-4	3.0290548899347724E-4	2.9502610535425154E-5	3.264732702269368E-4	2.4766025666940987E-4	0.013443322018702266	0.43071037771239096	4.195231301220413E-4	1.779595344170643E-4	0.009263785241439709	9.042982812128601E-4	2.1370075230531236E-4	0.42075237301015533	0.031369013926651416	2.4075540243822244E-4
61	61	2.364598316492855E-4	0.0013998731439892192	2.3592571195844855E-4	0.09938025102091692	2.6101730437293836E-4	0.00511109948464448	0.028577143787453973	3.1308780143128774E-5	0.07098569573591132	0.23572694069397865	1.3848410002219414E-4	2.783660520123871E-4	0.005154488987774789	1.888543364915871E-4	4.123556477746516E-4	9.596600286034542E-4	2.2678365571461543E-4	0.503022503974322	0.04741729311258868	2.5549460967726434E-4
62	62	2.3535149500306611E-4	0.39511886593176193	2.3481987884284023E-4	4.8304644450168155E-4	2.597938617200526E-4	3.9993371365228044E-4	3.199428649292131E-4	3.1162029347701824E-5	3.4483625155259104E-4	2.6159028121679743E-4	1.378349961050394E-4	0.01902589721052252	4.4311984111389713E-4	1.879691367497488E-4	4.104228506796167E-4	9.551619015000284E-4	0.37988964802029407	0.2006833576828568	3.2294855460155363E-4	2.5429705304854766E-4
63	63	1.711676218652769E-4	0.04192057845864128	0.003579717963718952	0.0037602494318834325	1.8894418956309867E-4	2.9086580762411403E-4	2.3268965987228359E-4	2.266367781463465E-5	2.507942476015478E-4	1.902506985917591E-4	1.0024533089454958E-4	2.0150253342671808E-4	0.010549085367142183	1.367071414655954E-4	0.08552191885845854	0.07569128848676333	0.4330991595178595	0.34367234891096315	2.348756530110689E-4	1.8494644283904377E-4
64	64	0.0048098369205728355	0.010521155336361405	2.294426505822866E-4	4.719849832432299E-4	2.5384474488188917E-4	0.11030777134209731	3.126163735625631E-4	3.044843837878385E-5	0.004916814544719775	2.5560002749647014E-4	1.3467866095998393E-4	2.707167619657218E-4	0.3027047112895909	1.836647611610062E-4	4.0102442426730915E-4	0.24824652997717003	2.2055181117803022E-4	0.31058470507979147	3.1555323482255544E-4	0.004828348637196389
65	65	7.479212356600634E-5	0.00938004075926658	7.462318178152869E-5	1.535068615766351E-4	0.08349700125128683	1.2709454736755963E-4	0.47824517000002853	9.902951113654355E-6	0.015005021180356999	0.00604130492284879	4.380244986450503E-5	8.804703959009487E-5	0.038868952230395416	5.9734529845241074E-5	1.3042788006059855E-4	0.13138337679358603	0.007519449555120077	0.20975024261726813	0.019466696310975747	8.081281410101289E-5
66	66	1.906667498927244E-4	0.5669230978550366	1.90236068432811E-4	3.913333782696899E-4	2.104683943290735E-4	3.2400075195449424E-4	2.5919727515062203E-4	2.524548593035534E-5	2.793643071095253E-4	2.1192373867215408E-4	0.12162454043886411	2.2445736363540755E-4	3.5898739422524805E-4	1.522805894381455E-4	3.324983808569815E-4	7.738111686012123E-4	1.8286447326930992E-4	0.2537154957062649	2.6163229295666504E-4	0.05336789818710998
67	67	1.2668568107317854E-4	0.038595661197665256	0.21458517005867703	0.1264122335956344	0.03798550797764628	2.1527747209553372E-4	1.7221976749088965E-4	1.6773986974183242E-5	0.04812346227741718	0.035463430600246225	0.048012037045004556	1.491373509017199E-4	0.22983556051832887	1.0118056870456306E-4	2.209235950069717E-4	5.141473013592156E-4	1.2150157462297298E-4	0.21903836800169632	1.7383767879088E-4	1.368837506638221E-4
68	68	7.402032802474413E-5	0.26873763937987316	7.385312958581914E-5	1.5192279221653136E-4	8.170768944162766E-5	0.05909269058218262	1.0062513438008213E-4	9.800760493165945E-6	0.016324353922179378	8.227268079814047E-5	0.07670033025822368	8.713846380247198E-5	0.07827051799190969	5.911811675792895E-5	1.2908196753014053E-4	0.17867530302155352	7.099134119127753E-5	0.3152003923421237	0.0015757431416861503	0.004502496956046076
69	69	0.0676488697605666	0.20384423422818185	3.0669768630668144E-4	6.309058144369777E-4	3.3931614605569617E-4	0.1535711655004686	4.178766163566336E-4	4.070065255402657E-5	4.5038980952984657E-4	3.4166244529578994E-4	0.06139955117179533	3.618690959532239E-4	0.043432425419952694	2.4550604328007445E-4	5.360523109505432E-4	0.12368658511323646	2.948132355836378E-4	0.24374619949474122	0.09837304267745514	3.321367772989762E-4
70	70	3.2743760353609906E-4	0.001938473457945387	3.266979816292862E-4	0.013714399907437648	3.614435484843404E-4	5.564159971445652E-4	4.451270851690598E-4	4.335481366200858E-5	4.7976052082983724E-4	3.639428540228584E-4	1.9176577062938847E-4	3.854672158945376E-4	0.01365885120004379	2.615159239812146E-4	5.71009224569562E-4	0.001328888622577385	3.14038524980798E-4	0.13573897733993215	4.4930881268802705E-4	0.8285431235948421
71	71	1.5338921964571717E-4	0.1169929999305804	1.5304274133689217E-4	0.0583572810668598	1.693194161246652E-4	2.606548993722679E-4	2.085212434366212E-4	2.030970470002176E-5	2.247453899985512E-4	1.7049022400399678E-4	8.983330440347114E-5	1.805733819406963E-4	0.3179948862702211	1.2250799257998104E-4	0.058309948984333226	6.225222351126345E-4	1.471123773363008E-4	0.44239077833134544	0.0032653463895016945	1.657368971665725E-4
72	72	1.378122897200766E-4	0.14628175855483894	1.375009968587673E-4	0.0716434785556171	0.011130682617508526	2.3418496157823936E-4	1.873455649598556E-4	1.8247220467730897E-5	2.0192212250163006E-4	1.5317665869314298E-4	8.071058319194383E-5	1.622358552004024E-4	0.033195146613841375	0.02206718284095604	2.4032697478663654E-4	0.5247854423233796	1.3217287116856123E-4	0.18887266077972095	1.891055749225195E-4	1.489060400879611E-4
73	73	0.00350834621336302	0.011014852035145743	0.020211014409061447	3.4427086740570475E-4	1.8515705712999792E-4	0.06375661470705811	0.27081738844590714	2.220941484151218E-5	0.040333080412020786	0.006867656211968828	0.030163720796544044	0.08705330851523159	3.1581487412113304E-4	1.339670304810872E-4	0.01365494914691929	6.807511370496226E-4	0.023545138752739964	0.29001536656995963	0.13719515396318333	1.8123943986805033E-4
74	74	1.4840237620843933E-4	8.785614855148132E-4	1.480671622706341E-4	3.0458799584916023E-4	1.6381466539279997E-4	2.5218073686377373E-4	2.0174200043136502E-4	1.964941502757748E-5	0.6681715843690298	1.6494740908741995E-4	8.691273002707011E-5	1.7470275304801476E-4	2.794120231339585E-4	1.1852513002795411E-4	2.587947286687221E-4	6.022833882764535E-4	1.42329600586042E-4	0.327519516155599	2.0363725709635752E-4	1.6034861786077192E-4
75	75	3.4785331727147555E-4	0.0020593371546425666	3.470675799858582E-4	0.12541382313741317	3.839795307223775E-4	0.007518879203445817	0.007400651434893433	4.605798353381157E-5	0.10442623412328308	0.2428586093183527	2.0372235422007508E-4	0.06968720811528067	6.549382942235833E-4	2.77821425193003E-4	6.066116133702921E-4	0.00833951544789777	0.0072613895113226995	0.42131312210781674	4.773231885555483E-4	3.7585515857524205E-4
76	76	1.906667498927244E-4	0.023912436232035435	1.90236068432811E-4	3.913333782696899E-4	2.104683943290735E-4	3.2400075195449424E-4	0.04962380287724164	2.524548593035534E-5	2.793643071095253E-4	2.1192373867215408E-4	0.04567899335872409	0.3571685286402935	0.04592631564230927	0.01154411265145915	3.324983808569815E-4	0.042543862062678225	1.8286447326930992E-4	0.2233372768742089	2.6163229295666504E-4	0.19766443763937602
77	77	0.025293313122716838	0.010814886806602227	1.2608141219834387E-4	0.027943002150362356	0.03285652079964866	2.1473568443817917E-4	0.21409082964486797	1.6731771971290575E-5	0.005218541558078909	0.007690539077098504	0.37254481230287156	1.4876201773200834E-4	2.3792353362952684E-4	1.0092592811093922E-4	2.203675977824221E-4	0.0030295479766900106	1.2119579226293739E-4	0.2914712595031897	0.005206789436601991	0.0026532338831456457
78	78	2.0056769505566788E-4	0.049120935987927015	2.0011464916399227E-4	0.012395041789658627	2.2139759951014129E-4	3.4082546669714746E-4	0.22795701457213316	2.655643381166628E-5	2.9387114003519976E-4	0.1360346506525937	0.2877187575919967	2.361129881741559E-4	0.0043720913114797776	1.6018821762321756E-4	0.016327614023582297	0.004808456059542514	1.9236026172276944E-4	0.2589015120293655	2.7521833764917986E-4	2.167131922774981E-4
79	79	1.4840237620843933E-4	8.785614855148132E-4	1.480671622706341E-4	3.0458799584916023E-4	1.6381466539279997E-4	2.5218073686377373E-4	2.0174200043136502E-4	1.964941502757748E-5	0.6593049364174463	1.6494740908741995E-4	8.691273002707011E-5	1.7470275304801476E-4	2.794120231339585E-4	1.1852513002795411E-4	2.587947286687221E-4	6.022833882764535E-4	1.42329600586042E-4	0.3363861641071825	2.0363725709635752E-4	1.6034861786077192E-4
80	80	0.1791823240573982	0.0075548696185660635	0.0012732496520607424	0.30760123675284884	0.001408664571639435	0.0021685364299839937	0.0017348068803113533	1.6896799035921045E-4	0.001869784787688789	0.10307908624869273	7.473743777458992E-4	0.026917462982196577	0.0024027019616047456	0.0010192137017707738	0.0022254110444173475	0.0051791167116670605	0.0012239115793472844	0.32569814637888256	0.027166274714974747	0.0013788595578436385
81	81	0.17059954463406501	0.14383891568078053	0.012086940239407535	4.083919299692351E-4	0.004182446762466049	0.05581737844653837	2.7049590277622416E-4	2.63459579341166E-5	2.9154203265112545E-4	2.2116167300958357E-4	1.165326869028286E-4	2.3424164924592224E-4	3.7463595722530006E-4	1.5891862864464944E-4	3.469922654444471E-4	0.004770346122946032	1.9083568974224998E-4	0.490654988735582	0.11519434939614684	2.1499560852191265E-4
82	82	1.3132440319934077E-4	0.05047059223747217	1.310277652919764E-4	2.6953636322097886E-4	1.4496306405359138E-4	2.2316007070189863E-4	1.785257654478414E-4	0.0026328163193270956	0.005423272364388774	1.459654529200934E-4	7.691091404897147E-5	1.5459816323350518E-4	0.002862685748339209	1.0488539579166237E-4	0.28792610790830486	0.20715179607151138	1.2595047553894606E-4	0.4415237827137857	1.8020291817813278E-4	1.4189588524396904E-4
83	83	0.0015057447587928804	0.008914205997841611	0.001502343555639532	0.003090461150682163	0.001662123478954044	0.03254680174215405	0.002046948084923212	1.9937014788472303E-4	0.06218237996322119	0.0016736167105639882	8.818483305606208E-4	0.0017725979965391929	0.0028350165282174733	0.0012025992971579347	0.002625825921741499	0.5159084120115491	0.0014441281573719798	0.3543124424206807	0.0020661780518738183	0.001626955693650203
84	84	1.1351152847785186E-4	0.0458854193631414	1.1325512661004142E-4	0.13361255435568895	0.03177469162112728	0.08835905229338697	0.004675652112371771	1.502964568669185E-5	1.6631672549094145E-4	1.2616666257200931E-4	6.647869853309386E-5	0.013697653308402198	0.06803384392061644	9.065871461257713E-5	0.08836411127113586	0.0027213514957419617	0.0837536866057324	0.32511861665498415	0.08832192185971863	0.024990028035968778
85	85	1.316687734139798E-4	0.22891842518565528	1.3137135763702422E-4	2.702431647977927E-4	1.4534319874498678E-4	0.01333517795105606	1.789939111592866E-4	1.7433779977683536E-5	0.008059780276643565	1.463482161623194E-4	0.653026460593608	1.5500356391577372E-4	2.479059924990251E-4	1.0516043535309442E-4	2.2961346954413907E-4	5.343709245638524E-4	1.2628075377542428E-4	0.09391747501271454	1.8067546186460503E-4	1.422679769136619E-4
86	86	2.398483727897896E-4	0.3978916624446311	2.3930659900170607E-4	0.08169732891231482	0.028925364655070052	4.0757527561924967E-4	3.2605603604929503E-4	3.1757444463127714E-5	3.5142506238484706E-4	2.6658850536154423E-4	1.4046861919806368E-4	2.823551220070013E-4	4.515865634958203E-4	1.9156067644074813E-4	0.0625162464319632	0.12516937545327497	2.3003353431777146E-4	0.30005318521100555	3.291191556483975E-4	2.591559249629511E-4
87	87	1.2448707616592613E-4	0.14453391037498067	1.2420588253497761E-4	0.027527334777172823	1.3741564824545915E-4	0.0026907987982511352	1.692309275310475E-4	1.6482877752026366E-5	1.8239806257122187E-4	1.3836584833114087E-4	7.290659300139407E-5	1.4654910171073407E-4	2.343842915068806E-4	9.942459997164888E-5	2.1708950976548656E-4	0.1765325014844585	1.1939293885654683E-4	0.40118130730545837	1.7082076030082414E-4	0.24558099314143325
88	88	3.6558199491207945E-4	0.08953450736635689	3.647562117727782E-4	0.10996310527968306	0.007684400592140244	6.212349102252027E-4	4.969815501583446E-4	4.840537279906883E-5	5.356495600716602E-4	4.0633987413422976E-4	2.1410525921716593E-4	0.17517079992740375	6.88317851974689E-4	2.9198086034668865E-4	6.375281555233038E-4	0.001483695667239532	3.5062200920692334E-4	0.3845389396802658	0.22620803689967828	3.950109768902883E-4
89	89	1.2732819041839954E-4	0.19094183217878816	0.0051987214493796965	2.6133434871803E-4	0.15482681836529233	0.050933177992251145	1.730932111911352E-4	1.685905928303638E-5	0.017937443899543864	1.4152371174842607E-4	7.45705083800431E-5	0.06354590460484957	0.038277340068119586	1.0169372425929309E-4	2.2204404897753374E-4	0.053769404028986494	1.2211779183468166E-4	0.40272977202798677	0.01792560237355243	0.0026734184164394284
90	90	1.3972982974749896E-4	8.272188756686056E-4	1.3941420551252898E-4	0.06429184989697477	1.5424143393317008E-4	2.3744344482787378E-4	0.2506445421352423	1.850111491870581E-5	0.10038656762282103	1.5530798076106246E-4	0.005647491153350935	1.6449322823194957E-4	0.030874199884155937	1.1159859203564684E-4	0.003026499694637719	0.10074892223270604	1.340119435148654E-4	0.44195525197370505	1.9173681710026136E-4	1.509779401541569E-4
91	91	4.2427450611702176E-4	0.16305717043680873	4.2331614728517865E-4	8.708008915340195E-4	4.683374217447532E-4	0.0176204881492375	5.76769656813688E-4	5.617663321377281E-5	6.216456382264094E-4	0.05961988476585489	0.07629630459164012	4.994658856582063E-4	7.988241236232749E-4	3.3885704723780755E-4	7.398803745392227E-4	0.07776972191205311	0.2876986988009633	0.2688299746821419	0.04283098015923874	4.5842817606822953E-4
92	92	1.0978859054406631E-4	0.002836488415980599	1.0954059811495135E-4	2.25335251464926E-4	1.2119065532119544E-4	0.4965278740612068	0.0526258636893378	1.4536705112208624E-5	1.6086188883552598E-4	1.2202866301930218E-4	6.429833789592881E-5	1.292457001791517E-4	0.015512389139210114	8.768530061502659E-5	1.9145723422154545E-4	0.05948176237422017	1.0529593016147971E-4	0.3713050794569527	1.5065154622232634E-4	1.1862646138426266E-4
