0	0	9.55742897250502E-4	5.748437697964201E-4	0.954869990470842	0.01369195341509925	2.2921358312239139E-4	9.051020806577022E-5	0.0011576623101089032	0.005893755020421698	7.318531003170313E-4	6.521686500117049E-4	4.5568633733137617E-4	6.359148527235383E-4	0.002620507804864796	0.014055161896442448	7.195295278499905E-4	5.637497747683991E-4	4.133274320999421E-4	1.3145955917069337E-4	7.252694353792615E-4	8.316999543340188E-4
1	1	0.0012587619742247737	7.570984630086123E-4	0.1845172013114864	0.4204436649515739	0.08566172426006814	1.1920654447981995E-4	0.0015247001041288981	0.05653942539888245	9.638877317820464E-4	8.58939260524866E-4	6.001620679124519E-4	8.375321833475618E-4	0.003451341974303442	0.018511362614058308	9.476569604598206E-4	7.424871076705967E-4	5.443732367021847E-4	0.17089281556249447	0.04973226717934813	0.001095391113543108
2	2	0.047448510988196545	2.653201527417493E-4	0.03474904253491702	0.16870869740978872	1.0579393233409148E-4	4.17751456838477E-5	0.15865007456723038	0.2975847862627173	3.3778808532517347E-4	3.010095871714248E-4	2.103228302637889E-4	2.93507618452764E-4	0.17641884844971975	0.11332215326352095	3.321001187835212E-4	2.601996998291376E-4	1.907720030712849E-4	6.0675390690732686E-5	3.3474938319657903E-4	3.8387257636515135E-4
3	3	0.008686421737342655	0.28394051715797275	0.024656175397630053	0.20848508144341515	1.94923347446525E-4	7.696992688623057E-5	9.844766161986702E-4	0.18610617458517656	0.055737970694427284	5.546045510404325E-4	3.875158925937196E-4	5.407823135754087E-4	0.08883871358331076	0.02769983179645881	0.008485545768091808	4.794130946480813E-4	3.5149385808160054E-4	1.1179327585361091E-4	0.10297431689647553	7.072780633743865E-4
4	4	6.180969102614565E-4	3.7176227939163866E-4	0.28820246320424686	0.002867027074333645	1.4823673597312025E-4	5.853465415596083E-5	0.04266339931574593	0.10560448716686816	4.7330316696317707E-4	0.02437303677562737	2.947009263298352E-4	4.112580975370485E-4	0.0016947316921345939	0.003101920831582406	4.653332808283449E-4	3.645875841163689E-4	2.673066254975425E-4	0.29348803862980727	0.23399389904291049	5.378760056887062E-4
5	5	5.239732381410678E-4	3.1515039489380894E-4	0.061579293973163925	0.271458078423909	1.2566327588734076E-4	4.9621008894208136E-5	0.03109063228305358	0.32301874626185223	4.012286567024165E-4	0.005433535963150636	0.10176968870297337	0.02065260475264897	0.0014366582938142023	0.03816151362741475	3.94472423211592E-4	3.090682607597485E-4	0.13220242543289365	7.20709419880853E-5	3.976192506098333E-4	0.010607954834037536
6	6	2.1869595758389445E-4	1.315374763008189E-4	2.785490324009896E-4	0.058217105248245395	5.244933987623275E-5	0.47670979009557185	0.04899311675640052	0.11363538760541365	1.6746482243814665E-4	0.01074232183804147	1.0427151505627422E-4	0.19717699804639352	0.004836868719345518	0.018046471230423064	1.6464490560770263E-4	0.029789652736822544	9.457882325762842E-5	3.0080970791516202E-5	0.04041970280085107	1.9031207917822064E-4
7	7	4.75682059758955E-4	2.8610504900743595E-4	6.058675200959658E-4	0.06211267818587599	0.06923666498922916	4.504776580165639E-5	5.761792148935836E-4	0.21490929830175892	0.0049724222599680035	3.245903554609146E-4	0.01865948816824036	3.1650069055711875E-4	0.0842513508454942	0.3249592668387807	3.5811648598144173E-4	0.19843198884984722	2.0571687722901026E-4	6.54286357358402E-5	0.009577317727418209	0.009630289178865306
8	8	0.0715598838577737	0.012811767427745566	0.00473409789371155	0.12752331877171483	1.0358072366257852E-4	0.029328896010223447	0.029811137880368845	0.21186332775243705	0.06727470967510821	2.947124677257413E-4	0.012757920649049584	2.8736744016481276E-4	0.2187521586246177	0.11095145423812396	0.029613147385964135	2.5475632307508776E-4	1.8678105347555646E-4	5.9406061742829565E-5	3.2774642734335814E-4	0.07150382933597138
9	9	0.06321430880200431	0.1254261226765077	9.129963687194656E-4	0.04498993132852807	1.719124867746747E-4	6.788356403281483E-5	0.00781242412841594	0.16413618838470156	5.488971670674336E-4	4.891330299571688E-4	3.417693243687506E-4	4.7694251893562884E-4	0.43944785143062953	0.14942482806853513	5.396543640891054E-4	4.2281798652110843E-4	3.099997205076204E-4	9.859598815864717E-5	5.439593523178648E-4	6.237833092273544E-4
10	10	0.00848597476107066	4.7756684045734344E-4	0.0010113146842803053	0.1882901695461855	1.9042531629147495E-4	7.51937767550557E-5	9.617589348686044E-4	0.06643212090065785	6.080065422316289E-4	5.418065533557436E-4	3.785736156382011E-4	5.283032764234864E-4	0.0021770569648972525	0.7116455877727416	5.977684047141673E-4	4.683502072920265E-4	0.015727314382597224	1.0921354569659318E-4	6.025369864528925E-4	6.909569873923817E-4
11	11	0.0010532619324753814	6.334978387901305E-4	0.0013415204167332075	0.04569944909500738	2.5260134519819433E-4	9.974539902975138E-5	0.08290362402874889	0.03710556308797205	8.065275849243155E-4	7.187125476812726E-4	5.021822015533914E-4	0.07212516018941184	0.39062013020778913	0.23996583718782716	7.929465792072166E-4	6.212718701999364E-4	4.555012139049861E-4	1.448730089784756E-4	0.12324103197186109	9.165622927061465E-4
12	12	0.0014745319292124854	0.11516315672390394	0.0018780842895504434	0.0925467900103165	3.5363354297006117E-4	1.3964026528115903E-4	0.0017860556896757696	0.4519135455157565	0.0011291119892338222	0.14385152466931533	7.030385012894247E-4	9.810972776243879E-4	0.004042951760499347	0.15024529286795235	0.029679169196197827	8.697601053314183E-4	6.376866598790202E-4	2.028174292009195E-4	0.0011189546297704078	0.0012831569470389099
13	13	4.000908673511974E-4	0.004116521943048716	5.095884039392776E-4	0.028986986765218027	9.595285671903556E-5	3.7889172656524626E-5	4.846179020359114E-4	0.1381231063790094	3.0636664161654605E-4	2.7300932247896487E-4	0.011818404899920025	2.662051956855762E-4	0.1910152177949925	0.31207843153802345	0.12045355541738831	2.3599561870143155E-4	1.730261676907504E-4	5.503129471484141E-5	0.04293831460476664	0.14763168721404296
14	14	0.033381473945732584	9.85408804121637E-4	0.002086741183020474	0.007599463090571461	3.9292255513713274E-4	1.551544273020085E-4	0.04959916836365174	0.4068921959535655	0.03299767753244036	0.0963473211613716	7.811467259761832E-4	0.0010900980883334804	0.004492127422895688	0.13519456305454455	0.20756371310532795	9.66391253705521E-4	0.016580094315714528	2.2535063229201804E-4	0.0012432715192097464	0.0014257168650858875
15	15	7.940089807202988E-4	4.7756684045734344E-4	0.101006869828835	0.3113616220317913	1.9042531629147495E-4	7.51937767550557E-5	9.617589348686044E-4	0.051048189339957126	6.080065422316289E-4	5.418065533557436E-4	3.785736156382011E-4	5.283032764234864E-4	0.0021770569648972525	0.003984735980508255	5.977684047141673E-4	0.12353980269289783	0.4003256034001153	1.0921354569659318E-4	6.025369864528925E-4	6.909569873923817E-4
16	16	4.3009695993472777E-4	2.586873086246511E-4	0.013047505654155378	0.13949168344341514	1.0314914770519868E-4	4.073079218703762E-5	5.209633695853153E-4	0.3734766726624134	3.2934358651337097E-4	0.0044600508753806474	0.004371631232809551	2.861701046594833E-4	0.009512395906978985	0.2813183878576778	3.237978157115605E-4	2.536948639527528E-4	1.8600281782394311E-4	5.915854244518162E-5	0.15865590202489463	0.012873975033131176
17	17	0.019352875856178512	0.001089125532024596	0.0023063758834392023	0.34169886944311617	4.3427863148599286E-4	1.7148481673237882E-4	0.0021933604322591964	0.30938196166113446	0.0013866026547159434	0.001235628818183608	8.633643620389905E-4	0.00120483362382121	0.022507016269570163	0.20205037090425293	0.0013632538456571572	0.018610187598072314	7.831092255651214E-4	2.4906934691525974E-4	0.07154245398313631	0.0015757771117005702
18	18	0.5765143509682898	4.703312959889931E-4	0.008571418351335586	0.1324094314522798	1.8754021052783533E-4	7.405452698023174E-5	9.471874676905002E-4	0.03512391389180099	5.987947251608458E-4	5.335977225116782E-4	3.728379028574076E-4	5.202990317282796E-4	0.017294924589367665	0.10998032708058217	0.1066446749488923	4.6125430266770776E-4	3.3818027961965213E-4	1.0755886744113231E-4	0.008168833983864752	6.804884004125838E-4
19	19	0.057510333672507394	2.2173274148010609E-4	0.00404090500807118	0.28384703521096194	0.07508686606025929	3.4912227670946956E-5	0.018303315900538127	0.09512860675880001	0.26813391047719365	2.5155903268411084E-4	1.757705069453876E-4	2.452895048201428E-4	0.05815247838430608	0.016135519511878246	2.7754193951265525E-4	2.174534884712391E-4	0.057301109402491154	5.070749650641093E-5	0.05027872411059823	0.014606228564303757
20	20	9.925001971006098E-4	0.14481970767547536	0.20317598736981285	0.15844129350761274	2.3802900035309782E-4	9.399117650083794E-5	0.001202185309735955	0.3618698895151507	7.599997325671619E-4	6.772506659914032E-4	4.732117611530681E-4	6.603717573868536E-4	0.04118069250231011	0.07228481731479136	7.472022028782587E-4	5.854312537217933E-4	4.2922375777673194E-4	1.3651541514252558E-4	7.531628638159747E-4	0.010478537020722592
21	21	0.06613575729889132	0.6615205672498211	7.184295159211641E-4	0.013544982612631866	1.3527655627761076E-4	5.341703178458513E-5	0.07718354212407076	0.03626420789317074	4.3192277596880977E-4	3.84894856072705E-4	2.689355387112065E-4	0.005839610569288328	0.13268996299242175	0.0028307232022320005	4.2464968847691933E-4	3.327120805586231E-4	2.4393629237798035E-4	7.758439186777401E-5	4.2803724916740896E-4	4.90850080287242E-4
22	22	4.1124852311285264E-4	0.19546197991389896	0.1439467926153186	0.13337864283285325	9.862877119742994E-5	3.894581848399445E-5	0.0084660768817307	0.1618949166483675	3.1491053452428205E-4	2.8062295300272574E-4	1.9607818563899374E-4	2.736290740537282E-4	0.0011275835453830102	0.12955095651157655	3.0960779987553434E-4	2.4257701830238286E-4	1.7785148757278908E-4	5.656599668545004E-5	0.2234145110513497	3.578738370715238E-4
23	23	0.003685873451980768	0.002216915654015922	0.004694629452434598	0.5527005810829643	8.839744070237878E-4	3.4905744421707003E-4	0.004464586435812921	0.022729580543832072	0.002822430510306308	0.0025151231782183326	0.0017573786611775838	0.0024524395421791022	0.1886407111556554	0.19703214784608045	0.0027749039958843845	0.002174131070559612	0.0015940192841979919	5.069808005377767E-4	0.0027970402553740732	0.00320749522754747
24	24	8.898328773159262E-4	5.352013466766193E-4	0.9235012089441135	0.0041274675678573056	2.1340653723553855E-4	8.426843568633716E-5	0.001077827507092014	0.05720887081268874	6.813829868902467E-4	6.071937421712854E-4	4.242612588256107E-4	5.92060840582535E-4	0.002439792131063581	0.004465628436171304	6.699092736367083E-4	5.248724166420756E-4	3.8482351188501225E-4	1.2239383428750864E-4	6.752533451929731E-4	7.743441939852468E-4
25	25	0.32286269416896635	2.534081003109607E-4	5.366271509023287E-4	0.3856187010795233	1.0104411270750005E-4	3.989957113533539E-5	0.012754940872727393	0.18626727853619238	3.2262244735418343E-4	2.874951897632259E-4	2.0087998713406738E-4	2.8033003618577234E-4	0.001155197184995166	0.0633374396072535	3.171898528789519E-4	2.4851753986197876E-4	0.0124268160893654	5.795125372752922E-5	3.1972017353193254E-4	0.012611247045482728
26	26	0.0277340515902201	3.374157561530197E-4	7.145251303007307E-4	0.0026021470219639072	1.3454138069057378E-4	5.3126730946209144E-5	0.055025631791940775	0.06324018566251798	4.295754432962817E-4	0.054728922434522397	2.6747397842324813E-4	3.732626187401102E-4	0.017841993937601056	0.5680149803794641	4.2234188221246634E-4	0.043807799385617324	2.4261059329246709E-4	7.716275080589447E-5	4.2571103282520285E-4	0.16352654049846616
27	27	2.4174322903829388E-4	0.03527372978274817	3.079039195878879E-4	0.08777120116344608	5.797671307090131E-5	2.2893426696334918E-5	0.028395480407218832	0.19586751233197758	1.8511310119206082E-4	0.025925733417248718	1.1526016769994077E-4	0.15706738841695939	0.005346602084313115	0.37123160074038525	0.09151565460735514	1.4259346453338457E-4	1.0454601166631236E-4	3.325105361839233E-5	1.8344784537321947E-4	2.1036811587102973E-4
28	28	0.0014745319292124854	8.868760576847154E-4	0.08758529478921485	0.36395295659258714	3.5363354297006117E-4	1.3964026528115903E-4	0.0017860556896757696	0.037662028100711835	0.0011291119892338222	0.0010061738365413275	7.030385012894247E-4	9.810972776243879E-4	0.18974190784310557	0.26452157353417155	0.04396370427947523	8.697601053314183E-4	6.376866598790202E-4	2.028174292009195E-4	0.0011189546297704078	0.0012831569470389099
29	29	0.015813040443496997	0.14331773140994597	9.885040659336098E-4	0.31185720301040615	1.8613019501914337E-4	7.349775021626691E-5	0.12123559136016558	0.08748912810314274	5.942927047854639E-4	5.295858838663734E-4	3.700347321465637E-4	5.163871788950688E-4	0.06979418552780853	0.19185661689362854	5.842854926675064E-4	4.5778637587813093E-4	3.3563768122085854E-4	1.0675018928745803E-4	0.0532182388329253	6.753721685636048E-4
30	30	0.0051793231298289085	2.914777680187158E-4	0.14145849448472878	0.021026706969256983	1.1622403706618914E-4	4.589371028455837E-5	5.869991883002137E-4	0.21425033586545325	3.7109023252271156E-4	3.3068578362519565E-4	0.051872849797223744	0.0144065691522023	0.00602345154357017	0.21369391482873842	3.6484149576075257E-4	0.14112710197490874	0.14105082947965897	6.665730917701012E-5	0.04731483510800187	4.2171814167247737E-4
31	31	0.005891293312282307	1.7390880663398773E-4	0.14042203169333028	0.03775515943399471	6.934451202147077E-5	2.738226123331998E-5	0.031162056434263796	0.4975733454840381	2.2140920019467808E-4	1.973020803335855E-4	1.3785983477350357E-4	0.008595610107693183	0.08202396639934677	0.029461816404483927	2.17680921497373E-4	1.7055251482480657E-4	1.2504489783554258E-4	3.977076252231438E-5	0.011423717863583462	0.1543107470751129
32	32	2.3353938055623396E-4	1.404652425888544E-4	2.974548281557086E-4	0.1752891338651243	5.60092032820493E-5	2.2116510608140672E-5	0.034219087062827995	0.04442602461726183	1.788310645026968E-4	0.08160625885839592	1.113486746848568E-4	0.31689332870775844	6.403309627008368E-4	0.10298064168054617	0.09519720190784119	0.031811548434652906	0.03856203375053806	0.07695419390706963	1.77222321151551E-4	2.0322901975268937E-4
33	33	8.324269797788971E-4	5.00673836565201E-4	0.444587965086349	0.1248232966830935	1.9963901512820917E-4	7.883201576082557E-5	0.0010082934889499217	0.1422236915344392	6.374248426970546E-4	5.680217778206867E-4	3.968908402066243E-4	5.538651469679223E-4	0.147436919446039	0.13320378206694727	6.26691334513696E-4	4.910112580606419E-4	3.5999734547076823E-4	1.1449782584661317E-4	6.316906433262927E-4	7.243888320386366E-4
34	34	0.037615737151237026	2.565494480317812E-4	5.432793947546319E-4	0.13007462166760417	1.0229669576528916E-4	4.0394182107494117E-5	0.07076291450720741	0.2464261802025092	3.26621803682722E-4	0.08706584655705439	0.16548867962770528	2.8380511894425195E-4	0.021830181150842502	0.16329378140151352	3.2112186460306796E-4	2.5159826224800886E-4	1.84465641158792E-4	0.07443705889406177	3.236835521184592E-4	3.711828768502014E-4
35	35	0.0060700399755805445	0.0036509030539654975	0.007731298650934937	0.7926017638119244	0.0014557634867092275	5.74841395879439E-4	0.00735245485035727	0.037431958618952155	0.0046480885057653566	0.004142002820821242	0.0028941196339357694	0.004038772967292659	0.01664316541363842	0.03046251022485556	0.06337336114842246	0.003580443735353026	0.002625093048630955	8.349157306153191E-4	0.004606274844923034	0.0052822280814427015
36	36	0.30379817323118996	0.01745512270097478	4.5335907979778944E-4	0.2706111942872015	8.53651662593458E-5	3.370838173921325E-5	0.010775765346966924	0.1711571398494657	2.725613409769957E-4	2.4288475612571045E-4	1.6970957575247308E-4	2.3683141456999138E-4	0.021665188937664698	0.20178231962239734	2.679717185025008E-4	2.0995524172787101E-4	1.5393400548134107E-4	4.895899698489678E-5	2.7010941101563536E-4	3.0974693520542136E-4
37	37	0.0012587619742247737	7.570984630086123E-4	0.001603262053021558	0.347278089248188	3.01885939451196E-4	1.1920654447981995E-4	0.0015247001041288981	0.19067631418842337	9.638877317820464E-4	8.58939260524866E-4	6.001620679124519E-4	8.375321833475618E-4	0.015645604591534433	0.20142530187252317	0.08630749528107676	0.1470736385144425	5.443732367021847E-4	1.7313892126058752E-4	9.552167104241658E-4	0.001095391113543108
38	38	7.940089807202988E-4	0.1081650877653624	0.0010113146842803053	0.011374956598127166	1.9042531629147495E-4	7.51937767550557E-5	9.617589348686044E-4	0.46641434147887667	6.080065422316289E-4	5.418065533557436E-4	3.785736156382011E-4	0.02360420061747457	0.20216816725400666	0.18089994892856656	5.977684047141673E-4	4.683502072920265E-4	3.433828218964995E-4	1.0921354569659318E-4	6.025369864528925E-4	6.909569873923817E-4
39	39	0.21630826345162654	0.004678675827584135	0.03141539743113919	0.11664377116588366	1.0905621724598758E-4	4.306333324290643E-5	0.03579219115189235	0.2010369951257347	3.4820419284535385E-4	3.102915848522027E-4	2.1680839120909978E-4	0.14126813282435727	0.11578132570634016	0.1168165800479201	3.423408309193084E-4	0.013483745888048008	0.004601828894812276	6.254639035211868E-5	3.450717886311374E-4	3.9570975536339504E-4
40	40	3.8373062570778044E-4	2.307996848344705E-4	0.08227138045377437	0.13560604639346158	9.202921823987574E-5	3.633983456632082E-5	0.007899585765138923	0.5413882198904453	0.01516340795947862	2.618456123042441E-4	1.8295799409412126E-4	2.553197152021485E-4	0.004769525742294124	0.046534460226586076	2.8889099435779845E-4	2.2634544754330315E-4	0.0076007354265215064	5.2780992713584776E-5	0.15642167061946058	3.3392740327535596E-4
41	41	0.04953134971382327	0.04871413261455203	0.0032429026794123946	0.008225088351245927	1.94319303100148E-5	7.673140620727786E-6	0.032280100224755935	0.10567970873013656	6.204396026100763E-5	5.5288589728284276E-5	3.8631502678098416E-5	0.033805719882330804	0.008856341294137957	0.11186608499030987	0.049511324365979756	0.1122921815896629	0.010239075811540434	1.1144684174437284E-5	6.148582004735843E-5	0.42550029012429214
42	42	0.03061658980885653	2.6760733846943515E-4	0.009187170966411072	0.2606780333738941	1.0670592627654115E-4	4.21352672803142E-5	0.022090114525318127	0.183773696770264	0.004650937448858607	3.036044327742208E-4	2.1213591295130745E-4	2.9603779352222305E-4	0.048632538617387214	0.32550068006647304	0.06498852502666974	2.624427448208108E-4	1.9241654834294163E-4	6.119844137563368E-5	0.017578584961101425	0.030558844028952623
43	43	0.10735070281529055	4.1389371466000617E-4	0.04087493702844672	0.40317653536885023	1.65036252202324E-4	6.516832607276694E-5	8.33529350109418E-4	0.1909030430218835	5.269421261761835E-4	4.6956846246022757E-4	3.2809907802373904E-4	4.57865553095284E-4	0.008553203736220202	0.0034534583166044926	5.180690210748241E-4	4.0590591857726625E-4	2.976002093635144E-4	9.465230055810548E-5	0.24051295646228937	5.988329380411914E-4
44	44	8.674012049715316E-4	5.217095309065146E-4	0.0011047930150038855	0.1552765782547643	2.0802680173525104E-4	8.214412449658609E-5	0.0010506567044624323	0.28264643956085667	6.642060986311041E-4	5.918870801888272E-4	4.1356611618814925E-4	5.771356617962054E-4	0.0023782877530307833	0.02956191494096192	6.530216246075808E-4	5.11640981422195E-4	3.7512254988520175E-4	1.1930842526554376E-4	0.5216413357111457	7.548238596797134E-4
45	45	0.09743653362582974	4.0054280224624875E-4	8.482054935105893E-4	0.3321089740266406	1.5971270059908694E-4	6.30662003754405E-5	8.066423089356993E-4	0.28151569575369656	0.013412689404823163	0.19399559332835484	3.175156313595929E-4	4.4309624715964494E-4	0.0018259318350800505	0.07430715686780515	5.013577401839492E-4	3.9281266739899586E-4	2.880005604952247E-4	9.159911436621085E-5	5.053572245085731E-4	5.795164666305819E-4
46	46	0.017144346331172733	3.4300810395794675E-4	7.263677101777368E-4	0.1407624126155996	1.3677127713511197E-4	5.4007256386328915E-5	6.907747372032218E-4	0.19688078403587866	4.36695250962522E-4	3.891477021322703E-4	0.005796592605728061	0.07220036057465055	0.007088337156163168	0.38406530030788366	0.16616990675468973	3.363883397718827E-4	2.466316349720853E-4	7.844165059709386E-5	4.3276679153397395E-4	0.006020959163403589
47	47	0.06638170247183157	5.802158513557924E-4	0.0012286883443716054	0.013819908686283784	2.3135565045920108E-4	9.135605218069779E-5	0.0011684809997683891	0.0900564411432021	0.03811985126831541	6.582633549774896E-4	0.30885450486543586	6.418576612449858E-4	0.002644997209455005	0.30389049206899665	7.26253739733431E-4	0.1594389430319609	4.171900966927117E-4	1.3268808683460838E-4	7.32047288361398E-4	0.010184762128538442
48	48	4.17908262419285E-4	2.5135626086186666E-4	5.322820934383992E-4	0.265090195331018	0.04058510877593198	3.957650524297853E-5	5.061995709073036E-4	0.04711047517630421	3.200101809592565E-4	2.851673479497357E-4	0.012344718311097335	0.01242352505496394	0.03353374983249213	0.08306703925071111	3.146215740741673E-4	0.4091438217310389	1.8073160622593482E-4	5.748202378430053E-5	3.1713140678012386E-4	0.09347889970379897
49	49	0.01573424239674766	0.048663699499748574	2.552918013335532E-4	0.4028669555228272	4.8070123742105123E-5	1.8981584085800332E-5	0.013834862666826578	0.08861368454250697	1.5348247958978084E-4	1.3677124749646567E-4	0.003979017018684642	0.17100523167622073	0.08210204961816997	0.04372385639265949	1.5089800948392705E-4	1.1822825272196332E-4	0.002028407824880427	2.75693839358707E-5	0.11471392312180317	0.011824776836535107
50	50	0.03988885787721937	4.0577845812790955E-4	0.5563938666182924	0.1665218812454804	1.6180036947137255E-4	6.389056401667423E-5	8.171862546151405E-4	0.06298167095260378	5.166103178398311E-4	4.6036158543534403E-4	3.2166600573537574E-4	4.4888813621512966E-4	0.1129567141016475	0.05567135295939353	5.079111886206445E-4	3.9794727958257476E-4	2.9176513152239647E-4	9.279644318899052E-5	5.119629518116228E-4	5.870915591800376E-4
51	51	0.014907292066412555	8.389405545478249E-4	0.0017765741466471445	0.24969415153867194	3.3451970889880996E-4	1.3209273221109747E-4	0.001689519677260887	0.35992540197204015	0.0010680836743606973	9.517903083359352E-4	6.650393874426796E-4	9.280691332499262E-4	0.0038244308915251057	0.1421245598239501	0.0010500983620676356	8.227497165671768E-4	6.032198021708704E-4	1.9185518094826348E-4	0.0010584753184837504	0.2174131360042075
52	52	0.0018766347539270047	0.0011287259362133962	0.47506784619297077	0.24504352886918868	4.5006892271664227E-4	0.01835762808493341	0.0022731106144881666	0.15701185992400188	0.0014370192724165141	0.019460464166712807	0.03725457235513571	0.0012486411529633139	0.005145459133092877	0.009417896028658883	0.0014128215049513113	0.0011069424872446711	8.115829330896429E-4	2.5812546259602046E-4	0.01960400012680706	0.0016330720778912936
53	53	1.5569359885832685E-4	0.015176468703833896	1.983040829475696E-4	0.03692096038976288	3.733963157477037E-5	1.474440465915618E-5	1.885869221126507E-4	0.20005339906081362	1.1922122921528503E-4	0.41790048735449714	7.423277328431564E-5	1.0359257941944236E-4	0.04567536357085019	0.18780837622909552	1.172136795346076E-4	0.001600119135660936	6.733237107556952E-5	0.013595957506577626	1.1814872897407203E-4	0.08007445804725248
54	54	0.011858835920891589	1.794376069935828E-4	3.7998426919872704E-4	0.13432957761850856	7.15490695158313E-5	2.8252781011377722E-5	0.1535379970786822	0.21281887228656793	2.2844810345292607E-4	0.05222582714526239	1.4224258869391664E-4	1.9850095872970698E-4	0.05284024463790338	0.22114670749146007	0.006004851582109833	1.759746140476354E-4	1.2902024727010978E-4	0.15321766766816464	2.2639301101955175E-4	2.5961532051607845E-4
55	55	0.06955645872952938	0.06932003378344286	0.00650252400933826	0.02573943305539776	1.4227338716743217E-4	5.617988994949847E-5	0.0926695328841375	0.3139927883373845	4.542628672904289E-4	4.048025495593449E-4	2.828455356567509E-4	3.94713780983682E-4	0.36943043222122823	0.0489526196979912	4.466135981109798E-4	3.499207546018328E-4	2.565532677994728E-4	8.159724438653889E-5	4.501763716390267E-4	5.162380344053016E-4
56	56	3.522993854709254E-4	0.05140542457038639	4.4871726950300233E-4	0.12791150492586825	8.449113742609604E-5	3.336325153150354E-5	4.267295332327454E-4	0.24448855565086777	0.003682672639317882	0.2357306341197443	1.6797196931432002E-4	2.3440656736329086E-4	9.659535968632556E-4	0.15534860413283538	0.1231296990901212	2.0780557175119018E-4	1.5235792046793445E-4	4.845772021256808E-5	2.673438401896788E-4	0.05491300710753235
57	57	0.008686421737342655	4.88847433651727E-4	0.0010352029206033037	0.25572702639746864	1.94923347446525E-4	7.696992688623057E-5	9.844766161986702E-4	0.28059006449328355	6.223682480315344E-4	5.546045510404325E-4	0.00826117338493597	5.407823135754087E-4	0.10458602856799526	0.3347724739978066	6.118882757495569E-4	4.794130946480813E-4	3.5149385808160054E-4	1.1179327585361091E-4	6.167694960262871E-4	7.072780633743865E-4
58	58	0.00546337004448747	0.1251080343371699	2.3147080165152904E-4	8.429669323675411E-4	0.015888493976665675	0.02114375606485698	0.04423376516067305	0.21238614843605122	1.3916119673460783E-4	1.2400927149055956E-4	0.0018471938089963907	1.2091862682276607E-4	0.17127119768184718	0.05196784930235628	1.368178807169314E-4	1.0719650334425226E-4	0.026486775872267245	2.499691477493622E-5	0.005419545726799021	0.3170563314599264
59	59	0.07290846053713627	3.740017332383448E-4	7.92001061899539E-4	0.0028842977205668615	1.4912969727393167E-4	5.8887260280040156E-5	7.531919683825934E-4	0.2628616905739619	4.761542916110257E-4	0.006448197117176255	2.9647617131751177E-4	4.1373546971699515E-4	0.05591992077466105	0.44888822151812424	4.681363957851844E-4	3.667838184117009E-4	2.6891685032105105E-4	0.11453937661660131	4.7187086326551457E-4	0.030660549560268587
60	60	0.0017202635844594395	0.001034674499574103	0.5188079797539449	0.09130470796964735	4.1256679096780965E-4	1.6291140159693167E-4	0.002083702971699475	0.17725892161297577	0.11797271084094363	0.0011738533268400074	8.20200301045402E-4	0.0011445977439165488	0.004716712164400324	0.05862833192800703	0.0012950977174557103	0.0010147061632068838	7.439575349659116E-4	2.3661707884098634E-4	0.017970490772013157	0.001496995843498684
61	61	0.0012743011369420814	7.664446908504248E-4	0.0016230539997362894	0.10466920062391175	3.0561266049239084E-4	1.2067812523104237E-4	0.0015435222194281361	0.19303017483339177	9.7578673144368E-4	8.695426924737854E-4	6.075709476061613E-4	8.478713492458922E-4	0.028183544754992285	0.2903254449128721	9.593555945227407E-4	0.23530282123173457	5.510934145255355E-4	1.7527628632662737E-4	0.13675979029834048	0.0011089134959322983
62	62	0.00466045554791383	5.669965412739758E-5	0.0065127297887215135	0.033313806011509586	0.013721166303925524	8.92746475124087E-6	0.44394746012614106	0.20879940916702938	7.218625275304793E-5	6.432658546771946E-5	9.581837632107553E-4	6.27233938999962E-5	0.002084947888306202	0.2854030954174232	7.097071849276953E-5	5.560539910711158E-5	4.0768507328055014E-5	1.2966499644517655E-5	7.153687366176121E-5	8.203463658519223E-5
63	63	0.0015178968302618267	9.129584311637813E-4	0.0019333173691231417	0.00704072652064388	3.6403364573814084E-4	1.4374698292250255E-4	0.0018385822757177334	0.4946132565129376	0.0011623183435464752	0.0010357646700767898	7.23714347256745E-4	0.10394238000830208	0.018866484770995562	0.36052875534226997	0.0011427462267784231	8.953391112228034E-4	6.564405561889547E-4	2.0878214083186868E-4	0.001151862263601444	0.0013208936504203249
64	64	0.004796513211943715	0.0915719882342021	0.04404879223446057	0.09338378462648292	1.0763378058472814E-4	4.250165170371848E-5	5.43613381807908E-4	0.2288488573077354	3.436625131317591E-4	0.035087979236939994	2.139805267194588E-4	2.986119705308542E-4	0.022969118509025464	0.33702648335988244	0.13946481495570665	2.647247983105423E-4	1.940896936833773E-4	6.173058836564762E-5	3.4057096533732966E-4	3.905484534453459E-4
65	65	8.064148109819811E-4	0.008297175805547346	0.0010271157628813897	0.08186200815211407	1.9340057754015265E-4	7.636862647818074E-5	9.767857398397678E-4	0.49713817853471726	0.024053948175783612	5.502718985833264E-4	0.047257372481737975	0.08647017816318145	0.002211071944365152	0.24622356159152547	6.071081143959812E-4	4.756678489255225E-4	3.487479362801693E-4	1.1091993031324991E-4	6.119512018608078E-4	7.017527029470559E-4
66	66	0.0011219486138246172	6.748103203740258E-4	0.0014290053837167662	0.23345066389102964	2.690743112962283E-4	1.0625012518377388E-4	0.001358982240768105	0.3547229327038939	0.011728006443523955	7.655821612333932E-4	5.349311577188243E-4	7.465017941291163E-4	0.003076219669162814	0.005630501818421083	8.446572385728019E-4	6.617870560847772E-4	4.8520594904162133E-4	1.5432065528277425E-4	0.3812622841266516	9.763343400902891E-4
67	67	0.4611155648226524	0.06398187877155351	0.0010434184400212247	0.03554448168642742	1.964702871953231E-4	7.758077130749754E-5	0.02480072147971971	0.2113915718960809	0.08792489114169749	5.59005972604897E-4	3.905912745086985E-4	5.450740398733386E-4	0.002246166714930069	0.10728110136744987	6.167443092005532E-4	4.8321778598916793E-4	3.5428336394453466E-4	1.1268048338586276E-4	6.216642675441576E-4	7.128911239134115E-4
68	68	0.0028669219173153666	0.0017243467959873247	0.0036515458944001784	0.6798578189849751	0.19510080522368978	2.7150157222305675E-4	0.003472615343780322	0.04545269300432468	0.0021953243906809444	0.001956296616886576	0.0013669127457549618	0.0019075404421673068	0.007860682283777148	0.04216097426227094	0.0021583576289011565	0.0016910683718547256	0.0012398496264256497	3.9433648161163893E-4	0.0021755755090929643	0.0024948329038802443
69	69	0.0030391410298714616	1.710343266631247E-4	0.008626520396598707	0.05365977964736071	6.819833998594814E-5	2.6929669078871055E-5	3.444414015009244E-4	0.33232682982419404	2.1774960224996983E-4	0.005703595107948466	1.3558119609204258E-4	0.1737401611825758	0.05863000327326506	0.12814682699246538	0.027761853782570588	1.6773350986851347E-4	0.002877755156477467	0.06615376341034945	2.1579075228277632E-4	0.13798631139860074
70	70	6.071896884811537E-4	0.6297555727231037	7.733663762184654E-4	0.002816434198636107	1.4562088249059257E-4	5.750172478175909E-5	0.07132130637669581	0.06844802392971126	4.6495104203635385E-4	4.143269916804748E-4	2.89500498518312E-4	4.040008483835386E-4	0.06636850865122641	0.1442188548526125	4.571217961703747E-4	3.5815390426409464E-4	2.6258961009228385E-4	8.351711428916001E-5	4.6076839681437104E-4	0.012292690393793161
71	71	9.737747990987404E-4	0.23642188932763034	0.0012402791119784172	0.042250622081088145	2.3353813195768625E-4	9.221785474857662E-5	0.0011795038045205716	0.1758070159124124	7.456608966503446E-4	6.644730481080341E-4	4.642837240678941E-4	0.010081360593725216	0.0026699486530947984	0.0803544751855101	0.010166552818231624	5.743859831407914E-4	4.211256377766484E-4	1.3393979300219556E-4	0.42524411309077076	0.010280839552486761
72	72	0.001984890113556304	0.001193837504616361	0.060214015424413354	0.009206863196801796	4.7603155235712306E-4	1.879719092681722E-4	0.0024042370398800338	0.89675726203894	0.0015199150185408743	0.0013544260799673075	9.463709418649897E-4	0.0013206701382408852	0.005442279560054073	0.009961175811472432	0.0014943213811474984	0.0011707974578482286	8.583998227943502E-4	2.7301566151423704E-4	0.0015062420407101831	0.001727277306011867
73	73	5.734580109034448E-4	0.6447686700483884	7.3040295680122E-4	0.00821534786540766	1.3753109317114407E-4	5.430728706765312E-5	0.011805366672212117	0.04797934637619457	4.3912125780760393E-4	3.9130956440817087E-4	2.7341765379966564E-4	0.011492311498098989	0.0904583736986825	0.1750945939297648	4.3172695608220864E-4	3.3825710388849173E-4	2.4800176673637E-4	7.887742355516618E-5	0.0059905481846932365	4.990306523364767E-4
74	74	5.432769282425607E-4	3.267608458015237E-4	6.91961865045884E-4	0.044623959084757255	1.3029283472411202E-4	5.1449095728595916E-5	0.19012597664769562	0.20334412927162152	4.160103155449556E-4	0.026685704092748796	2.590276886176078E-4	3.614757366289E-4	0.08569755145527545	0.21850934753795503	0.22671791179883288	3.2045463985628424E-4	2.349494391385331E-4	7.472610646632554E-5	4.1226793537738174E-4	4.727666799407401E-4
75	75	9.299133528005152E-4	5.593082604596838E-4	0.0011844135918240642	0.2385354206788932	2.2301894390421598E-4	8.806411356782743E-5	0.0011263757683171152	0.19491381330423418	7.12074316462209E-4	6.345433878383465E-4	4.4337113149598567E-4	0.13574682933659354	0.011558226988279626	0.00466677239884341	7.000837961828808E-4	5.485140875266305E-4	4.021570019449941E-4	1.27906783066635E-4	0.4060899700104301	8.092227473348106E-4
76	76	0.0013233090884164486	7.959211490658828E-4	0.014505037622414714	0.5958380384301583	3.173661228421965E-4	1.2531924775215436E-4	0.001602884060861367	0.16199517306925135	0.001013314210151483	9.029841646990297E-4	6.309373298954925E-4	8.804793700156621E-4	0.0036283207590868663	0.0835584084040401	9.962511532411898E-4	7.805605489613347E-4	5.722877449188374E-4	0.01300158027577902	0.013823761647190546	0.1037080656012581
77	77	0.15785919946342483	0.1091741635961792	0.0015839469874844012	0.02986310268349432	2.9824901266542394E-4	1.1777042103715107E-4	0.0015063315022024336	0.2968053552948365	0.012999629453530002	8.485913151729457E-4	5.929317030118435E-4	8.274421366328976E-4	0.11183594860208144	0.27128278406350514	9.36240201569078E-4	7.335421026303267E-4	5.378149796014439E-4	1.710530553817823E-4	9.437088765493116E-4	0.0010821945490095497
78	78	0.0358738305875076	0.09121999660542612	6.640046258159187E-4	0.12362674597502189	1.2502863139971236E-4	4.937040505197262E-5	6.314675259827834E-4	0.1345241527403338	3.9920230848368134E-4	0.05590967123693828	2.4856222885215204E-4	3.4687108259338895E-4	0.04183226391459562	0.053119857306973266	0.005442837853762979	3.075073555023691E-4	0.3941533540847631	7.170695795434158E-5	0.06099990301967771	4.5366555336321795E-4
79	79	9.646745915013397E-4	0.009925505548545824	0.0012286883443716054	0.03251048808066385	2.3135565045920108E-4	9.135605218069779E-5	0.0011684809997683891	0.2302357866010526	7.386924795552807E-4	6.582633549774896E-4	4.5994485816478934E-4	6.418576612449858E-4	0.1428243426673055	0.16371114661114614	0.028762122831303527	0.1314030739403908	4.171900966927117E-4	1.3268808683460838E-4	7.32047288361398E-4	0.2531622942554793
80	80	0.09830918157169065	2.641911585767657E-4	5.594617873172344E-4	0.006292654154006457	1.0534375645765846E-4	4.1597383477580956E-5	5.320474240446936E-4	0.12610991857369447	3.3635072456161206E-4	2.997287268070354E-4	2.0942786150368202E-4	2.922586805745549E-4	0.1586472903464165	0.4404914608224216	3.3068696153774684E-4	0.15344681502274274	1.8996022727482153E-4	6.0417203887581644E-5	0.004588539467441671	0.008892668145564915
81	81	0.0077039605782492455	0.17971079845302715	4.815896337331764E-4	0.19222600475278054	9.068083332696606E-5	3.5807394047928704E-5	0.051738956930382184	0.3356579486340029	2.895336659618277E-4	2.580091277627547E-4	1.8027734762497807E-4	2.515788461767306E-4	0.059643536012551	0.1117853214078854	2.8465824886981443E-4	0.011211807491353566	1.635194366282576E-4	5.200766120404299E-5	0.04424204261665792	0.003991960927773659
82	82	0.01236316459892614	2.47350675615265E-4	5.237997055591539E-4	0.03776331422634694	9.862877119742994E-5	3.894581848399445E-5	0.08814551738715261	0.13400711247146982	3.1491053452428205E-4	0.3070464688988771	1.9607818563899374E-4	2.736290740537282E-4	0.32382931759234174	0.05385548803142574	3.0960779987553434E-4	2.4257701830238286E-4	1.7785148757278908E-4	5.656599668545004E-5	3.1207763616833634E-4	0.04019759408978248
83	83	0.011889490618728757	0.07686452981581882	0.06563638876824282	0.024822477587469676	9.484997473789549E-5	3.745367456681641E-5	4.790477046476425E-4	0.3166081611402026	3.0284526392947343E-4	2.698713537645266E-4	1.8856577780212235E-4	0.12286579498201824	0.2922656747446881	0.08244276744185182	2.977456946925347E-4	2.3328308543881136E-4	1.7103740519699138E-4	5.439876510170517E-5	0.004131453701725655	3.4416249937495194E-4
84	84	0.11493475085394073	5.44590368064742E-4	0.001153246392932265	0.004199875609268326	2.171503218035552E-4	8.574675436007681E-5	0.001096735803155978	0.251185158850185	0.009464821673450826	6.178457240233136E-4	4.317040615352839E-4	6.024473463897748E-4	0.0024825933322253006	0.28523149538316767	0.03576760229213632	0.04439150626283478	3.915744593670708E-4	1.2454098570077686E-4	6.87099294646925E-4	0.24638951423081132
85	85	0.07311013697393491	0.3324688773879367	0.0763640363229764	0.10594366419607992	7.834157848574795E-5	3.0934958008835556E-5	0.028876162519707982	0.2266938279549519	0.0034146349120082976	2.2290093276695176E-4	0.006484744573111401	2.1734564185182996E-4	0.03254063907400167	0.04277782123085136	2.459238157311744E-4	1.926807592495895E-4	0.006470266969063884	4.493079874316855E-5	2.478856253677578E-4	0.06357424377517056
86	86	2.789841718918818E-4	0.00557311957907224	3.5533702586095693E-4	0.01751002406985478	0.11898396982279127	2.642019680986707E-5	0.16249755463730575	0.1692853550610337	2.1363007951806783E-4	1.9036995334287472E-4	1.330161864959357E-4	0.0028882859151694775	7.649339607750187E-4	0.2743687925528599	0.2353414957021737	1.6456022275494246E-4	1.2065149706718344E-4	3.8373433229810445E-5	2.1170828829580367E-4	0.011053417643696876
87	87	5.864907196148549E-4	0.27307107095969657	7.470024789928208E-4	0.23566731970952434	1.4065669721186104E-4	5.5541503069177985E-5	0.05752671475589092	0.05475138190364173	4.4910095873283544E-4	4.00202671613851E-4	2.7963148736860356E-4	3.9022854437164537E-4	0.2629631274724589	0.11089430621105364	4.415386102129424E-4	3.4594451294150806E-4	2.536379854731144E-4	8.067003341596745E-5	4.450608990073968E-4	5.103718857071992E-4
88	88	9.054431891524957E-4	5.44590368064742E-4	0.9397021633261893	0.004199875609268326	2.171503218035552E-4	8.574675436007681E-5	0.001096735803155978	0.005583573110641133	6.933364684671175E-4	6.178457240233136E-4	4.317040615352839E-4	6.024473463897748E-4	0.0024825933322253006	0.039629909643623805	6.816614722014798E-4	5.340802379162356E-4	3.915744593670708E-4	1.2454098570077686E-4	6.87099294646925E-4	7.8792849126746E-4
89	89	0.1597673869735029	1.478228445425324E-4	0.002693955204052894	0.005901847582129121	0.002439862601403549	2.327497855836018E-5	0.07410620474121699	0.18960824746511404	1.8819827709787702E-4	1.6770717546497074E-4	0.097734885690174	0.12873318710756415	0.09114881732377803	0.20599249609928633	1.8502923251094663E-4	1.4496998957819388E-4	1.0628842122114683E-4	3.380523022072817E-5	1.8650526739724002E-4	0.040689507795186076
90	90	6.574646912371169E-4	3.954405339616403E-4	0.1282212472458141	0.003049633542736652	1.5767821878504378E-4	6.226283885651713E-5	0.013534751640942269	0.3097756021656425	5.034487559521447E-4	0.1278324795796706	3.134709951143072E-4	0.1150829137848549	0.014541057065030824	0.25169798884942685	4.949712524412213E-4	3.878088685454837E-4	0.032130293528611596	9.04322896136302E-5	4.989197897961085E-4	5.721343629664653E-4
91	91	0.004486949025436688	0.0026987327869101192	0.00571494472634914	0.4989533414109622	0.0010760944877190141	4.249204373279649E-4	0.005434904919587881	0.11460423266162206	0.0034358482439965604	0.0030617517504013475	0.002139321540422526	0.0029854446597480026	0.012302560631120773	0.10945244456705812	0.0033779924737575543	0.0026466495432654305	0.0019404581755013506	6.171663347979638E-4	0.13380695988259425	0.09083928174142099
92	92	0.047659425929065274	3.2505010779008915E-4	0.03733644503500991	0.01821311436120711	1.2961069392344984E-4	5.117973688451241E-5	0.10012803990755492	0.1185124333372268	4.138323169594582E-4	3.6877409327876437E-4	0.13637920775389714	3.595832507610002E-4	0.09571977414867901	0.3273096718431313	4.0686385218825744E-4	3.1877691763103415E-4	2.3371937457766567E-4	7.433488214302917E-5	4.101095298125542E-4	0.11565005292827867
93	93	0.047708721716190276	7.218869469637062E-4	0.0015286967352162364	0.21485544804315387	2.878456763677449E-4	1.136624265629391E-4	0.0014537885849496628	0.3329608786312524	0.07068181307173302	8.189912814556929E-4	0.0703350037439479	7.985798153888747E-4	0.003290825226162505	0.06415892972953272	9.035828539879939E-4	7.079551438874636E-4	5.190552524569328E-4	1.6508648924304215E-4	9.10791011299374E-4	0.18707845762024772
