0	0	0.0010508960242914948	9.112411132741441E-4	8.970543215278127E-4	6.211986355568499E-4	0.0012140326340793427	0.24377553730600782	4.1836395348965593E-4	0.037691796409435284	0.00998127117023804	4.7430607776737573E-4	5.368525837853819E-4	9.893998274923245E-5	0.009953024315167312	3.4296729733502776E-4	5.912248795014714E-4	0.0011209897470219874	5.662370264738905E-4	0.6884032516879679	2.851723432473785E-4	0.0010656424910826185
1	1	6.70774462181195E-4	5.816343896494883E-4	5.725791288208657E-4	3.9650371781952743E-4	0.018564010797312316	0.49952179078703607	2.6703674712940257E-4	3.394154931892395E-4	4.412242240730354E-4	0.12482650115162272	3.4266663383944717E-4	6.31522169489382E-5	4.2319459166372995E-4	0.06544564192352159	3.773718250034405E-4	0.28534124522025245	3.6142237492636114E-4	6.016252352726807E-4	1.8202212278771828E-4	6.801869569497023E-4
2	2	6.297011174341801E-4	5.460193339941052E-4	5.375185514152637E-4	0.005938835615134788	7.274532290639578E-4	0.5802669308646308	0.022517128954397468	3.18632159371033E-4	0.13401286842637514	2.842061062865864E-4	0.24525256375347335	5.9285234938550736E-5	3.972812357766342E-4	2.0550738168493E-4	3.542643217514913E-4	6.717015575426775E-4	3.392914998832602E-4	5.647860857670401E-4	1.7087641313065643E-4	0.00620514815794797
3	3	0.20920327520327472	4.5486525092283355E-4	0.0746446541042432	3.100844212573193E-4	6.060100347589066E-4	0.6039653671931806	2.0883520498475366E-4	2.654387639796541E-4	0.009619666756542399	2.3675989805013994E-4	2.6798130777341665E-4	4.938798241645076E-5	0.004968262336510296	0.07436806986147679	2.951223877509056E-4	5.595657122284368E-4	2.8264917306398876E-4	4.704990256314317E-4	1.4234979916720117E-4	0.019081155582786512
4	4	0.07710649968662604	1.2794527546268396E-4	1.259533405604118E-4	8.722107616258688E-5	0.00799679300836404	0.20510291169728537	5.8741523503656805E-5	7.466306935284596E-5	9.705848879371395E-5	6.659622891193576E-5	7.537824041814256E-5	1.3891936132731704E-5	9.309241263633666E-5	0.3170146607743934	0.026170790762103026	0.015810062539608524	0.174867618199093	0.0797000663788742	0.0809121529150329	0.014497902446684462
5	5	3.1022464146245857E-4	0.013981058249634113	0.0030072225022017202	1.8337791707083147E-4	3.583825896428757E-4	0.12132598507091286	0.002865913044021699	1.569753406220051E-4	2.0406058136517748E-4	1.400152151284906E-4	1.584789517452954E-4	2.920709562620703E-5	1.957221061171949E-4	1.0124399026139557E-4	1.7452966043018809E-4	3.309163174229764E-4	1.6715324300428322E-4	0.8559107727705902	8.418291238523925E-5	3.145778003548415E-4
6	6	0.092662117610456	0.038124339092040736	0.04649867620734153	2.8019896018895407E-4	5.476037168039748E-4	0.4829005894022166	1.8870798813532406E-4	2.3985618290452796E-4	0.13021321342884246	0.012785045694285666	2.4215368022592983E-4	0.12575567156625442	0.02963163753472496	1.5469943845891783E-4	2.6667894453060386E-4	0.02145747621384203	2.5540787915003313E-4	4.251530509571879E-4	1.2863034378840057E-4	0.017242143064851684
7	7	4.477516107238504E-4	0.051844354537149924	3.8220481197620196E-4	0.0042228338792470324	0.012391744475427298	0.6144674846991921	1.7825087326796496E-4	2.2656472830812638E-4	2.9452352192519294E-4	0.04374186726943123	0.2535510990134117	4.215501402322447E-5	2.8248848271726797E-4	0.015978774638818152	2.5190112625582677E-4	4.776161991595791E-4	2.4125463870328958E-4	4.0159350621295946E-4	1.2150238755446196E-4	4.540345864946103E-4
8	8	0.0013364570999027366	0.1665603596970845	0.0011408118303735603	7.899975903891747E-4	0.0015439229912615152	0.34546009885120316	5.320464280579866E-4	0.024305041079073535	8.790991311654852E-4	6.031897642648252E-4	6.82732097768494E-4	1.258250477240255E-4	0.012657570020286148	0.012250555451341289	0.09526702536751887	0.0014255974632083617	0.22519357374729304	0.10752822318026278	3.6266252228502575E-4	0.0013552106395355124
9	9	0.046023140093830725	0.001450098114239311	0.030994724027315727	0.2966605605417243	0.001931943596111436	0.5949011621470118	6.65760983765598E-4	8.462115985162585E-4	0.0011000353945209243	7.547841497970208E-4	8.543171593460336E-4	1.574475518252529E-4	0.0010550849300669269	5.457789643888189E-4	9.40842188052726E-4	0.016567481342147784	9.010779170751026E-4	0.0014999381650618046	4.538073086829879E-4	0.0016958038265195044
10	10	2.450404588294607E-4	2.1247672018885575E-4	0.46160514414109216	1.44846678608105E-4	2.8307949293966E-4	0.45975100717392076	9.755113041742445E-5	1.2399179288142347E-4	1.611835160837172E-4	0.008775308469960053	1.2517946629709805E-4	2.30701213146145E-5	1.5459711536754128E-4	7.997067451000676E-5	0.008802570764383547	2.6138441444631134E-4	1.320311216011464E-4	0.05870659335383789	6.649445827138014E-5	2.484789350488817E-4
11	11	0.0018058197151259322	0.001565842033414447	0.03346866065094562	0.017031042413265883	0.03401334411423954	0.38696740485785774	7.189006884092021E-4	9.137545088214054E-4	0.0011878380104563358	8.150295047636453E-4	0.2563400803216694	1.7001469920227352E-4	0.0011392996902058513	5.893419452115661E-4	0.1287247249631792	0.06578065942004538	9.730001467368873E-4	0.03354685687730131	0.016453627626810473	0.017794757812337938
12	12	0.1524726936937127	3.637715921492884E-4	0.059695931078146885	2.4798531739370403E-4	0.030153558801680296	0.41996571406968736	1.6701279084300644E-4	2.122806294723949E-4	2.7595486329927616E-4	1.893451409974021E-4	2.1431399034594996E-4	3.949729059369545E-5	0.003973292522787807	1.3691410318222467E-4	2.3601965780687735E-4	4.475041996206944E-4	0.003934658325716542	0.3267343005140041	1.1384209495037688E-4	4.2540932360943034E-4
13	13	8.725616873509101E-4	7.566058534840003E-4	7.448265235996566E-4	5.157828339744675E-4	0.0010080144364477208	0.3643913536934261	3.4736867277601933E-4	0.62523654251079	5.739564863655556E-4	3.938175632708433E-4	4.457500890083631E-4	8.215012360746536E-5	5.505030495334142E-4	2.847666341402251E-4	4.908955467877468E-4	9.307606866474009E-4	4.7014806778217883E-4	7.826104898737388E-4	2.3677933426145077E-4	8.848057168726719E-4
14	14	5.173792151133864E-4	0.04618538227711022	0.0050153153873456	3.0582974439416266E-4	5.976949544228007E-4	0.3349788198016036	2.0596977139973686E-4	2.6179667140657396E-4	3.4032339573216363E-4	2.3351130898438568E-4	0.004837980153366292	4.8710328552856985E-5	3.264168480165925E-4	1.6885034009371904E-4	2.910730053605489E-4	5.518878957177566E-4	2.7877093599503334E-4	0.6041892521268291	1.4039661366198967E-4	5.246392248933558E-4
15	15	0.0014027475446272716	0.0012163346369784838	0.0011973979516848826	8.291827551071599E-4	0.0016205040814578327	0.697406454265284	5.584367957941685E-4	7.097978180794968E-4	9.227038771510867E-4	6.331089571287884E-4	7.165967196797263E-4	1.3206617463466E-4	8.849996650520672E-4	4.5779651183713713E-4	7.891734566246716E-4	0.28670565672112136	7.558193962136257E-4	0.0012581402082904416	3.8065117294126127E-4	0.0014224312903119338
16	16	0.013556379358611537	4.2713470014772904E-4	0.0396118334481244	2.9118033533121336E-4	5.690650449954312E-4	0.43650720033911866	1.961037086928078E-4	0.20926978264400625	3.240217222384732E-4	0.21359744646092807	2.516440095363826E-4	4.6377077645640514E-5	3.1078130562974514E-4	1.6076231808869455E-4	0.039468479109614686	0.022298423645450642	2.654176583916975E-4	0.022214786848848617	1.3367154043975735E-4	4.995087241595034E-4
17	17	0.0013688001874061588	0.04958813422108201	0.0011684201814814235	8.091160201504513E-4	0.0015812868815117528	0.6684284782941262	0.06104646682256237	6.926202723568887E-4	9.003738732619858E-4	6.177873292208615E-4	6.992546363379163E-4	1.2887009161578725E-4	8.635821263900617E-4	0.16985104227168296	7.700749714096597E-4	0.0014600978025762026	0.024938145916762508	0.01332800134639716	3.714391793833569E-4	0.0013880075742843014
18	18	4.5132444117432707E-4	0.1280632213167321	3.8525461226243587E-4	2.6678388781608295E-4	0.004511132180641794	0.36801662130316304	1.796732247069833E-4	2.283725997728312E-4	2.968736700481999E-4	2.0369848257658908E-4	2.3056009992357155E-4	4.2491389625534334E-5	2.8474259733972477E-4	1.4729290075596058E-4	0.13590527724683732	4.8142733385821173E-4	2.431797281922685E-4	0.21585108531803693	0.13178409193132393	0.012426895735212131
19	19	5.841748780370387E-4	5.065431345295526E-4	4.986569429876848E-4	3.453135503180289E-4	6.748596907333687E-4	0.26977862710649453	2.3256126758085697E-4	2.9559563685974805E-4	0.02620503601010362	0.036412744286490405	0.08292490878441483	5.499902085411987E-5	3.685585288491691E-4	1.906495737544148E-4	3.286516590526512E-4	0.06259300006944987	3.1476134482804854E-4	0.5117753088616648	0.005322677469765337	5.923721832318983E-4
20	20	0.49115840329773935	0.04462804378557641	7.066701303237478E-4	0.05171792407746896	9.563753043193299E-4	0.40427103824012867	3.2957347447116353E-4	4.1890243414893807E-4	5.44553519737592E-4	3.736428550038762E-4	4.229149520199866E-4	7.794169073791334E-5	5.223015687965732E-4	2.701784483817497E-4	4.6574767282361645E-4	8.830791531893336E-4	4.460630573753157E-4	7.42518478261214E-4	2.2464946896875898E-4	8.394783905274671E-4
21	21	2.2962105440931733E-4	1.9910642005920338E-4	0.07530117643256869	0.07118116298375589	2.652664460430919E-4	0.5221648623275232	9.141263255983075E-5	1.1618949113766154E-4	0.03668869107737137	0.16249319239085863	1.173024290716821E-4	2.1618411942737326E-5	1.4486894453637778E-4	7.493844359633696E-5	1.2918278981564912E-4	0.09970853983967531	0.008243200756915713	2.0594973224435237E-4	6.231023110872072E-5	0.022561407164806264
22	22	0.007198027469851636	0.007100817423877755	0.045890103612701294	4.3239974506797946E-4	8.450556254193094E-4	0.4671458634864704	2.912119513469277E-4	0.045635831352252715	4.8116886029763616E-4	3.3015176687721076E-4	0.2849008711048815	6.88694740603357E-5	4.6150698045367087E-4	2.387303568388925E-4	4.115358156656598E-4	7.802909618460788E-4	3.941424399232346E-4	0.13645315551785678	1.9850083606521386E-4	7.417652182456565E-4
23	23	0.004590484351747367	0.6938450081716776	0.003918478831830236	0.002713496435361492	0.005303091533731064	0.21266546992969626	0.04240774981649006	0.002322809823676527	0.0030195438413575396	0.0020718459082550264	0.002345059195293297	4.321858985799399E-4	0.0028961569950939786	0.001498136804389349	0.0025825662053912415	0.0048966651059918	0.0024734152088554924	0.004117257563973184	0.0012456790671663165	0.004654899311442218
24	24	0.003574971294558988	0.2243212195798643	0.0030516277300450478	0.002113213142881734	0.004129934567425513	0.7344741822226538	0.001423203713623409	0.001808954743349098	0.0023515563344435647	0.0016135093992732641	0.0018262820793679324	3.3657715895455423E-4	0.0022554652905103713	0.0011667169868416114	0.0020112474726239797	0.00381341833489224	0.0019262430047971202	0.003206432366533868	9.701082862111193E-4	0.0036251362911484237
25	25	0.03034239925668242	0.001408454068322289	0.21677218977582055	9.601517455052317E-4	0.0018764618690230825	0.7357662244660786	6.466416009421535E-4	8.21910018976164E-4	0.0010684444807545067	7.331081918167041E-4	8.297828035930305E-4	1.52925959104492E-4	0.0010247849077149123	5.301052358111664E-4	9.138229988715219E-4	0.0017326507186091983	8.752006817452886E-4	0.0014568628081565276	4.407748302494936E-4	0.0016471035822226653
26	26	0.02438781068093627	0.0021490551333678515	0.0021155972513821186	0.1329213990782706	0.002863153369990001	0.5310971797342876	0.022896058087715054	0.26416684138761026	0.0016302598343296535	0.0011185951735113316	0.001266103761385791	2.333383280508288E-4	0.0015636429444560967	8.088480866132724E-4	0.0013943344343871568	0.002643722649469143	0.0013354035180374586	0.002222918423041586	6.725454758601781E-4	0.002513192647297762
27	27	6.367906489672619E-4	0.05684499626950929	5.435702394532371E-4	0.006005698387325578	7.356433091884864E-4	0.45169711345204744	2.535077184508324E-4	3.222195005377747E-4	4.188702400414995E-4	2.8740585946571866E-4	3.253059268721905E-4	5.995270166348782E-5	0.06232386654769561	2.078211000862455E-4	0.0116168187381381	0.2934019775662516	3.4311143559677816E-4	0.02308827658348018	1.7280023649003982E-4	0.09071425353873862
28	28	0.001578965916162382	0.0013691351247006357	0.0013478195424647497	9.333477813584126E-4	0.001824077840253024	0.3104387347836875	6.285897061571528E-4	7.989652638541951E-4	0.028955000667948563	7.126424625388239E-4	8.066182687981151E-4	1.4865681941470492E-4	9.96176619438419E-4	5.153066148627174E-4	8.883123657732066E-4	0.001684281377035879	8.507682440555271E-4	0.6434930082030553	4.2846999114240963E-4	0.0016011224072983179
29	29	0.0038036888866454805	3.3518126061104467E-4	3.299629416916138E-4	2.2849511366720485E-4	4.465568802658274E-4	0.39721026669641046	1.5388655678740895E-4	1.9559660656696663E-4	2.5426641592848974E-4	1.744637140990378E-4	1.9747015710137904E-4	3.6393033259404544E-5	2.4387639252745495E-4	1.2615345093031744E-4	0.48203399072139275	0.0038294714177489245	2.0827861865915364E-4	3.4670148182887946E-4	1.0489476836445765E-4	0.10974040488551373
30	30	0.30723241594387485	0.0058938368946767124	0.00580207782521244	0.0040178646286192325	0.007852268983308845	0.37498007377366566	0.002705945625763625	0.003439376336721035	0.06455808832807103	0.0030677749497829655	0.003472320903024147	6.399361400528347E-4	0.004288329477007794	0.002218285897393015	0.003823996697576836	0.00725047480113513	0.18392355834612145	0.006096408794802429	0.001844472613767109	0.006892493039422816
31	31	2.0769787649202524E-4	1.8009664117519923E-4	0.10116096216932544	0.41874598426736187	2.3994000763329383E-4	0.31624525620140537	8.268496857164598E-5	1.0509624495044592E-4	1.3662018989037792E-4	9.374130540265535E-5	1.0610292461298E-4	1.955438391826401E-5	0.06072123914764979	6.778366052980301E-5	1.1684900234016706E-4	0.05163141917162391	1.1191043192791111E-4	0.04976008792147676	5.63611325551142E-5	2.106123511569584E-4
32	32	0.0013855659635784894	0.2951659110935093	0.001182731599187373	8.190264937287722E-4	0.001600655305160136	0.6398701783885887	5.515967716541802E-4	7.011038454639025E-4	9.114021204593583E-4	6.253543095435676E-4	7.078194705833893E-4	1.3044855948218367E-4	8.741597291480784E-4	4.521891822060098E-4	7.795072499301894E-4	0.001477981839393945	0.025243601290337276	0.0012427298530613274	3.759887595196487E-4	0.025902048175464154
33	33	7.820735966629168E-4	0.007591739284819169	6.675850735207193E-4	4.6229411846864665E-4	0.007817075805503799	0.43722007529497997	0.007224941614873147	0.02113652278835122	5.144349335147922E-4	3.5297712769319763E-4	0.06953548848967334	7.363083157025645E-5	0.06271578171035479	2.552352103010387E-4	4.399877411850036E-4	0.17367414824034522	4.213918576356868E-4	0.18045495824808852	0.02095301371604613	0.00770664431641237
34	34	0.0673916114820753	0.001318799201447008	0.0013169651586781132	0.008487276628853383	1.5694794239233957E-4	0.26931198900848	0.5224871709111055	6.874484818448016E-5	8.936507881301835E-5	0.03008620740721515	0.006074381325835911	1.279078195834623E-5	8.571337649632816E-5	4.4338191670946816E-5	0.012086388472978707	0.07580764226490908	7.320209829353383E-5	1.2185252674872237E-4	3.686656457453429E-5	0.004941746729289506
35	35	0.05625736831235044	0.03758931517368062	0.015249116977541388	2.489084226377795E-4	4.8645140327553574E-4	0.518311895026171	1.676344824200529E-4	2.1307082690965088E-4	2.7698208291097306E-4	0.23098002468477638	2.15111756804248E-4	3.964431605656157E-5	2.6566383503067993E-4	1.37423754834039E-4	0.00395931716897942	4.4916999773228115E-4	2.2688582529222933E-4	0.13438475721433926	1.1426586292160072E-4	4.2699287533591834E-4
36	36	0.003769106026820777	0.001958624707194499	1.7223307730898743E-4	0.017955947074076585	2.3309243543345233E-4	0.1894979586205795	8.032524833273819E-5	1.020969363635667E-4	1.3272122938163197E-4	9.106605185413872E-5	1.0307488671272237E-4	1.8996327523148884E-5	0.0019109656630524289	6.584920402117127E-5	1.1351428551700764E-4	2.1522834139251637E-4	1.0871665540810288E-4	0.032286990381482035	0.7509788910958497	2.0460175169523893E-4
37	37	7.875181795489564E-4	0.01460631791684723	6.72232618562229E-4	0.12577659876389247	9.097691377677107E-4	0.3636848849338107	0.13954805298162323	3.984884434000664E-4	5.180162890891869E-4	0.007317161473652828	0.07001957557843164	7.41434293195768E-5	4.968487222042721E-4	2.570120881599121E-4	0.0422134129090527	8.40044861205919E-4	0.00738605248826902	0.007668061017167498	0.2160272393131995	7.985688547953058E-4
38	38	8.881698975095307E-5	7.701398687170935E-5	0.031481801691699486	8.376505731977768E-4	1.0260455984791019E-4	0.20746842927876208	0.09111271968795809	0.015747935229741633	5.8422330599672086E-5	0.05107481461058969	0.5158887040440578	8.361960870222671E-6	0.006337232375563987	2.8986048313251545E-5	0.01261236234226192	0.05191461906383309	8.330054660151627E-4	7.966096708776347E-5	2.410147959645552E-5	0.014222757313381353
39	39	9.534616775152959E-4	0.03454148098042097	8.138834846224627E-4	0.24499536768190172	0.0011014729955116187	0.5161776201492253	3.7957513177872145E-4	4.824567477696773E-4	6.271711470306705E-4	4.303305542226919E-4	4.8707802987410525E-4	8.976671311419016E-5	6.015432131554585E-4	3.1116891404209815E-4	5.364091711911275E-4	0.0010170566259336848	0.008942419589239737	8.551706100934894E-4	2.5873244782415706E-4	0.1863978341355329
40	40	6.262152209604373E-4	5.429966827421571E-4	0.022677724079009476	3.701641569039317E-4	7.234261969120385E-4	0.6102694636079545	2.4929761795705304E-4	3.1686827696711037E-4	0.12773520534180913	2.826327994648399E-4	3.199034458285232E-4	5.895704401480045E-5	0.005930877248250283	2.0436973489138037E-4	0.005888098467054764	6.679831552308214E-4	3.374132515996408E-4	0.011633250105746245	1.6993047628937355E-4	0.21099522309041335
41	41	0.1039805938340553	0.0011191860996334865	0.0011017618856800139	7.629560035197342E-4	0.03572103577011418	0.25376510359682564	5.138344994673968E-4	6.531063306049741E-4	8.49007602012149E-4	5.825426020360274E-4	6.593622045498739E-4	1.2151806122207355E-4	0.069274237227808	4.2123234587940455E-4	7.261422440851417E-4	0.0013767993173517243	6.95452169459701E-4	0.5260170577755554	3.502485982174476E-4	0.001308821831922395
42	42	0.058512695756089014	0.36549270923370697	0.09539934895301674	0.05259353128581692	2.5392680424162904E-4	0.31330604643876825	8.750491439637773E-5	1.1122260885666135E-4	0.013746258642005217	9.920575706038232E-5	1.1228797078660259E-4	2.0694265480175358E-5	1.3867606954708626E-4	7.17349660355016E-5	0.025383913048784908	2.344659740261334E-4	1.184340144899275E-4	0.04100216916743533	5.9646585887551356E-5	0.03325552754356856
43	43	7.559422001279869E-4	6.554840784367289E-4	6.452790778300231E-4	0.013812032899570175	8.732914381818555E-4	0.14194236353058517	3.0094220564630305E-4	3.8251082762553117E-4	4.972461378612172E-4	3.411831158113631E-4	3.8617476320240425E-4	7.11706072829656E-5	4.769272963438018E-4	2.4670704553686327E-4	4.252864468509756E-4	8.063627952689505E-4	4.0731190687983104E-4	6.780131469610056E-4	2.0513333725419202E-4	0.8360906371427426
44	44	3.905541740494336E-4	3.3865293247693757E-4	3.333805643217385E-4	0.003683393556510192	4.511821357318207E-4	0.40477694169013717	1.5548045147222527E-4	1.9762251706937581E-4	2.5690000457545385E-4	1.7627073865271554E-4	1.995154730820891E-4	3.676997757141903E-5	0.01750906128009865	0.507649632186046	0.01748238126498973	0.014226730881842939	2.1043588431102165E-4	0.02451801495589967	0.00701104479176229	3.960345393992193E-4
45	45	0.005748329986897654	5.065431345295526E-4	0.08828929379361815	3.453135503180289E-4	6.748596907333687E-4	0.48667314167864034	2.3256126758085697E-4	0.010623905854580978	3.842604658005398E-4	0.08289014026623595	0.026119202586948075	5.499902085411987E-5	3.685585288491691E-4	1.906495737544148E-4	0.21205901112233788	0.02127975919856495	3.1476134482804854E-4	5.239530844638586E-4	0.062128383667232105	5.923721832318983E-4
46	46	3.865504409996783E-4	3.3518126061104467E-4	3.299629416916138E-4	2.2849511366720485E-4	4.465568802658274E-4	0.38354171291382727	1.5388655678740895E-4	1.9559660656696663E-4	2.5426641592848974E-4	1.744637140990378E-4	1.9747015710137904E-4	3.6393033259404544E-5	2.4387639252745495E-4	1.2615345093031744E-4	0.4751997138301012	4.1233297210312235E-4	0.003625417064304956	3.4670148182887946E-4	1.0489476836445765E-4	0.13366037400503436
47	47	0.011342081767327396	2.704820401365359E-4	0.11884034280417097	0.07188033965255934	0.014148041863684626	0.37844600623056274	0.2565750816925938	1.5784107110155426E-4	2.051859903896927E-4	1.407874092760367E-4	1.5935297475011423E-4	2.9368174893832903E-5	0.013984484295700659	1.0180235826934611E-4	0.022235784632842096	0.06927115518440363	1.6807510535954802E-4	0.022340070969751703	8.464718730141612E-5	0.019619068594925043
48	48	5.964964794031472E-4	5.172273025981707E-4	5.09174773009035E-4	0.005625676115386926	6.890940448624153E-4	0.5654882339022559	2.3746652342129476E-4	3.0183043356169707E-4	3.923654091289128E-4	2.692196934882293E-4	3.047215602536514E-4	5.615907760419427E-5	0.06365328151081584	1.9467081488740216E-4	3.355836838339364E-4	6.362822030813653E-4	0.35889077935425073	5.350044687051669E-4	1.6186596469892445E-4	6.04866684752883E-4
49	49	0.003949411620782601	0.038337700545514795	0.003371253368575399	0.0023345498064250075	0.004562501410427187	0.7415763002966757	0.0015722692078339148	0.001998423566568544	0.07242411944882265	0.10652190118978934	0.0020175657572580586	3.7183004654841315E-4	0.002491701357762185	0.001288918216772745	0.0022219043136766418	0.00421283345957237	0.0021279965294198023	0.003542272148846583	0.0010717168400235586	0.004004830868704502
50	50	0.007270516052134149	3.374877453099103E-4	0.11387377656772399	2.3006745838145945E-4	4.4962977464431565E-4	0.3552151052885261	1.5494549721845876E-4	1.9694256659878436E-4	2.5601610085032974E-4	0.007056969891643644	1.9882900960705493E-4	3.664346484440753E-5	2.4555458052267186E-4	1.2702155138363464E-4	0.426859916005187	0.08299083803416822	0.0036503646671947527	3.490872406909786E-4	1.0561658132554806E-4	3.9467192204453586E-4
51	51	4.96924280018337E-4	0.03118085471125734	0.03995985132940352	2.9373855984522946E-4	5.740646825792024E-4	0.33491376438784703	0.04851920385348211	0.28139400482488675	3.268684814880678E-4	0.22865260803186763	0.02661096973526513	4.6784532966366594E-5	3.135117384855752E-4	1.6217472838280577E-4	2.7956523841002275E-4	5.300686367353947E-4	2.677495396273519E-4	0.00483854950786664	1.348459391545274E-4	5.038972604308701E-4
52	52	0.015010225736080688	2.8795080743335225E-4	2.8346780279414434E-4	1.9629782510842192E-4	3.836324680056612E-4	0.3676599543847089	1.3220237372247857E-4	1.6803505270403496E-4	0.0031540665262066764	1.498800000067309E-4	1.6964460088750958E-4	3.126488423872546E-5	2.0951172513103143E-4	0.4932940218929744	1.8682616373117683E-4	0.06787369432612547	0.0500846202824987	2.9784771215719905E-4	9.011402723116541E-5	3.367414082536168E-4
53	53	0.0036780063186960367	0.0036283344933480243	3.190602125053348E-4	0.0035251735003566037	4.318016210635432E-4	0.29817559424320234	1.488017934941112E-4	1.891336479685799E-4	2.4586487283452307E-4	1.6869903453259132E-4	1.9094529211438762E-4	3.5190524323521165E-5	0.0035400465466344545	1.2198505279337375E-4	2.102841836499997E-4	3.987085489895248E-4	2.0139661741716162E-4	0.6843105218024007	1.014288056515782E-4	3.790228880236133E-4
54	54	0.22036682760187623	5.01364882490915E-4	0.18450264035638048	0.005453146866676812	6.67960784537394E-4	0.3896934746234169	2.3018385729559637E-4	2.9257384344307696E-4	3.803322760675026E-4	2.609632154218064E-4	2.953763045407351E-4	5.443678089379464E-5	3.647908557266364E-4	1.8870061526171696E-4	0.03610483547988096	6.167685858354328E-4	3.115436256163295E-4	0.10274586410362609	1.5690183012941723E-4	0.05681131351088206
55	55	0.15460810256546173	4.445575084601396E-4	4.376363492851205E-4	0.17252734280094323	5.922771867221969E-4	0.38179682406271764	2.0410277157560775E-4	2.5942363221663836E-4	3.372385560702025E-4	0.05008579301691296	2.6190855919624973E-4	4.826879689399546E-5	0.05471007445201374	1.673198069814241E-4	0.0954650132728446	5.468853431721002E-4	2.7624403466898907E-4	0.0865719796201474	1.3912399753373975E-4	5.198836661822373E-4
56	56	0.09483197939111397	9.197859331835409E-4	0.18844792408144562	6.270236915068872E-4	0.0012254167672919732	0.48048952294311265	4.222870036978579E-4	0.04742235991519916	6.977438781203567E-4	4.787537041501367E-4	0.14119873019491555	9.98677551270539E-5	6.692321488181348E-4	3.46183343832327E-4	5.96768867857246E-4	0.029262870101342566	5.715467006608541E-4	0.010328521987579446	2.878464393572809E-4	0.001075635151687433
57	57	6.440416341529796E-4	5.584541211830427E-4	5.49759745784815E-4	0.285049815269849	7.44019906341018E-4	0.4682272466769325	2.5639435115175726E-4	3.258885381229495E-4	0.006117022090494702	2.906784823169715E-4	0.02310253920348323	6.063536896130496E-5	0.028873240099828213	2.101875100208901E-4	0.16547041810655536	6.869985725062745E-4	3.470183647274075E-4	5.776482581234901E-4	0.017254914693058596	6.530790064054258E-4
58	58	3.06028362271998E-4	0.0029706763532774843	0.01919844399791067	0.013707479889579191	3.5353489799577693E-4	0.3902165081111012	1.2183054513541941E-4	0.01638675093956216	2.0130033908674584E-4	1.381212877769374E-4	1.5633527313807795E-4	2.8812023439122643E-5	0.35729485130911753	9.987450507965671E-5	1.7216887058857917E-4	0.19781454390630668	1.648922308811642E-4	2.744803146698652E-4	8.304420528006144E-5	3.103226378017095E-4
59	59	6.998226438453722E-4	6.068223214585369E-4	0.09958123245534685	4.1367448485840744E-4	8.084601217030631E-4	0.6634430957730125	0.018838074178479127	0.006540605125721465	4.603316322081517E-4	3.1585440011430065E-4	0.19832522103589426	6.58870513438898E-5	4.4152121867629E-4	2.2839203425031318E-4	3.937140770504198E-4	7.465001202315724E-4	3.7707392905711955E-4	6.276788794008817E-4	1.899046704810867E-4	0.006896133846866315
60	60	0.04506788264184468	7.231382123718258E-4	7.118799283970474E-4	4.929677385059484E-4	9.634260087484411E-4	0.5325808872508223	0.10354447800712911	4.219907167870196E-4	0.030037846659958355	0.015121036728367178	4.260328162223322E-4	7.851630179448943E-5	0.25118501954265715	0.015016809549069168	4.6918131353432344E-4	8.895894949647092E-4	4.4935157680915595E-4	7.479925618136947E-4	2.2630565665857265E-4	8.456672935444136E-4
61	61	0.0017232899876197302	0.001494279786500757	0.0014710158711296985	0.2599971456932007	0.0019908061640665506	0.4759203874612371	6.860454274872696E-4	0.2446164514629481	0.0011335513358213577	7.777809564316943E-4	8.803465434069571E-4	1.6224467283713662E-4	0.0010872313180461022	5.624077890835311E-4	9.695078216357976E-4	0.0018382317209447645	9.285320105763018E-4	0.001545638366841571	4.676339357127033E-4	0.0017474716744721886
62	62	0.0012343734832992968	0.0010703360190900647	0.0010536723348244714	7.296546050881136E-4	0.0014259923500784598	0.24268879934869894	4.914067220913276E-4	6.24599635548701E-4	8.119502352758637E-4	5.571158628737437E-4	6.305824539703254E-4	1.1621405764293443E-4	7.787717208653545E-4	4.028464545335041E-4	0.01160641321308097	0.0013167049706056511	6.650971690684977E-4	0.7322088138105763	3.349609957009885E-4	0.001251694557086391
63	63	7.315005973721424E-4	0.026500398041316237	6.2441550534484E-4	0.01983198036250646	8.450556254193094E-4	0.37014796039927805	2.912119513469277E-4	0.5047592392982967	4.8116886029763616E-4	3.3015176687721076E-4	3.7368871578379547E-4	6.88694740603357E-5	4.6150698045367087E-4	2.387303568388925E-4	4.115358156656598E-4	0.02017987157928456	3.941424399232346E-4	6.56091195787417E-4	1.9850083606521386E-4	0.0524739801980816
64	64	0.09416110052643305	0.14845860097806884	7.506164174359623E-4	5.197922613467213E-4	0.0010158502161730317	0.5382404951360311	3.5006893609063863E-4	4.4495307058192403E-4	5.784181254418002E-4	3.9687889609125776E-4	4.492151182616305E-4	8.27887159229322E-5	5.547823737953335E-4	2.8698026178042475E-4	0.10932342684497809	9.379959359194746E-4	0.10152903841932069	7.886940966035977E-4	2.3861993360179036E-4	8.916837361216249E-4
65	65	0.010536677019383036	9.284925216696355E-4	9.140371488258618E-4	6.32959026084235E-4	0.0012370164223115315	0.16319766899079174	4.2628432419557146E-4	5.418261931777045E-4	7.043486418988798E-4	4.8328553197859834E-4	5.470161541468852E-4	1.0081309187939127E-4	6.755670238267762E-4	3.494602757865438E-4	6.024178137329042E-4	0.001142212068591248	5.76956896385435E-4	0.8055606870315791	2.905711608432871E-4	0.010551702662911578
66	66	0.05366630934769734	0.09261293142109783	0.040402654508466675	0.11830074990380104	0.001705078759748921	0.3554242911569861	5.87581808688989E-4	7.468424159936131E-4	0.06620880001104797	0.0398089150727029	0.10513469998479694	1.3895875476491973E-4	9.311881090158518E-4	4.8168907289540785E-4	0.06606830059088291	0.05376475424486448	7.952658764862491E-4	0.0013238029885196166	4.005174916139491E-4	0.0014966684799283178
67	67	0.1482083989591602	0.010408755799479747	0.013763360188075113	0.010303861838470315	0.003798790362931028	0.32670269454009504	0.2588509000600875	1.923108426965028E-4	2.499950769845591E-4	1.7153295482588403E-4	1.9415292006395437E-4	3.57816785129233E-5	2.3977959221230526E-4	1.240342400785727E-4	0.037170902192727895	4.0540632441676003E-4	2.0477981378624777E-4	0.18848603996975297	1.0313267521702564E-4	3.853899704255284E-4
68	68	0.009491094113296428	0.004932069115681205	4.337050575202588E-4	3.003352010019124E-4	5.869567547460143E-4	0.4412482103249519	2.0226931430819537E-4	2.5709322709693166E-4	3.342091387001913E-4	2.293160400698545E-4	0.0586491217657293	4.783519780187453E-5	0.2967598871770171	0.004657321843287076	0.03172637908464416	5.419726665869673E-4	2.737625317034325E-4	0.1486753736546691	1.378742452526679E-4	5.152135459354E-4
69	69	0.070257952026495	5.255409597551998E-4	0.38092371366619965	3.5826448387096794E-4	7.00170203466493E-4	0.4459895499720809	2.4128344347187846E-4	0.01638018985116977	3.986720976493938E-4	0.03777839886708876	3.096195046730163E-4	0.005414897732229698	3.8238126187861005E-4	1.977998577769085E-4	3.4097769084182956E-4	0.03279352537760017	3.2656642243982317E-4	5.436038672828339E-4	1.6446771856833318E-4	0.00597242499546068
70	70	0.002032997391471856	0.0017628297790328205	0.0017353849034723759	0.001201731833103456	0.0023485912223419054	0.5794240399559034	8.093406069394406E-4	0.0010287076374897242	0.3607746340311633	9.175627241623835E-4	0.0010385612631624843	1.9140307146662785E-4	0.0012826270966543665	6.634829752185476E-4	0.001143746488726232	0.002168596301521702	0.0010954065589431658	0.037767154690122075	5.516764899103153E-4	0.0020615249791939554
71	71	0.05572689407165056	7.684609291086082E-4	0.23578789885114212	5.238645114746948E-4	0.0010238087728512218	0.5346228956783106	3.5281150918339913E-4	4.484390020460148E-4	5.829496728704783E-4	3.9998819620128676E-4	4.5273444022708075E-4	8.343731418820541E-5	5.591287497625942E-4	2.892285742211166E-4	0.00833296733200205	9.453445525768101E-4	4.7751470507774777E-4	0.14181371411755528	2.4048937285167318E-4	0.016567429646698446
72	72	0.003574971294558988	0.6035577866201124	0.0030516277300450478	0.002113213142881734	0.004129934567425513	0.2920315206756978	0.001423203713623409	0.0650150492500571	0.0023515563344435647	0.0016135093992732641	0.0018262820793679324	3.3657715895455423E-4	0.0022554652905103713	0.0011667169868416114	0.0020112474726239797	0.00381341833489224	0.0019262430047971202	0.003206432366533868	9.701082862111193E-4	0.0036251362911484237
73	73	0.001578965916162382	0.015327326771123601	0.18280431094596328	9.333477813584126E-4	0.001824077840253024	0.5896025677121468	6.285897061571528E-4	7.989652638541951E-4	0.0010386173751026381	7.126424625388239E-4	8.066182687981151E-4	1.4865681941470492E-4	9.96176619438419E-4	5.153066148627174E-4	8.883123657732066E-4	0.001684281377035879	8.507682440555271E-4	0.19683087551752043	4.2846999114240963E-4	0.0016011224072983179
74	74	0.06392372272280773	3.1174517900941313E-4	3.068917281849234E-4	2.1251859362036115E-4	4.153333462693236E-4	0.42346664863165306	1.4312671330544017E-4	1.819203705382911E-4	2.3648795044569083E-4	1.62265103017097E-4	0.22265836337051262	3.384840980508786E-5	2.2682440392413793E-4	1.173327234083179E-4	0.07647930441012032	0.12433369264528832	0.006550135661316216	0.057530240014738276	9.756046111084781E-5	0.02261203756092459
75	75	0.00997040475055772	8.785925801732805E-4	8.649140819325625E-4	5.989419310252495E-4	0.0011705354914879026	0.5664563439561487	4.033745404959448E-4	5.127068468073735E-4	6.664948571849337E-4	4.5731233433948207E-4	5.176178838835918E-4	9.53950973673814E-5	6.392600486179685E-4	3.306792442649423E-4	5.700420939935806E-4	0.0010808262048724515	5.459495218469941E-4	9.087899153867483E-4	0.4123043566535716	0.0010274619660415685
76	76	9.954117192803444E-4	8.63130188216939E-4	8.496924185072204E-4	5.884011239371975E-4	0.0011499351825658478	0.5300886820022811	3.9627553307076567E-4	0.018102730517470945	6.547651829864028E-4	4.4926407315495E-4	5.085083025089783E-4	9.371623458217908E-5	6.280096810906085E-4	3.248596047619057E-4	5.600098964906106E-4	0.0010618046938859521	5.363413306493055E-4	8.927960791140714E-4	0.44024628662065185	0.0010093796147928992
77	77	4.5132444117432707E-4	3.9134736141075083E-4	3.8525461226243587E-4	2.6678388781608295E-4	5.213861195380013E-4	0.3560473831198517	1.796732247069833E-4	2.283725997728312E-4	2.968736700481999E-4	2.0369848257658908E-4	0.6026822153265963	4.2491389625534334E-5	2.8474259733972477E-4	1.4729290075596058E-4	2.5391116930836036E-4	0.036389141883792345	2.431797281922685E-4	4.047980184321155E-4	1.224719148987822E-4	4.576575519007538E-4
78	78	0.012997295233938916	0.37479150470793177	0.01280393440528664	0.01245721642784899	0.0015258954621497226	0.30639702403093505	0.12896670921212997	6.683582485499969E-4	8.688343800937441E-4	0.012272589852695595	6.747602152084576E-4	1.2435585870120762E-4	8.333314234494959E-4	4.310693370002699E-4	7.430997614207069E-4	0.0014089515554039267	0.09412323858058255	0.0011846871948951933	3.584279139429948E-4	0.03636871619783478
79	79	0.001041223052410348	9.028535949451179E-4	8.887973855156607E-4	6.154808130554285E-4	0.001202858071362578	0.6189161830945741	4.145131227084479E-4	5.268644764809164E-4	6.848991118308451E-4	4.6994032773383266E-4	5.319111244713855E-4	9.802928973210004E-5	6.569122549221775E-4	3.398104550341814E-4	5.857829504212775E-4	0.0011106715975082828	5.610250980732299E-4	9.338847842249832E-4	0.36846252560963916	0.0010558337853559534
80	80	0.11057336027074227	2.92240353479549E-4	2.8769056640970094E-4	1.9922203486173452E-4	3.8934736476526575E-4	0.36717819114174594	1.3417176625363285E-4	1.7053823754443825E-4	2.216917113249599E-4	1.52112732629235E-4	1.7217176284785266E-4	3.1730631015983805E-5	2.126327797312193E-4	1.0999161774536893E-4	0.47390789985810094	0.0033388682849470096	1.8159552544262252E-4	3.022846904294283E-4	9.145643801536084E-5	0.04205280223196749
81	81	0.13228249855855856	4.308873795979464E-4	4.2417904584145634E-4	2.9373855984522946E-4	5.740646825792024E-4	0.4535207812385333	1.9782661801735668E-4	2.514463640009163E-4	3.268684814880678E-4	2.242792823978734E-4	0.03539667468716781	4.6784532966366594E-5	0.07059915135370705	0.026519289584090854	0.1452436969448043	5.300686367353947E-4	0.1320533238181676	4.456970319152989E-4	1.348459391545274E-4	5.038972604308701E-4
82	82	3.340427984951494E-4	0.07411381304579526	0.012097007803858141	1.9745714689774183E-4	0.0062918311052478195	0.5765389819527882	0.02080374840573255	1.6902745645512956E-4	0.014984560090798989	0.08578679266067342	0.1684897350045923	3.144953254809159E-5	2.1074908732762355E-4	1.0901721306953268E-4	0.02381166126498965	0.0033092895867194282	1.7998678895224862E-4	2.9960678076843916E-4	9.064623463201031E-5	0.012150596039658375
83	83	1.6191555986588724E-4	1.4039839491073383E-4	1.382125817805941E-4	9.571044379192884E-5	1.870506397385421E-4	0.454081457158491	6.445893046617351E-5	8.193014598108927E-5	0.04877230954795219	0.034425410523692586	0.3192731365927011	1.524406062032987E-5	1.021532468881302E-4	5.28422799973292E-5	0.04446285492608674	0.06172064400875066	0.03587092185805972	1.4522390503934898E-4	4.3937590920373183E-5	1.6418760426546356E-4
84	84	0.0023255599940545323	0.02257465952232775	0.001985118978868799	0.021932815641330535	0.0026865699936347307	0.6011327901875417	9.258104043603899E-4	0.2889907920970445	0.0015297144744828217	0.0010496064443067798	0.001188017522854185	2.189473176941419E-4	0.0014672061438850124	7.58962835061704E-4	0.0013083396411032188	0.0024806725395856498	0.0012530432559280684	0.022643967335087112	0.021189212768846336	0.002358192902002026
85	85	0.05319790598012178	0.0015739985156139023	0.03597338254059016	0.11906795416060191	0.0016207176317169071	0.3687284045796752	6.455132582451021E-5	8.204758456006899E-5	1.066580122622726E-4	7.318289711894206E-5	8.283348927793605E-5	1.5265911439655222E-5	0.3283506417738997	5.291802406196651E-5	9.122284440119645E-5	0.024540743591510615	8.73673520028098E-5	0.043147398282881874	4.400057101371602E-5	0.023098804931424827
86	86	0.031140796451811902	0.007169458151902649	3.299629416916138E-4	2.2849511366720485E-4	4.465568802658274E-4	0.4826387278375556	1.5388655678740895E-4	1.9559660656696663E-4	0.03100851242674071	1.744637140990378E-4	1.9747015710137904E-4	3.6393033259404544E-5	0.07883806064238091	1.2615345093031744E-4	0.2599199917544156	0.05508654810243596	0.003625417064304956	3.4670148182887946E-4	1.0489476836445765E-4	0.0482319128638893
87	87	0.011201722251729811	5.199691410095235E-4	5.118739247044602E-4	0.010956529866465725	6.927469543506566E-4	0.6798075741657523	2.3872534102828554E-4	3.0343044630715273E-4	3.944453506645428E-4	2.7064683566148796E-4	3.063368989538204E-4	5.645677866395629E-5	3.783272313727423E-4	1.9570277107986618E-4	0.03214355380008456	6.39655155313595E-4	0.032129295320868514	0.1542677645639488	1.6272402133528686E-4	0.0748225191807048
88	88	0.008708783232162117	4.042502067721061E-4	3.97956577771675E-4	2.7557983634882166E-4	5.38576383577868E-4	0.4873037651111683	1.855971073303722E-4	2.3590211608033162E-4	3.066616881472142E-4	2.1041448549418597E-4	2.381617387977636E-4	4.3892344080806415E-5	2.941306501632341E-4	0.49470685814261534	2.6228270027076804E-4	0.004618589385428972	2.511974401721583E-4	4.181443361780287E-4	1.2650985238059253E-4	4.727466650593167E-4
89	89	6.440416341529796E-4	0.011945218668490992	0.40477990117521706	3.807015871502263E-4	7.44019906341018E-4	0.5764015098763581	2.5639435115175726E-4	3.258885381229495E-4	4.2363981684072637E-4	2.906784823169715E-4	3.290101088673279E-4	6.063536896130496E-5	4.0632873155833834E-4	2.101875100208901E-4	3.623321705900832E-4	6.869985725062745E-4	3.470183647274075E-4	5.776482581234901E-4	1.7476787209667104E-4	6.530790064054258E-4
90	90	0.10926795772114249	0.055737192536157436	0.002565215895148459	0.0017763791731820555	0.003471646850622442	0.6174032396756024	0.0011963532616631422	0.05465202590672631	0.10823954803959718	0.0013563253201681056	0.0015351832639658976	2.829287037843855E-4	0.0018959571500837792	0.02754645308848876	0.0016906662418407232	0.003205581477453588	0.0016192109952255416	0.0026953455666854052	8.154786284391439E-4	0.0030473105040227807
91	91	4.459863246283507E-4	3.8671863397082915E-4	3.806979478487365E-4	2.636284560339144E-4	5.152193365818061E-4	0.34789361551222864	1.7754810910016686E-4	2.2567148402930312E-4	2.9336234625189584E-4	2.012892041484076E-4	0.5797836623329258	4.1988815491876947E-5	2.8137475586797E-4	1.4555076893481566E-4	2.5090799179249956E-4	0.051728969768076095	2.4030347862038286E-4	4.000102010598756E-4	1.2102335750703642E-4	0.016222471174901623
92	92	4.80053834610662E-4	4.162588691655419E-4	4.0977828153248777E-4	2.8376621488793505E-4	5.545753412904865E-4	0.3999304260564871	1.911104576411246E-4	2.429098276966743E-4	3.157713846180364E-4	2.1666506119373695E-4	2.4523657479869683E-4	4.519621067850508E-5	3.028680994414314E-4	1.566689400530713E-4	2.700740738963751E-4	5.120729493481027E-4	0.5943789440448105	4.3056573777726164E-4	1.3026795585520222E-4	4.86790084217097E-4
93	93	0.06992401963272103	0.08030137000385552	0.028147998546870497	2.324669728180013E-4	0.021313544210819452	0.16423376144844262	1.5656151871088728E-4	0.25398623375892254	2.586862495723579E-4	1.7749636231722003E-4	2.009027191282181E-4	0.16343428792158	0.0037246531149522457	0.08356524622439578	2.212500963869497E-4	4.195004272934691E-4	2.1189906079535384E-4	0.021211953057198633	1.0671812134086241E-4	0.10817145055187843
