0	0	4.4668683367666336E-4	3.704646029414246E-4	1.1758980243869365E-4	0.10802538466649853	2.3879990127400214E-4	9.021382460959291E-5	2.1300629176006187E-4	0.3305173091809403	7.627182644705711E-4	9.38148053236356E-4	6.308491102253101E-4	0.28479921650167295	0.2683293853751243	0.0014127480534014724	0.0011662732215826969	3.440535233683292E-4	6.098945109588386E-4	7.747360660847863E-5	3.808826387923065E-4	5.289020364191492E-4
1	1	0.1009406319033984	9.845222195233803E-5	0.08112714476903257	0.08131085417855102	0.011022366595567205	2.397462919024753E-5	0.0022483880856200094	1.648557371822877E-4	0.0023944759026946947	0.08134521090110275	0.01770189782780936	0.0011658035455883852	0.5096656307860757	0.03982749954537021	3.0994105551963603E-4	9.143338817581559E-5	0.041805919442193515	2.0588873141200113E-5	0.0022930017929684	0.02644192881886617
2	2	5.536495654675561E-5	0.049113130650596123	1.4574762029078306E-5	0.05632310410482188	2.9598244588007834E-5	0.7871310587474375	2.640123504517229E-5	7.688773613809762E-5	9.453572477669419E-5	0.025672119676457435	7.819109707734475E-5	5.437238456732886E-4	0.07721434517796437	1.751041864034517E-4	1.4455466641604778E-4	0.003109344808845664	7.559386252647672E-5	9.602528080117324E-6	4.720880302779194E-5	6.555518554870398E-5
3	3	3.2190654053593465E-4	2.669767043328973E-4	8.474153176572902E-5	0.018413525332222652	1.7209204369583102E-4	6.501293075857857E-5	1.5350378234452926E-4	4.4704568907144137E-4	5.496557753860671E-4	0.012563154495182815	4.546237752326468E-4	0.06854026485639486	0.6153637248402346	0.0010181021786026799	8.40479167449881E-4	2.4794346086965123E-4	4.3952276474916034E-4	5.583164491530479E-5	2.744845009078111E-4	0.27972740798534684
4	4	2.6007574497083325E-4	0.005017618007101241	6.84646449470984E-5	0.010074791968470572	1.3903714535663556E-4	0.3073754917369148	1.240192587656898E-4	3.6117855955236725E-4	0.005246000971515129	0.06777311948283747	3.6730107076493037E-4	0.13700792933491165	0.18504170891772131	0.04884176179724674	0.23117126728719456	2.003192609537015E-4	3.55100614866251E-4	4.510767821032825E-5	2.2176238152134525E-4	3.079441361772275E-4
5	5	0.05308688592199887	1.3982514336575896E-4	4.438213760179758E-5	3.052923945180018E-4	9.013069039863405E-5	3.404957142856704E-5	8.039536043843984E-5	0.0936193549584287	0.34892603376060877	0.01591829051577741	0.05626923534280364	0.11994366024853746	0.22267684615909428	0.031661623228668986	0.006665870090046252	1.2985676053395455E-4	2.3019361838003385E-4	2.92410072786515E-5	0.049949208611851405	1.996244782404825E-4
6	6	6.35317106477369E-4	5.269071793671932E-4	1.6724650785358323E-4	0.4938192093046172	3.3964211807124617E-4	1.2830999638711258E-4	3.0295618930293694E-4	8.822926467141627E-4	0.024545222142850202	0.0013343162629703379	8.97248813073994E-4	0.006239272671769917	0.42856236957730237	0.0020093339176373627	0.03684940205887402	4.893430306431043E-4	8.674453481637119E-4	1.1018974339076443E-4	5.417246216846241E-4	7.522507628488376E-4
7	7	9.628585167039965E-4	7.985572244059423E-4	2.5347141267564904E-4	0.17952141669121569	5.147465772321889E-4	1.944609574336894E-4	4.591470056204319E-4	0.0013371637257249005	0.09053301061720895	0.00202223073277723	0.14358211643955	0.29390053741722266	0.08062103566256316	0.0030452576449997706	0.19806961031249973	7.416266614587711E-4	0.0013146618164994203	1.6699870316022223E-4	8.210138848447192E-4	0.001140077996202803
8	8	3.6533407445085123E-4	3.029938037761293E-4	9.617378082358053E-5	6.615527197205388E-4	1.953085122138223E-4	7.378364803175285E-5	0.2767341245676933	5.073554044047962E-4	0.19623935585597244	7.672880078105556E-4	0.0072613195370376995	0.3476013934587001	0.0036083056945072985	0.16304418054891054	9.538659209108163E-4	2.8139283731901414E-4	4.988175828685559E-4	6.336373994216652E-5	3.115144567218411E-4	4.3257584818411706E-4
9	9	4.223062609757782E-4	0.023742061761275596	1.1117164432187187E-4	0.17230471350788754	2.2576598597801346E-4	8.528987220335035E-5	2.01380215076187E-4	5.864751710940335E-4	0.14886926560879601	8.869430812252952E-4	5.964167933635373E-4	0.2068764369678936	0.14452190926374242	0.07151109134028938	0.13365624920182198	0.008122547254045197	5.76605915139007E-4	7.32450268610732E-5	3.600937187582259E-4	0.08627003140925182
10	10	4.1903890048721127E-4	3.4753448765937093E-4	1.1031151537832505E-4	0.5346080357371368	2.2401924686848073E-4	8.462998911786577E-5	1.9982214734496576E-4	5.819376447094364E-4	0.008452454800446972	8.800808510217758E-4	5.918023491901283E-4	0.18206500903013398	0.21303625985420505	0.032273086867216486	0.0010940860835702382	3.227581367338336E-4	5.721447466489968E-4	7.267833408650499E-5	0.02356814393109954	4.961653469440643E-4
11	11	1.7570404466600275E-4	1.4572206797908513E-4	4.625389051630352E-5	0.5128891746076658	9.393182282613666E-5	3.5485563203702205E-5	8.37859193061432E-5	2.4400788995955234E-4	3.000148513558363E-4	0.12364559136236437	2.481441848827138E-4	0.19312863810344277	0.16394139611179076	0.003799824043821501	4.5875299374966745E-4	1.3533328291731727E-4	2.399017036455359E-4	3.0474204766523026E-5	1.4981999721825406E-4	2.080433539220859E-4
12	12	5.512547706167459E-4	4.571891632335975E-4	0.6311885357198421	9.982208566463497E-4	2.947021825482988E-4	1.1133258793926843E-4	2.628703728239104E-4	7.65551605052811E-4	9.412681329001824E-4	0.0011577654654260576	7.785288379526281E-4	0.13772927533981302	0.025800833357099255	0.1951277412035811	0.0014392939947394988	4.245953357147275E-4	7.526688350577005E-4	9.560992628388748E-5	4.7004602743974525E-4	6.52716285289069E-4
13	13	4.289962624823108E-4	0.024118173705683244	0.015954520093717253	0.20671746829972115	2.2934247755743468E-4	8.664099916086687E-5	2.0457039733664566E-4	0.02435814683985197	7.325115945139263E-4	9.009936674891495E-4	0.04813062692432621	0.004213053024242252	0.38443517541941735	0.0013567976242995648	0.1991399255999658	0.06369677689488046	5.857402680894996E-4	7.44053443494154E-5	3.6579817484518794E-4	0.02427033638807033
14	14	5.569232016005326E-4	4.6189033836433667E-4	0.25721608462073936	0.0010084853411171971	2.9773253996484745E-4	1.1247739633752327E-4	2.6557341077561373E-4	0.2681256778312541	9.509469850988E-4	0.0011696705118510286	7.865342779452557E-4	0.38593221125184224	0.07748003266864235	0.001761395478078478	0.0014540939368160662	4.2896135572003996E-4	7.604083623553932E-4	9.659306202691025E-5	4.748794068638621E-4	6.594280226061269E-4
15	15	5.746502047901509E-4	4.765924220231021E-4	0.2760134185899713	0.00104058567884292	3.07209440317431E-4	1.1605757966963268E-4	2.7402667809571713E-4	0.08567870112142319	9.812158627278125E-4	0.0966976430740531	8.115698584594261E-4	0.13296446877777784	0.3239781366180938	0.07608803797876558	0.0015003781063063367	4.4261530172052724E-4	7.846123485174838E-4	9.966764307098433E-5	4.899949357841277E-4	6.804177795896171E-4
16	16	1.307441656912261E-4	0.10149649095074281	3.441825335906763E-5	0.09679680774513756	6.989615879705233E-5	2.640537025752957E-5	0.012132353198884574	1.8157014003566108E-4	0.08229929182895973	2.745936868244957E-4	0.002598649376230342	0.02542401563729464	0.4285695642888255	0.2393996419714054	0.009997370791097	1.007036417341106E-4	1.785146616895631E-4	2.2676338981703426E-5	1.1148343555435847E-4	1.5480835849768373E-4
17	17	3.4009906375320813E-4	2.8206487210967224E-4	8.953069287301396E-5	0.46529410911042507	0.01274068949728089	6.868713150727819E-5	1.6217903671989165E-4	0.006751746284109512	5.807195289791794E-4	0.09490582615175348	4.8031680269420337E-4	0.32987068216225496	0.08499173228218962	0.0010756401444077528	8.879787825307363E-4	2.6195596636560193E-4	4.6436235977232116E-4	5.898696600536156E-5	2.8999697122678443E-4	4.026961930414189E-4
18	18	6.834168395818985E-4	5.667992182246819E-4	1.7990870804999575E-4	0.001237542021252233	0.9341195958912739	1.3802432096288742E-4	3.2589294277496974E-4	9.490908493666077E-4	0.03902183661518281	0.001435337084653805	9.651793441382516E-4	0.0067116467778954685	0.006749923005928909	0.002161460193115951	0.0017843614342123086	5.263910951931078E-4	9.331194647647681E-4	1.1853218717815074E-4	5.827384861839753E-4	8.092035200653581E-4
19	19	4.1582171061084304E-4	0.1385406703107612	1.094645937915479E-4	0.06217333387846906	2.2229932909402365E-4	8.39802385961109E-5	1.9828800388295084E-4	0.1464508184956945	0.0698079180498927	8.733239909760837E-4	5.872587602192435E-4	0.05014893742465475	0.487792272522454	0.0013151301268323674	0.039473409531751984	3.202801467219081E-4	5.677520797996989E-4	7.2120342930117E-5	3.5456444753693457E-4	4.923560153298938E-4
20	20	1.4787923841235156E-4	0.0028530208751971317	3.8929041822352174E-5	0.19139407505110917	7.905661163701564E-5	0.0846715100433741	7.05174315151585E-5	0.013857244435336593	0.049399265017712635	3.105813943265785E-4	2.088476286739102E-4	0.14343181282061673	0.20623873423946398	0.003198077123206893	3.861040505017673E-4	0.005574652890795343	0.2513964669393452	2.5648255284401253E-5	1.26094234937455E-4	0.04659148267673127
21	21	1.974868635045243E-4	1.6378788663224745E-4	5.198819287461685E-5	0.10610055731050166	0.4486015160036195	0.043795586236605365	9.417323568769855E-5	2.7425864299294154E-4	0.04409291040760868	4.147691460067379E-4	2.7890773295815907E-4	0.24988843800492155	0.04935253407344179	6.245968337413188E-4	0.04427132802980676	0.011091036499494708	2.6964339433624846E-4	3.4252228675642654E-5	1.683938545474729E-4	2.338354220424169E-4
22	22	3.27750533084071E-4	2.7182348336400955E-4	8.627995617715006E-5	0.06110787722163518	0.13330685527736444	6.61931959444089E-5	1.562905382726277E-4	4.551614970673288E-4	5.596343991507424E-4	6.883536772936743E-4	0.02466862970738727	0.07583600451177273	0.22108887617956338	0.4427915691485551	8.557374905124181E-4	2.524447044146535E-4	4.4750199921160413E-4	5.6845230151230785E-5	0.03658809640263837	3.8807484643952077E-4
23	23	1.6449740770374307E-4	1.3642772124770728E-4	4.330375604390901E-5	0.519660100966124	8.794072660739668E-5	3.322224692671409E-5	7.844194226794805E-5	2.284447431697231E-4	2.8087950629976594E-4	3.4548348230787826E-4	2.3231721971772522E-4	0.19295946147648163	0.284084854587612	5.20260224843051E-4	4.294931194759988E-4	1.2670154667329323E-4	2.2460045486384904E-4	2.8530519576001814E-5	1.4026427912591696E-4	1.9477407293172724E-4
24	24	2.6007574497083325E-4	2.1569665889247493E-4	6.84646449470984E-5	0.5046726908339735	1.3903714535663556E-4	5.2525451553809104E-5	1.240192587656898E-4	3.6117855955236725E-4	0.10128442793569045	0.005348141956123516	3.6730107076493037E-4	0.10819640124565906	0.20905131565876517	0.029634076404411677	6.790425731737885E-4	2.003192609537015E-4	0.02436470735591008	0.014450871722836626	2.2176238152134525E-4	3.079441361772275E-4
25	25	3.8894633487373886E-4	3.225768897831964E-4	1.0238968160445773E-4	0.06533627875918223	0.4239063924088335	7.855243045341772E-5	0.10790541990128436	5.401467829636477E-4	6.64126298653844E-4	0.029542198713277342	5.493030704775674E-4	0.1546276605178993	0.025385507123087105	0.18794470658961776	0.001015516153145296	2.9957981034062225E-4	5.310571452140939E-4	6.745906319152809E-5	3.3164824930241794E-4	4.6053407681452357E-4
26	26	8.634638425033362E-5	0.03514534827846492	2.2730587740228516E-5	1.5635739815593816E-4	4.616099351894545E-5	1.743869972686655E-5	0.015983782239136372	1.1991299953630117E-4	0.09580308007932407	0.05279195178244167	1.2194570237753013E-4	0.12998310260235407	0.6002948526510952	0.03215830446345324	0.03689344205121814	6.650694735485985E-5	1.1789509299381094E-4	1.4975963697907333E-5	7.362616536678034E-5	1.0223891779288347E-4
27	27	1.685938415236714E-4	1.3982514336575896E-4	4.438213760179758E-5	0.5014726468037244	9.013069039863405E-5	3.404957142856704E-5	8.039536043843984E-5	2.3413363994304287E-4	2.8787417159566745E-4	3.5408696269646555E-4	2.3810255171224123E-4	0.22266740369887167	0.2724822975289533	5.332161225070972E-4	4.4018866881387423E-4	1.2985676053395455E-4	2.3019361838003385E-4	2.92410072786515E-5	1.4375724199238403E-4	1.996244782404825E-4
28	28	2.393846336787233E-4	0.004618426253876157	6.301773336242112E-5	0.1153506213261294	0.008967755613505931	4.834663063419557E-5	1.1415253210967791E-4	3.324439085265283E-4	4.087495278012223E-4	0.0800607842710534	0.14619444912894036	0.29848355953581485	0.09960191705358296	7.571079999385916E-4	0.24371896896407919	1.8438225720577E-4	3.2684951308465944E-4	4.1519000649938084E-5	2.0411940556072235E-4	2.834447104652672E-4
29	29	0.030364381832028216	3.5841870888612844E-5	1.1376629463008483E-5	0.022420168153130117	2.310351693986153E-5	8.728046426978727E-6	2.060802556333151E-5	6.0016299583316084E-5	7.379179911518689E-5	0.004080391406726361	6.103366469931523E-5	0.0052119672606682444	0.14724511065753942	0.0256702942840876	0.002506611339976327	0.012002167790066345	5.9006339995502046E-5	0.7500573808387754	3.6849799562271554E-5	5.117044476461597E-5
30	30	0.4087271912779656	3.396509060998709E-4	1.078091742889727E-4	7.415893588765765E-4	2.1893752385595367E-4	8.271021584274775E-5	1.9528931894396842E-4	5.687367882548482E-4	6.99278547989404E-4	8.601168203590558E-4	0.015701253940441806	0.2762336845777813	0.2460108689258299	0.046663870241999285	0.0010692674909435582	3.154365897067444E-4	5.591660353722393E-4	7.102967591091369E-5	3.4920241328419556E-4	4.8491017625301914E-4
31	31	1.6550273953167514E-4	1.3726150417655184E-4	0.006155104401480055	0.5289475583702627	8.847817952330593E-5	3.342528588457412E-5	7.892134302147728E-5	2.298408914400102E-4	2.8259611151220526E-4	3.475949170449803E-4	2.337370347678174E-4	0.2033060441599384	0.2583191374331065	5.234398139328912E-4	4.3211798213441035E-4	1.2747588773615235E-4	2.2597310862778743E-4	2.8704884873288756E-5	1.4112150931632332E-4	1.9596444168894732E-4
32	32	2.5760177801644585E-4	2.136448473852865E-4	6.781337595174482E-5	0.19071619486525843	0.13331252240060404	5.202580391683714E-5	1.22839527268897E-4	3.5774285346195115E-4	4.3985532198483876E-4	0.10993461684960187	0.02414502281083212	0.18326707466052702	0.3497500120066462	8.14723835600944E-4	6.725831900166142E-4	1.984137267333445E-4	3.5172272514123927E-4	4.467859204047412E-5	2.1965286991090425E-4	0.0050612579591007975
33	33	1.5687406602385654E-4	1.301052195852332E-4	4.129691999127219E-5	0.017662782384549974	8.386526903111039E-5	3.168262059927659E-5	7.480668906675797E-5	0.11607594017425155	0.08426497230870923	3.2947266081740647E-4	0.0060144550036443	0.09133063037001557	0.21878330696796422	0.003392601741539936	0.3450873838593986	1.2082978738453803E-4	0.061039684950657744	2.7208323061973682E-5	1.3376397896808345E-4	0.05521833670473946
34	34	2.3833123583418719E-4	1.976626128088717E-4	6.274042757436198E-5	0.21165271945855846	0.02212961513120326	4.813388416121604E-5	1.136502106806673E-4	3.3098100887716733E-4	4.069508498120626E-4	5.005519931780759E-4	0.031139675343838772	0.019942346930207817	0.48200195093697557	7.537763912093248E-4	0.005022709461400152	1.8357089404796625E-4	3.2541123123974725E-4	4.1336298756671886E-5	2.032211902553313E-4	0.22470466450938034
35	35	0.017689294995532737	1.312456598699282E-4	4.165890909011091E-5	0.032426810780334166	0.3419399943945678	3.1960335336404816E-5	0.05559044092205707	2.1976751342704442E-4	0.006113892546807316	3.323606609783506E-4	0.058660312385710275	0.14764616961735158	0.22654473900915542	0.03556259038806753	0.06761552169251213	1.2188892365565577E-4	2.1606924630933303E-4	2.744681824147371E-5	1.3493649019201908E-4	0.008952898710803773
36	36	1.707195323654495E-4	1.4158810827608265E-4	4.494172330543926E-5	0.4888828604226112	9.126709005245305E-5	3.44788804798233E-5	8.140901360548893E-5	2.3708567976656882E-4	2.915037910682118E-4	0.11068164920856126	2.411046329804805E-4	0.1971060765812943	0.20026772660374348	5.399391001559732E-4	4.4573872339176207E-4	1.3149404054439457E-4	2.3309598101679422E-4	2.9609688250713397E-5	1.455697841942864E-4	2.0214141433586738E-4
37	37	4.5801927161350674E-4	3.7986328408471065E-4	1.2057305387499356E-4	8.293885405455082E-4	2.4485825100917886E-4	0.00854916396591741	2.1841025802801626E-4	0.13594265407858175	7.820684148304231E-4	9.619488545748773E-4	6.468537422183723E-4	0.2243712767958864	0.21594026773098923	0.0014485894492711285	0.0011958615548501048	3.527821558387148E-4	6.253675250984617E-4	7.943911078823584E-5	3.9054562534108697E-4	0.40646206833665793
38	38	5.097485192399653E-4	4.2276550044210266E-4	1.341907196535659E-4	0.45268787349457384	2.725128364924807E-4	1.0294989698084857E-4	2.4307777536170566E-4	7.079100587934114E-4	8.703961625888907E-4	0.010482359449262868	7.199101821612562E-4	0.09912376782342625	0.20268175365410324	0.011023961818251823	0.0013309235977197842	0.019216159664251886	0.17951956902483548	8.8411059542082E-5	0.019258188185436998	6.035705768816547E-4
39	39	3.238312436088236E-4	2.685729778424811E-4	8.524820766712347E-5	5.863987372705975E-4	1.7312099478445958E-4	6.540164789181926E-5	1.5442159284035425E-4	0.13796842389081482	5.529422080200714E-4	6.801222419477768E-4	0.012415490289919909	0.00915933075459197	0.607084881890363	0.060814930914153936	8.455044547074704E-4	2.49425933205392E-4	0.13796085598637023	5.616546645976308E-5	0.012234273949517871	0.018320656618022114
40	40	0.1218003858967496	0.03448499193490278	1.7531830346527825E-5	0.29892171250132515	3.560342197263334E-5	0.0012430844822965716	0.0049502946597170805	9.248746175150888E-5	0.014869326706839174	0.03579926385267021	9.405526113112022E-5	0.014180016224988289	0.3511035229737929	0.012506973231461181	1.7388331160048036E-4	5.129601272154075E-5	0.05296520261438404	0.03321167477171829	0.0185013003082294	0.004997392541401511
41	41	2.1556526475929592E-4	1.787814061133089E-4	5.6747311504683346E-5	3.90348990559257E-4	0.008075441532794955	4.35360201393184E-5	1.027940700663021E-4	0.04806056371991288	3.6807792892405337E-4	0.004432837967536558	3.0443958768509773E-4	0.15336080276719213	0.3842186702139562	0.008641973664812584	0.004542928211092818	0.24693222961673042	0.107757024494003	3.7387756390650776E-5	1.838090149147199E-4	0.03209604046091171
42	42	2.7881994523334697E-4	0.025971271438591677	7.339903441096105E-5	5.048915663251859E-4	1.4905784181483574E-4	5.631107017393062E-5	0.0052809633993872295	3.8720945009748534E-4	4.7608536606676415E-4	5.855878640324417E-4	0.010689784852453	0.07481029456769452	0.03878986977605592	8.818310842872175E-4	0.15516815702003048	2.1475668703576856E-4	0.6850654667848811	4.835868246620855E-5	2.3774525793450032E-4	3.301383110274046E-4
43	43	0.0023206622470275753	9.888569350942365E-5	3.138747689107796E-5	2.1590573360683577E-4	0.5350114869281986	2.4080186176566005E-5	5.685637633211272E-5	1.6558157426014967E-4	2.035873979204476E-4	0.048681896867742325	1.683884270430448E-4	0.15306967900481122	0.15307635680399004	0.10604578609336714	3.11305683247448E-4	9.183595677565248E-5	1.627951529104424E-4	2.067952311051695E-5	1.0166651168190472E-4	1.4117636139753808E-4
44	44	0.030629585796371754	0.061066017850879506	4.3435679149352025E-5	2.98781969764436E-4	0.16764343853197883	3.332345713074172E-5	7.868091240740839E-5	2.2914069065082667E-4	2.8173519412252185E-4	0.009485912159708542	0.0032794836899492975	0.22401189176565217	0.32150781207655343	0.13761248781961702	0.0034772602779478312	0.03668459224263169	2.2528469087930016E-4	2.861743662630462E-5	0.0031871503138734244	1.9536744410569384E-4
45	45	0.024387766225349234	0.0036125113730044157	0.4183725783312831	3.3906718267352444E-4	1.0010193445576488E-4	3.781650792104614E-5	8.928957567685805E-5	2.6003606735739955E-4	3.197219651721855E-4	3.9325994036787756E-4	2.644440636128796E-4	0.03641105878674033	0.48931700444043363	0.02479272701629273	4.888871601769582E-4	1.4422293753787638E-4	2.556601574591147E-4	3.247596774286416E-5	1.5966124248928694E-4	2.2170912425295127E-4
46	46	1.13723402014765E-4	9.431774522157574E-5	2.9937556622168677E-5	2.0593213488730107E-4	0.529194683025399	2.2967820562162738E-5	5.422993991141088E-5	1.5793266123949386E-4	0.08208395093906755	2.3884605536592766E-4	1.6060985362452117E-4	0.11870215396035647	0.13760616207695428	0.1305434098666827	2.9692515748765255E-4	8.759366563496045E-5	1.5527495647336807E-4	1.972424850168595E-5	9.697010564492257E-5	1.346548283481792E-4
47	47	4.957508450088423E-4	4.111563764760937E-4	1.3050584778507825E-4	8.977134703690948E-4	2.6502964475176013E-4	1.0012289687064871E-4	2.3640286923856004E-4	6.884708765027011E-4	8.46495118297277E-4	0.0010411940873815413	0.009853461661841072	0.2794682367666634	0.014049716995916136	0.6880669379430462	0.00129437648822514	3.8184430808986617E-4	6.768852278125589E-4	8.598329533446121E-5	4.2271872774106445E-4	5.869965526485345E-4
48	48	2.527924093675891E-4	0.29892614395119177	6.654731510858312E-5	4.577604927577998E-4	1.351434558814291E-4	5.1054493578003884E-5	1.2054614025955075E-4	3.510638729167058E-4	4.316433196769525E-4	5.309238796431569E-4	3.5701492521870916E-4	0.40855032958258675	0.16585734142190894	0.024136738730292148	0.03333214206330333	1.9470938600944915E-4	0.06102194272470656	4.384445253457057E-5	0.004882997121018157	2.9932026203978576E-4
49	49	0.0041956651656401885	1.787814061133089E-4	5.6747311504683346E-5	3.90348990559257E-4	1.1524173103316913E-4	4.35360201393184E-5	1.027940700663021E-4	2.99364909342156E-4	3.6807792892405337E-4	4.527380666556649E-4	0.02418503899297046	0.02201750603812265	0.006109179630271377	6.817738630507986E-4	0.147826524642805	1.66035762115048E-4	0.7923342074455166	3.7387756390650776E-5	1.838090149147199E-4	2.552412538645666E-4
50	50	0.025626080050052343	1.9013260770980948E-4	6.035031579328831E-5	4.151330560902126E-4	1.2255866711576222E-4	4.630021218844852E-5	1.0932067838432752E-4	0.08074166119166787	3.914479586451045E-4	0.13169842852897873	0.2034983938902479	0.3916694505334545	0.1334812045943284	7.250610970588461E-4	5.985634448230935E-4	1.7657771638741803E-4	0.029942647395339674	3.9761582445929446E-5	1.9547942980243372E-4	2.71447049485863E-4
51	51	2.7739192996498955E-4	2.300580259950565E-4	0.1946953273086808	5.023056936933918E-4	1.4829442127186902E-4	5.6022665167902014E-5	1.3227662404927538E-4	0.14379113465902837	4.7364702841048246E-4	0.19520489289171794	3.9175645890822115E-4	0.12564353904322684	0.1615105520631279	0.14428322301947724	7.242541203609508E-4	2.1365678068648543E-4	3.787436806171623E-4	4.811100672385231E-5	0.030966365117305772	3.284474615854025E-4
52	52	0.20525263218882778	1.9593818415462633E-4	6.219307372958887E-5	4.278088759873476E-4	1.263009169038753E-4	4.7713959280591365E-5	1.1265871473171784E-4	0.02213834670754685	0.02657570442199774	0.0572028434742287	0.009057756451667561	0.21169859612826955	0.4123661574662738	0.018195402938038195	6.168401932349026E-4	1.819694029754596E-4	0.03521897744752223	4.0975676699604494E-5	2.0144826800844694E-4	2.7973550992141014E-4
53	53	2.3120927711507995E-4	0.04715013878154955	6.0865580017600193E-5	0.42304412300227057	1.2360505926324334E-4	4.66955182047496E-5	1.1025404606945923E-4	3.21090433377145E-4	3.9479009739149646E-4	0.0858644720908599	0.004595477286326752	0.04496008097786851	0.32672332740787485	7.312515873461612E-4	0.00914156170198087	1.780853171160831E-4	0.04300512604337192	4.010106237519095E-5	0.013003980095685623	2.7376463393519965E-4
54	54	0.008208435459680545	1.794958173983446E-4	5.697407401100734E-5	0.10428802316412106	1.1570223749716329E-4	4.370999026724858E-5	1.0320483562233298E-4	0.29600488659432256	0.07229762792652442	0.04041459118583749	3.056561296162872E-4	0.1619656420046427	0.2938459085652505	6.844982344057099E-4	5.650773746146174E-4	1.6669924175061654E-4	2.955033028854031E-4	3.7537158029603756E-5	0.02016456550448489	2.5626119903745517E-4
55	55	8.429694715873363E-4	6.991259357543501E-4	2.219107574985224E-4	0.6240947995259979	4.5065359311164847E-4	1.7024791045457265E-4	4.019769280679788E-4	0.0011706685663004787	0.0014393713087056624	0.0017704353678796492	0.0011905131313606333	0.11722802780617393	0.19509628225649706	0.0026660814473970346	0.0022009440332769518	6.492840059877363E-4	0.0011509684523165044	1.4620508217618038E-4	7.187864350439998E-4	0.047690747984412
56	56	9.628585167039965E-4	7.985572244059423E-4	2.5347141267564904E-4	0.6239660598454695	5.147465772321889E-4	1.944609574336894E-4	4.591470056204319E-4	0.0013371637257249005	0.03719965343869849	0.00202223073277723	0.0013598306301888029	0.08056710870318089	0.2406211071980945	0.0030452576449997706	0.002513967324628074	7.416266614587711E-4	0.0013146618164994203	1.6699870316022223E-4	8.210138848447192E-4	0.001140077996202803
57	57	4.740549608015922E-4	3.93162658008627E-4	1.2479443086986644E-4	0.25468780375715805	2.5343097065586375E-4	9.574114987239339E-5	2.2605700835118223E-4	6.583408533932092E-4	8.094493719239096E-4	9.956275965030427E-4	6.695007053555843E-4	0.40728147116987695	0.2147478041943105	0.0014993059400594316	0.0012377298023105276	0.11415071642761335	6.472622353919258E-4	8.222034941492177E-5	4.0421899816593356E-4	5.613074199631622E-4
58	58	2.9236585534276075E-4	0.016436810996828016	7.696497988669288E-5	0.2164538764788268	1.5629951932336967E-4	5.904683103961251E-5	1.3941706356381838E-4	0.17314558585919687	4.992150226189542E-4	0.054595151421784414	4.1290390895369286E-4	0.019065577964046905	0.4077459729174053	9.246730861011284E-4	7.633501645544391E-4	2.2519021170900314E-4	0.10836141656851946	5.07080924596318E-5	2.4929563640625887E-4	3.4617742143289675E-4
59	59	7.709720532214797E-4	6.394140906834437E-4	2.0295751875617495E-4	0.08680537163198028	0.05735168575619651	1.557071584486552E-4	3.676443667605868E-4	0.001070682603135073	0.05825595780036981	0.0016192237520771023	0.0010888322581171271	0.34920863516972434	0.036084443216506085	0.045143014964499836	0.17283152947132518	5.938291244137539E-4	0.0010526650617663186	1.3371781090070774E-4	6.573954008205216E-4	0.18596632079029707
60	60	2.6516902824121427E-4	2.1992082898698848E-4	0.23507595433322082	0.24038228259232758	1.417600273635136E-4	5.355410189449439E-5	1.264480327982209E-4	0.01995209756534982	4.5277641014573986E-4	5.569177080404912E-4	3.7449423827514886E-4	0.09073145713674001	0.3942959174770683	8.386569744773451E-4	6.923408381781257E-4	2.0424228245909028E-4	3.6205485053018475E-4	4.599106002211605E-5	0.014913989647243903	3.1397486663684536E-4
61	61	6.584897739813949E-4	5.4612568418703E-4	1.7334668629705256E-4	0.06198269584044014	3.5203028422037925E-4	1.329899976863177E-4	3.140062664556348E-4	9.144735433642084E-4	0.0011243720202110518	0.001382984348233248	9.29975223557459E-4	0.07941519556941316	0.40771965328009	0.0020826227151579295	0.026035395180004854	5.07191414117899E-4	0.37779889599337413	1.1420882340594906E-4	0.02487760043801092	0.01293774691779126
62	62	0.027059359695153832	7.127144082852734E-5	2.2622389777607686E-5	0.103289294362085	4.594126644860384E-5	1.7355691236159375E-5	4.097899016193361E-5	0.3063470418569237	1.4673474664905146E-4	0.08268742960314773	1.2136523887617229E-4	0.024644027700330397	0.45463695781391517	2.717900401122545E-4	2.2437224026790445E-4	6.61903732175712E-5	1.1733391045815885E-4	1.4904677870241322E-5	7.327570363744409E-5	1.0175225890257371E-4
63	63	1.7570404466600275E-4	1.4572206797908513E-4	0.7072644786625257	3.1816766281495787E-4	9.393182282613666E-5	3.5485563203702205E-5	8.37859193061432E-5	2.4400788995955234E-4	0.05220593960526478	3.6902007183064166E-4	2.481441848827138E-4	0.17366391632072692	0.017955982741421874	0.03624102701501459	4.5875299374966745E-4	1.3533328291731727E-4	2.399017036455359E-4	3.0474204766523026E-5	1.4981999721825406E-4	0.009940404245280013
64	64	4.957508450088423E-4	4.111563764760937E-4	1.3050584778507825E-4	8.977134703690948E-4	2.6502964475176013E-4	1.0012289687064871E-4	2.3640286923856004E-4	6.884708765027011E-4	8.46495118297277E-4	0.0010411940873815413	7.001414769562139E-4	0.31608151750620284	0.004896396811031276	0.6606069773883917	0.010447696673110001	3.8184430808986617E-4	6.768852278125589E-4	8.598329533446121E-5	4.2271872774106445E-4	5.869965526485345E-4
65	65	0.001345609967465645	0.0011159963194080304	0.1742673824415772	0.0024366518097115562	7.193664624928406E-4	2.717622558934352E-4	6.4166518400833E-4	0.0018687074022341204	0.0022976305135123066	0.027670835372933696	0.05158985679982717	0.2368174855683415	0.3362717934268561	0.15332421172488345	0.0035133089973409136	0.0010364349595341224	0.0018372606290940107	2.3338332229273285E-4	0.0011473798566548627	0.0015932769859378696
66	66	2.613306341217635E-4	2.167374149120969E-4	6.879499309308195E-5	0.05837431431666247	1.3970801224314172E-4	5.277889164031151E-5	1.246176629819266E-4	0.010013103390904506	4.462223479249117E-4	0.034324493563786515	3.690733318763218E-4	0.0025664555025330543	0.6250178381045244	0.10215342936078345	6.823190154202236E-4	0.04845219637920226	0.09685863512681539	4.5325326865015906E-5	2.228324052049717E-4	0.019609794218504107
67	67	0.0024341945423605534	0.0020188258229938013	6.407989529879842E-4	0.27407110412268704	0.001301326505670372	4.91615115902656E-4	0.001160765694889768	0.04832434342750375	0.049100260908653305	0.005112384558814054	0.003437776413788413	0.4733442580936907	0.02404188013926908	0.00769869031736366	0.09624328176303418	0.0018749001441787064	0.0033235855146478317	4.221880211491884E-4	0.002075598317946473	0.0028822216224685133
68	68	8.053648714313872E-4	6.679381500054894E-4	2.1201138914972312E-4	0.001458367445915569	4.305500795812067E-4	1.6265320528930174E-4	3.840448650913103E-4	0.0011184454137016402	0.0013751614121860424	0.00169145680892223	0.00113740471902285	0.6473147080714065	0.06743394683084694	0.2553353470249056	0.002102760619610557	6.203196528815134E-4	0.01596951815220804	1.3968291993743395E-4	6.867216006717038E-4	9.535967672350058E-4
69	69	8.053648714313872E-4	6.679381500054894E-4	2.1201138914972312E-4	0.001458367445915569	4.305500795812067E-4	1.6265320528930174E-4	3.840448650913103E-4	0.0011184454137016402	0.0013751614121860424	0.00169145680892223	0.00113740471902285	0.6770544961447426	0.037694158757510914	0.2702052410615736	0.002102760619610557	6.203196528815134E-4	0.0010996241155400218	1.3968291993743395E-4	6.867216006717038E-4	9.535967672350058E-4
70	70	0.056053121370716795	0.0034344089076824747	4.6861994303841855E-5	0.0036091216592524823	9.516675239840301E-5	3.595209488668563E-5	8.4887459831788E-5	2.4721588220447143E-4	0.05617906650203395	0.02995481078455459	2.514065573447579E-4	0.21867511368236525	0.5177812465086222	0.11231322429098792	4.647842579293885E-4	1.371125209663417E-4	2.4305571151374598E-4	3.087485169878939E-5	1.5178969331820243E-4	2.1077851738790518E-4
71	71	3.628862745445795E-4	0.020401469593771378	9.552940027397091E-5	0.007357288838130451	0.040395011711397213	7.328928514756804E-5	1.7304530566781043E-4	0.0072041246708301095	6.196287167066615E-4	0.027562821581535144	0.02061300473802363	0.3117715623394354	0.4792961023944909	0.0011477098479693798	9.47474858387259E-4	2.795074578568044E-4	4.954754209461354E-4	6.29391921993243E-5	3.0942725733012767E-4	0.08083170111535608
72	72	1.1396269377285602E-4	0.021136074393151183	3.0000549906137953E-5	0.010727144542535805	0.24835131136845956	2.3016148435445367E-5	5.434404815503243E-5	0.021199823164864812	0.004402903063892244	0.02128090681338032	1.6094780178259303E-4	0.2578262058337259	0.32516557476300567	0.0740058864326864	0.0024017057531552674	8.777797635620239E-5	0.012780536592394863	1.9765751393943605E-5	9.717414585697174E-5	1.3493816308878692E-4
73	73	5.097485192399653E-4	4.2276550044210266E-4	1.341907196535659E-4	0.26445253482193387	2.725128364924807E-4	1.0294989698084857E-4	2.4307777536170566E-4	7.079100587934114E-4	8.703961625888907E-4	0.0010705925156308735	7.199101821612562E-4	0.27794733956243417	0.32503472379131915	0.0016121948846198266	0.0013309235977197842	3.9262579698789356E-4	6.959972858275295E-4	8.8411059542082E-5	4.3465431817300544E-4	0.1229565407140976
74	74	6.665942660158919E-4	5.528472331498436E-4	1.754801846349335E-4	0.001207079438992368	3.5636296598264206E-4	1.3462679816447816E-4	3.1787096016209126E-4	9.25728605843224E-4	0.0011382104493585777	0.0014000056993262525	9.414210760056003E-4	0.17885418260178593	0.3635069584045975	0.0021082550026630302	0.0017404386776209639	0.06205191435829763	9.101503631378875E-4	1.1561447089834116E-4	5.683941497763873E-4	0.3823278642935865
75	75	6.665942660158919E-4	5.528472331498436E-4	1.754801846349335E-4	0.001207079438992368	3.5636296598264206E-4	1.3462679816447816E-4	0.012625567077438386	9.25728605843224E-4	0.0011382104493585777	0.0014000056993262525	9.414210760056003E-4	0.3388542321263778	0.2650453894663871	0.13749291229270227	0.23558666490587055	5.134337719161537E-4	9.101503631378875E-4	1.1561447089834116E-4	5.683941497763873E-4	7.892846580213686E-4
76	76	5.935428194696531E-4	4.922612182984662E-4	1.5624947416933023E-4	0.0010747967242884997	0.8003175299656842	1.1987317238161074E-4	2.8303577684485434E-4	8.242788676535046E-4	0.0010134750232700096	0.0012465803749231123	8.382516145843913E-4	0.18117153309232456	0.0058622616536536335	0.0018772132948587103	0.0015497056192867909	4.571670416780745E-4	8.104078300987238E-4	1.0294438840381143E-4	5.061043627703366E-4	7.027876853578809E-4
77	77	5.935428194696531E-4	4.922612182984662E-4	1.5624947416933023E-4	0.0010747967242884997	0.8112764370956319	1.1987317238161074E-4	2.8303577684485434E-4	8.242788676535046E-4	0.0010134750232700096	0.0012465803749231123	8.382516145843913E-4	0.13733590457253336	0.0058622616536536335	0.0018772132948587103	0.03442642700913018	4.571670416780745E-4	8.104078300987238E-4	1.0294438840381143E-4	5.061043627703366E-4	7.027876853578809E-4
78	78	4.7824087749981776E-4	3.9663429372886966E-4	1.258963686939964E-4	0.09799627053941509	0.47707696671194194	9.658654652699331E-5	2.280530971684115E-4	6.641540189524999E-4	8.165968293338587E-4	0.0010044190121109907	6.754124126759401E-4	0.13714703123614708	0.004723455604908027	0.23109316978148842	0.027738731093977335	3.6835753041621386E-4	0.0183130256483296	8.294635707649733E-5	4.077882616355146E-4	5.662637779729776E-4
79	79	0.04979295178137092	8.584582121111008E-5	0.73772436944819	1.874346464880652E-4	5.5335849814617905E-5	2.0904776857804314E-5	4.9358831840047714E-5	1.4374664034121716E-4	1.7674070679443964E-4	2.173921324958893E-4	0.00396844823421455	0.06408389765889035	0.14244612481771746	3.2736870363785434E-4	2.702543823846076E-4	7.972572013526495E-5	1.413276591871537E-4	1.795255289894163E-5	8.82599380684962E-5	1.2255969746132345E-4
80	80	5.003305305532696E-4	4.149545886885472E-4	1.3171144481145125E-4	9.060064373800007E-4	2.6747795612658536E-4	1.0104781992036439E-4	2.3858672996983864E-4	0.009932708320952307	8.543149364493273E-4	0.0010508125107466884	7.066092981074078E-4	0.3651908269987294	0.004941629124644096	0.6112823190688789	0.0013063337795779478	3.85371739007205E-4	6.831382105845687E-4	8.677759847820762E-5	4.266237515373627E-4	5.924191548565957E-4
81	81	1.7570404466600275E-4	1.4572206797908513E-4	4.625389051630352E-5	3.1816766281495787E-4	0.6910915551092389	3.5485563203702205E-5	8.37859193061432E-5	2.4400788995955234E-4	3.000148513558363E-4	3.6902007183064166E-4	2.481441848827138E-4	0.0990491494869828	0.03093246392989911	0.17573819979114486	4.5875299374966745E-4	1.3533328291731727E-4	2.399017036455359E-4	3.0474204766523026E-5	1.4981999721825406E-4	2.080433539220859E-4
82	82	0.16124396431090252	1.1307445345120614E-4	3.5891155421110314E-5	0.0455584048327714	7.288730989780738E-5	2.7535367294147628E-5	6.501449755577701E-5	1.8934029126541394E-4	2.327994367275587E-4	0.1639112764004998	1.9254988946996735E-4	0.001338949961055241	0.3613214356586769	0.15146960220335964	0.05825402659239313	1.0501317481872024E-4	1.861540561284485E-4	2.364675505997692E-5	0.04542777382717886	0.010230659826072396
83	83	8.562970574650507E-4	7.101793146276777E-4	2.2541922936783113E-4	0.06479172811891087	4.577785539385054E-4	1.7293957809327395E-4	4.083322970466415E-4	0.0011891771675933951	0.017272411142649935	0.001798426452019301	0.0012093354808424932	0.30880483169248757	0.024267697055776312	0.3505344582072141	0.11290772234505679	6.595493698478693E-4	0.1118411463530537	1.485166258964911E-4	7.301506519743547E-4	0.001013903306137791
84	84	0.024303742906353648	0.010490677304468185	4.91223490914384E-5	0.010673817200685623	9.97570526534246E-5	3.7686218476781816E-5	8.898194575984339E-5	0.010595058371750768	0.05544351753572906	3.919050395084717E-4	2.635329728754943E-4	0.2361133635707757	0.20511605990342574	0.20386322409282426	0.014268427071922746	0.01047964425361033	2.5477932996691415E-4	3.236407809408966E-5	1.5911116064148883E-4	0.21727522764138604
85	85	5.003305305532696E-4	4.149545886885472E-4	1.3171144481145125E-4	9.060064373800007E-4	2.6747795612658536E-4	1.0104781992036439E-4	2.3858672996983864E-4	6.948308860773141E-4	8.543149364493273E-4	0.0010508125107466884	7.066092981074078E-4	0.3190014398243544	0.004941629124644096	0.6667095836781288	0.0013063337795779478	3.85371739007205E-4	6.831382105845687E-4	8.677759847820762E-5	4.266237515373627E-4	5.924191548565957E-4
86	86	1.8220612929122817E-4	1.5111464286012425E-4	4.796555692076568E-5	0.05079251960118498	0.34324293730633737	3.679873806750715E-5	0.006815230206615814	2.5303761919973913E-4	0.01713197645497322	3.826759881757129E-4	2.573269813996182E-4	0.25410228504230314	0.0758113814467964	0.14859982978338818	0.10140088527817362	1.4034141155664753E-4	2.4877947980489625E-4	3.160192984909035E-5	1.553642196197126E-4	2.1574218348226199E-4
87	87	0.00206326930434475	0.001711194926664436	5.43153304696107E-4	0.0037362006866096557	0.0011030289433958446	4.167022645651767E-4	9.838869433500348E-4	0.0028653523049426417	0.0035230346280686583	0.00433335378444239	0.002913924267898298	0.058358068800547086	0.2870452741875593	0.006525555430778617	0.005387075591112409	0.0015892008008711077	0.6123415273910221	3.578545467670131E-4	0.0017593163664789064	0.0024430255258855002
88	88	0.07171613917586483	3.5579273455573857E-4	1.1293277963224722E-4	0.4522620716680388	0.03983331076276995	8.664099916086687E-5	2.0457039733664566E-4	0.008516559525766965	0.07201965450789645	9.009936674891495E-4	6.058649820711924E-4	0.051737814966497264	0.2022569213074398	0.02511917859542707	0.001120084173903243	3.3042763854043423E-4	5.857402680894996E-4	7.44053443494154E-5	3.6579817484518794E-4	0.07179509833032534
89	89	3.0729517774585495E-4	2.5485861105957236E-4	8.089510707999663E-5	5.564549676904715E-4	1.6428077251277366E-4	6.20619887995292E-5	1.4653623378291507E-4	0.04581683164936196	5.247068571986411E-4	0.0063191522654346315	4.339883668875395E-4	0.5533725489658554	0.25268049692582584	9.718904419161005E-4	0.09158248455042378	0.028605487662189167	4.1957279243869734E-4	5.329744223130135E-5	0.017283304652686196	3.6385456887949065E-4
90	90	3.0556149525588837E-4	2.534207625562138E-4	8.043871713044607E-5	0.39547579757382556	1.6335394150672665E-4	0.01134521133589893	1.4570951302368077E-4	4.243466099599794E-4	5.217465924220717E-4	6.41751447112953E-4	4.3153991313033674E-4	0.11583582934574893	0.36973168139306256	9.664072792655321E-4	0.10234929857708852	2.3535394626066354E-4	4.1720566774493153E-4	5.299675140030877E-5	2.605473451465778E-4	3.6180179245915117E-4
91	91	2.1556526475929592E-4	1.787814061133089E-4	5.6747311504683346E-5	0.024270948395844615	0.3264834336032664	4.35360201393184E-5	1.027940700663021E-4	2.99364909342156E-4	3.6807792892405337E-4	4.527380666556649E-4	3.0443958768509773E-4	0.01803740613724176	0.1613330757646262	0.2952091665282369	0.032403627517259066	1.66035762115048E-4	0.13959782370105014	3.7387756390650776E-5	1.838090149147199E-4	2.552412538645666E-4
92	92	0.007148416494151969	0.2575656531336679	3.3371003926638457E-5	0.22024126556571672	6.776941773714007E-5	2.560193003856231E-5	6.0449406762373414E-5	0.011878796312897932	0.007238103574997801	0.021331190086187432	1.7902970919115934E-4	0.08316418942040592	0.3195668560920191	0.009763126767654218	0.033098680939008494	9.763951670285553E-5	0.004854183302970679	2.198636256481753E-5	1.080913120961587E-4	0.023555599651302103
93	93	0.2865502028210153	2.9896060770968067E-4	9.489359717071694E-5	0.047241772793036894	1.9270873125002826E-4	7.280150280204456E-5	1.718935896303226E-4	5.006019203538524E-4	6.155047312130069E-4	7.570745218040191E-4	5.090878639109552E-4	0.18324061528592595	0.349650183173955	0.021106796650678706	9.411688682576226E-4	2.776471749640162E-4	0.033770053533478846	6.252029567530275E-5	3.073678409632538E-4	0.07363814449620439
