0	0	0.8331826559154298	0.16164956157162663	8.256302409138307E-4	1.7264642124608891E-4	5.7334901518921964E-5	5.20073683760001E-4	5.722407136359251E-5	5.369228861108122E-4	4.464066654372543E-4	2.3777645105931076E-4	1.1468288718614997E-4	1.1488582128434286E-4	1.1295484732370669E-4	4.0785662479700407E-4	3.9564693244283663E-4	1.1260062645405217E-4	2.937436364297595E-4	5.913568774312765E-5	6.451784067884404E-4	5.708172108434042E-5
1	1	1.0382767287355158E-4	0.2205900725070779	0.014086655084545418	9.739528212841744E-5	3.2344423179677905E-5	0.7562528443277914	3.228190039948508E-5	3.0289510547935184E-4	2.5183205542554725E-4	1.341371826144357E-4	6.469622753937958E-5	6.481070905370418E-5	6.372138584432982E-5	0.007040530298748958	2.2319689183470946E-4	6.352155869884499E-5	1.657100340511797E-4	3.3360303387872224E-5	3.639654532007656E-4	3.220159612495248E-5
2	2	1.2616853524994958E-4	0.359089524209947	0.4226351642511009	1.1835207075635274E-4	3.930405433486326E-5	3.565193936522159E-4	3.922807837028307E-5	3.680698096667412E-4	0.20720267656009886	1.6299981868638647E-4	7.861707807688205E-5	7.875619286753251E-5	7.743247723434175E-5	2.795926829413833E-4	2.7122273027752834E-4	7.718965277770866E-5	2.0136628023936413E-4	4.0538524050980146E-5	0.008718147104848337	3.913049482235528E-5
3	3	0.665754385104869	0.25741356905544954	0.02234411916274356	6.304572436700068E-5	2.093712902753245E-5	1.8991660458531794E-4	2.0896656903210262E-5	1.960694698433757E-4	1.6301543571895264E-4	0.0529891215187432	4.1879036026144324E-5	4.195314197706408E-5	4.1248003398439294E-5	1.489380212032032E-4	1.444793773853305E-4	4.111865167975266E-5	1.0726709655054961E-4	2.159472662565084E-5	2.3560140840652447E-4	2.0844674496598425E-5
4	4	3.982244499461234E-5	0.22043528681826066	0.008014950320452945	3.7355342347094484E-5	1.2405498238642444E-5	1.1252784947611242E-4	1.2381518023096523E-5	0.00534037982115915	9.658858662157917E-5	5.144746509826033E-5	2.4813827482038793E-5	2.4857736140307988E-5	2.4439933136676237E-5	8.824755090698237E-5	8.5605751357645E-5	0.7653705900142487	6.355703189163383E-5	1.2795132645273151E-5	1.3959663969044568E-4	1.235071782824576E-5
5	5	1.2019998140725633E-4	0.21595249956008128	0.7810914934642582	1.1275328413888019E-4	3.744472891692894E-5	3.396538162500367E-4	3.7372347086452394E-5	3.5065782598544E-4	2.9154277989806295E-4	1.5528891681809104E-4	7.489800293245315E-5	7.503053673112595E-5	7.376944105316779E-5	2.663662158285429E-4	2.58392213811464E-4	7.353810369861499E-5	1.9184040690390443E-4	3.862080056293096E-5	4.213581937918972E-4	3.727937984526712E-5
6	6	3.474065866881143E-5	0.26750469852373276	1.5584427734837753E-4	3.2588385723492914E-5	1.0822418864123639E-5	9.81680459327374E-5	1.0801498790451666E-5	1.013484669422106E-4	8.42628100704813E-5	4.488219707745372E-5	2.1647307465348013E-5	0.00685799496568792	0.7246701125226559	7.698618316461509E-5	7.468150658266825E-5	2.125426418402936E-5	5.544644863590721E-5	1.116233159244089E-5	1.2178255783779601E-4	1.0774629042589927E-5
7	7	1.4970899632415994E-4	0.21986882751595163	0.039951477391406726	1.4043413986472995E-4	4.663738478286707E-5	0.18700252949804747	4.6547233261495074E-5	4.367440873690767E-4	3.631163370667509E-4	1.9341224187326627E-4	9.32854124803104E-5	9.345048323777673E-5	9.187978941565228E-5	3.3175894338323387E-4	0.5502403268163822	9.159165889552314E-5	2.3893709829033444E-4	4.810218123014535E-5	5.248013481118365E-4	4.643144262487495E-5
8	8	1.2513295167384514E-4	0.35614213948453766	5.613380739838182E-4	1.173806442399838E-4	3.8981449074662166E-5	3.535931044003234E-4	3.890609671612561E-5	3.650487153107226E-4	3.035076059141589E-4	1.6166192620150333E-4	7.797179393613769E-5	7.81097668811441E-5	7.679691622444252E-5	0.6404964996521261	2.6899655079161156E-4	7.65560848560122E-5	1.9971347819815782E-4	4.0205786339287276E-5	4.38650604466376E-4	3.880931412795638E-5
9	9	1.51193714549823E-4	0.2617187918598055	6.782449178140518E-4	1.4182687598668622E-4	4.709990458384451E-5	4.272340273154644E-4	4.700885899725173E-5	4.410754363353298E-4	3.667174930220794E-4	1.9533038098064364E-4	9.42105576318958E-5	9.437726545572521E-5	9.279099449527304E-5	3.350491167319434E-4	3.250190071539302E-4	9.250000648063717E-5	0.7341260524419307	4.857922794690981E-5	5.300059927592901E-4	4.689192002303819E-5
10	10	1.7970964211955136E-4	0.41717077900268473	8.061654666841471E-4	1.6857616867467336E-4	5.5983193625674585E-5	5.078126056943723E-4	5.587497636391956E-5	5.242645770530802E-4	0.5780394450387253	2.3217071533446353E-4	1.1197916293228067E-4	1.1217731272606089E-4	1.1029186274253291E-4	3.982411374682363E-4	3.863192966162434E-4	1.0994599286211497E-4	2.868184376165679E-4	5.77415251340122E-5	6.299679028561909E-4	5.57359820858286E-5
11	11	7.231001435280278E-5	0.14414215465009758	3.243779008133843E-4	6.78302234239437E-5	2.25260341450975E-5	2.0432925230503993E-4	2.2482490617558108E-5	2.109490545095797E-4	1.7538657121299927E-4	9.341884809367766E-5	4.5057208858395055E-5	4.513693866177824E-5	4.437828757460005E-5	1.6024083085674202E-4	1.5544382345662738E-4	4.423911943803125E-5	0.014344660694789952	2.32335363976494E-5	2.534810462035878E-4	0.8395483634741909
12	12	7.030912176556159E-5	0.05714050229559118	3.1540203014026225E-4	6.595329126655681E-5	2.190271557512794E-5	1.986752514041558E-4	2.1860376941851888E-5	2.0511187686231245E-4	0.9271500434403196	9.083385233157953E-5	4.381042947363829E-5	4.388795307122826E-5	0.0138786653692114	1.5580680199498177E-4	1.5114253273126136E-4	4.3014977430290065E-5	1.1221408165498465E-4	2.259064051151889E-5	2.4646696453185264E-4	2.1805997190672418E-5
13	13	1.52708176731576E-4	0.5347912687335197	0.40135306547350746	1.4324751335033294E-4	4.757169022962215E-5	0.05051501685010429	4.747973266664119E-5	4.45493556953763E-4	3.7039079237994525E-4	1.9728694693858307E-4	9.51542365875997E-5	9.532261427379968E-5	9.372045411195594E-5	3.3840520344382235E-4	3.2827462526048405E-4	0.010110127220841756	2.4372382107515329E-4	4.906583153200865E-5	5.353149041417927E-4	4.7361622349726356E-5
14	14	8.430614985132548E-5	0.12381550057325232	3.781917644353446E-4	7.908316754754223E-5	2.6263073340394866E-5	2.3822720432319056E-4	2.621230599937512E-5	2.4594522293564896E-4	2.0448297081578667E-4	0.033288651712424476	5.2532140062437815E-5	0.8295459951295555	5.174058663790641E-5	0.011246736172652526	1.812317476505861E-4	5.157833069201689E-5	1.345534824766908E-4	2.7087949278501752E-5	2.955332156545495E-4	2.614710041385947E-5
15	15	0.8166840698845111	0.17802028484502233	8.460582212000145E-4	1.7691808853118217E-4	5.875349810114316E-5	5.329414960478034E-4	5.863992575431443E-5	5.50207586197055E-4	4.5745178722334575E-4	2.4365958422723126E-4	1.1752040408234347E-4	1.1772835923421373E-4	1.1574960856186536E-4	4.17947930417933E-4	4.054361423526937E-4	1.1538662345783124E-4	3.0101152575457086E-4	6.059883989473666E-5	6.611415960247723E-4	5.8494053403614145E-5
16	16	1.4405070025733221E-4	0.5517164979921219	6.46201832185922E-4	0.01903277518093669	4.487471094653568E-5	4.0704973081584305E-4	4.478796672874145E-5	4.202372146196272E-4	3.493922470502973E-4	1.861021686355952E-4	8.97596625555241E-5	8.991849441458984E-5	8.840716543288333E-5	3.1922001539245597E-4	0.4255067615710595	8.812992489150504E-5	2.2990639955698617E-4	4.6284144976191506E-5	5.049663249883272E-4	4.4676552433689624E-5
17	17	1.6970724330819088E-4	0.09339481796287853	7.612953728449022E-4	1.591934441347539E-4	5.286724379252598E-5	4.795484338687324E-4	5.27650497591163E-5	4.950847104610269E-4	4.116217066229932E-4	2.1924840321083653E-4	1.0574655218863526E-4	1.0593367322937586E-4	1.0415316487531021E-4	0.902046452475881	3.648172802096371E-4	1.0382654565078349E-4	2.708545062122434E-4	5.452770891605786E-5	5.949047302383735E-4	5.2633791717020064E-5
18	18	1.13913055452051E-4	0.48112073492019775	5.110063679767852E-4	1.0685584937817419E-4	3.54862241371665E-5	0.4934728004476816	3.541762815759759E-5	3.3231705952463375E-4	2.7629395998532376E-4	1.471667032347831E-4	7.098054643107753E-5	7.110614819724032E-5	6.99110127220786E-5	0.0077244177408269145	2.4487729728140046E-4	6.969177520981962E-5	1.8180640840156773E-4	3.6600782667526846E-5	0.015343286549072204	3.5329523464265884E-5
19	19	1.1564119363655899E-4	0.12432341126377265	5.187586805938332E-4	1.084769249679356E-4	3.602457418591276E-5	3.2677187029910433E-4	3.5954937558885774E-5	0.023093374220819814	2.804855264436613E-4	1.4939932177300883E-4	7.205736938309131E-5	7.218487661309482E-5	7.09716101235196E-5	2.5626382618563744E-4	2.485922516935331E-4	7.074904662974859E-5	1.8456453472256044E-4	3.715604132387336E-5	0.8499632964330158	3.5865496257698403E-5
20	20	1.351140197362425E-4	0.48203833158043874	0.08036981923208611	1.267433595255708E-4	4.209075394744415E-5	0.4080629648476094	4.200939120547817E-5	3.9416635398917315E-4	3.277164975894735E-4	1.7455668067609727E-4	8.419111324263236E-5	8.434009142116406E-5	8.292252292967141E-5	0.026887318354932317	2.904527127864091E-4	8.266248195859277E-5	2.1564336550769346E-4	4.3412748890611074E-5	4.73639002647874E-4	4.1904888879327454E-5
21	21	9.720741483051286E-5	0.002486475337639327	0.006812264018815956	9.118516605801356E-5	3.028207870275324E-5	2.7468281632355487E-4	3.0223542498845798E-5	2.83581913699653E-4	2.3577474484268973E-4	1.255843302052782E-4	6.057106794687422E-5	6.067824989312595E-5	5.965838408888012E-5	2.1541410352760647E-4	2.0896541599156384E-4	5.947129831792966E-5	1.551440341074499E-4	3.123318437702101E-5	0.988651454539549	3.0148358583892217E-5
22	22	1.1421169391781495E-5	0.00703455799390275	0.023275108818139687	1.0713598642470995E-5	0.2771917340296005	3.2273247670589984E-5	0.18354707306283213	0.02775213643775895	2.770183019317532E-5	1.4755252063114005E-5	0.400806236164873	7.129256257195567E-6	7.009429388766997E-6	2.5309601845262535E-5	2.4551927620181774E-5	6.987448161465122E-6	0.08017805220419064	3.669673656445476E-6	4.0036639353605026E-5	3.542214458343147E-6
23	23	9.19318345791604E-5	0.21943703864593656	0.012472706063471848	0.7478252075555761	2.8638628595035743E-5	2.597754016607019E-4	2.8583269231515033E-5	0.012328497518801546	2.2297892479307226E-4	0.006148921688699731	5.7283792686843825E-5	5.738515772128967E-5	5.642064143853136E-5	2.0372328351748195E-4	1.976245751334578E-4	5.624370906997573E-5	1.4672415375285478E-4	2.9538116454748267E-5	3.2226487322827523E-4	2.8512165651149506E-5
24	24	9.248956078092628E-5	0.29356914139879686	4.149019999759675E-4	0.4550919851943892	2.8812371603898895E-5	0.2489975413847691	2.875667638971568E-5	2.6981858008698437E-4	2.243316791394635E-4	1.1948923404562177E-4	5.76313183537059E-5	5.773329834308996E-5	5.6762930594347244E-5	2.0495921896517108E-4	1.9882351132535843E-4	5.658492482376135E-5	1.476142905085771E-4	2.971731641929852E-5	3.2421996924622104E-4	2.8685141442675152E-5
25	25	5.0342410588659596E-5	0.15318647714590827	2.2583269571708963E-4	4.722356907949269E-5	1.5682680608162666E-5	1.4225453012118553E-4	1.5652365496742947E-5	1.4686325276602814E-4	1.2210456406028583E-4	0.8454146874938934	3.136894009260274E-5	3.142444817864025E-5	3.089627341797825E-5	1.1156006221627008E-4	1.0822037381633205E-4	3.079938421757204E-5	8.03470052056835E-5	1.617524542382694E-5	1.7647413043182992E-4	1.56134287600459E-5
26	26	7.988835891386941E-5	0.4579388136030966	3.5837384898683455E-4	7.493907009423694E-5	2.488684197889216E-5	0.05786768367677981	2.4838734936076892E-5	0.010713409986425197	1.9376770251178794E-4	1.0320947288732897E-4	0.005289955726740111	4.9867449043670136E-5	4.902928864658899E-5	0.02637791645246532	0.4351063730519961	4.887553519842429E-5	0.005367679006156175	2.5668492963062466E-5	2.800467539416334E-4	2.4776946238241094E-5
27	27	1.7970964211955136E-4	0.35823163995134816	8.061654666841471E-4	1.6857616867467336E-4	5.5983193625674585E-5	5.078126056943723E-4	5.587497636391956E-5	0.6252791385212215	4.3588233562619433E-4	2.3217071533446353E-4	1.1197916293228067E-4	1.1217731272606089E-4	1.1029186274253291E-4	3.982411374682363E-4	3.863192966162434E-4	1.0994599286211497E-4	2.868184376165679E-4	5.77415251340122E-5	0.012417795713123521	5.57359820858286E-5
28	28	1.716176451200371E-4	0.31958703650400233	7.698653079359571E-4	1.609854916524711E-4	5.346237265302574E-5	4.849467314255853E-4	5.335902821694155E-5	0.5971239607962189	4.1625535005976604E-4	2.2171649201231292E-4	1.0693694572140152E-4	1.071261731918283E-4	1.0532562157785632E-4	3.803090663146345E-4	3.689240441845821E-4	1.0499532558652721E-4	2.7390352715753625E-4	5.514152970460185E-5	0.0794009057546664	5.322629259736215E-5
29	29	7.26546213531554E-5	0.4784272828798479	3.2592378482931866E-4	6.815348113640005E-5	2.2633386205888262E-5	2.0530302186312055E-4	2.2589635163462523E-5	2.119543719825799E-4	0.04306741847541597	9.386405321922072E-5	4.527193747832308E-5	4.5352047249109514E-5	4.4589780667206196E-5	1.610044887338672E-4	0.4767250298030236	4.444994929865609E-5	1.1595752312651363E-4	2.334426019375479E-5	2.5468905789823737E-4	2.2533441313617583E-5
30	30	1.4970899632415994E-4	0.36716842559287205	0.6193298964939605	1.4043413986472995E-4	4.663738478286707E-5	4.230386006149076E-4	4.6547233261495074E-5	4.367440873690767E-4	0.010183089542194781	1.9341224187326627E-4	9.32854124803104E-5	9.345048323777673E-5	9.187978941565228E-5	3.3175894338323387E-4	3.218273292125213E-4	9.159165889552314E-5	2.3893709829033444E-4	4.810218123014535E-5	5.248013481118365E-4	4.643144262487495E-5
31	31	2.2811028858395663E-4	0.46967567559137297	0.0010232875380688001	2.139782708997667E-4	7.106097537776361E-5	6.445802165387086E-4	7.092361229296996E-5	6.654631468597942E-4	0.5242445327887673	2.9470054166852254E-4	1.4213816727140123E-4	1.4238968414110814E-4	1.3999643169911022E-4	5.054982010005313E-4	4.903654873346113E-4	1.3955740974511764E-4	3.6406636730371004E-4	7.329287291571725E-5	7.996352250457334E-4	7.074718311247137E-5
32	32	2.2474748029400305E-4	0.5806879285737289	0.015750230329608563	2.1082379721197936E-4	7.001339248014004E-5	0.015377105922063691	6.987805440580579E-5	0.015397680995638647	5.451207596945867E-4	2.903560579947317E-4	1.4004276241182096E-4	1.402905714127607E-4	1.3793260036557345E-4	4.980461323041403E-4	0.36903383963568237	1.375000504855742E-4	3.586992906774771E-4	7.221238732181659E-5	7.878469800682036E-4	6.970422614924821E-5
33	33	2.4438191415541792E-5	0.3661073758068936	1.0962809649534875E-4	2.292418275158386E-5	7.612991633289388E-6	6.905595890580198E-5	7.598275482691993E-6	0.027322164192130138	0.008074236422947188	3.1572220140822396E-5	1.5227720594261283E-5	1.5254666408254558E-5	1.4998269550198191E-5	5.415565371009681E-5	0.006464504079021116	1.4951235711374443E-5	0.025686882171971806	0.5626581881669098	0.00329165232327181	7.579374055180429E-6
34	34	1.4825315432115055E-4	0.18855728045883002	6.650537607837376E-4	1.3906849100934064E-4	4.618386051014804E-5	4.189247705927227E-4	4.609458566535976E-5	4.324969786276543E-4	3.595852198429332E-4	1.9153140857313764E-4	9.23782604380722E-5	9.254172596841065E-5	9.098630632550226E-5	3.2853276047832997E-4	3.1869772608186217E-4	9.070097772458876E-5	2.3661355947630713E-4	4.763441257501667E-5	0.8076514616611433	4.597992103236324E-5
35	35	9.910311815378832E-5	0.00903550998102812	4.445699771810463E-4	9.296342569624172E-5	3.087262868633823E-5	2.8003957978300014E-4	3.081295093086836E-5	2.8911222408964295E-4	2.4037273737363002E-4	1.2803342971622148E-4	6.175230268088539E-5	6.186157485011094E-5	6.0821819997300495E-5	2.1961503030515416E-4	2.1304058283182532E-4	6.063108574831627E-5	1.5816959611377062E-4	3.184228247435472E-5	0.9884301393715524	3.07363008068022E-5
36	36	1.351140197362425E-4	0.3402361862425187	6.061124795061215E-4	1.267433595255708E-4	4.209075394744415E-5	3.817970010894452E-4	4.200939120547817E-5	3.9416635398917315E-4	3.277164975894735E-4	1.7455668067609727E-4	8.419111324263236E-5	8.434009142116406E-5	8.292252292967141E-5	2.994161040723198E-4	2.904527127864091E-4	8.266248195859277E-5	2.1564336550769346E-4	4.3412748890611074E-5	0.6563085611905277	4.1904888879327454E-5
