0	0	0.023837750206756814	0.11018668065256153	3.168541508113112E-5	3.888385569774905E-4	8.054844143066367E-4	2.8121592335575353E-4	2.718504923260335E-4	0.21445842382697153	5.476409741764675E-4	0.08774760312937739	0.15897944323641258	3.527621296666022E-4	4.05049520190763E-4	0.18203739560963178	0.05560490678606302	0.008351985498547718	0.008216047113153394	0.1465845597775385	5.709591655076879E-4	3.3971757139712445E-4
1	1	0.0013317442805817336	0.0018061119869198828	1.3226420295181683E-4	0.001623126024509269	0.003362327865220919	0.00117387762996855	0.0011347835777910926	0.14254488744857835	0.558605386642745	0.23538552007215202	0.009133380084173307	0.0014725324504182885	0.0016907953330221803	0.007210019811056923	0.0030384842302917264	0.0021389647110717173	0.0015715180751763214	0.02284284414364018	0.002383350786175434	0.0014180806435553116
2	2	1.410303159128201E-4	1.912653561222555E-4	1.4006639711719989E-5	0.007102903256515426	3.560669776839199E-4	1.2431240397378724E-4	1.2017238504576098E-4	0.10519856033882337	2.4208645514109208E-4	0.14621985714201022	0.03562229493100189	1.559396347350221E-4	1.790534439959288E-4	0.07700470863081238	3.2177227801344745E-4	0.4299495012096483	1.6642210808520252E-4	0.19648747891033214	2.523943366654169E-4	1.501732457699011E-4
3	3	0.03292818224820459	2.0101817743995543E-4	1.4720852976157112E-5	1.806520512377769E-4	0.004016441056533864	1.3065122396769727E-4	1.263001011279353E-4	0.17248044882521724	2.544306976547091E-4	7.026114809410958E-4	0.0010165346510533663	1.6389116043079912E-4	1.8818356709305087E-4	0.1901977950656713	0.08046697248042525	0.18599117464209827	0.1094414436408226	0.22107545315098595	2.652641888801787E-4	1.5783073723822904E-4
4	4	4.9294446519600055E-5	0.006123362898161902	4.895752716142951E-6	0.07879470674478778	0.012237475904628089	4.345102051105685E-5	4.200395616665109E-5	0.24269147413239478	8.46166849930975E-5	0.06322137079887423	0.13721519206532087	5.4505713434573294E-5	6.258470288518424E-5	0.009957294123372021	1.1246933857702506E-4	7.917366952098234E-5	5.8169661278758976E-5	0.26733195593897097	0.1817835122643013	5.2490182584964455E-5
5	5	0.03664709400207555	0.07930165206800287	1.2301413812078272E-5	1.5096106467988018E-4	3.127179200333744E-4	1.0917810086713618E-4	1.0554210486297868E-4	0.004126774666313483	0.003256216629593878	0.061459189581608994	0.11650636799530877	1.369549025363115E-4	1.5725474163718784E-4	6.705777928545351E-4	0.23159640927652714	1.9893735003953463E-4	1.4616119648751198E-4	0.35518245195297193	0.10370416115288482	0.006219096086902029
6	6	6.402881232142913E-4	8.683589419393735E-4	6.359118601918064E-5	7.80381287253841E-4	0.0016165705607633645	0.01629805144349272	5.455915657928476E-4	0.1944033380526565	0.0010990905112465974	0.16037178207763128	0.004391229516032603	7.079775395307971E-4	8.129159526387107E-4	0.22373779325105767	0.0014608700736299558	0.001028390900898376	7.555687481627048E-4	0.37285685961941734	0.0011458890600040512	0.01641546158861791
7	7	7.542363383942857E-5	0.005662396297253723	7.490812582385593E-6	0.003798663932281563	1.9042618725852742E-4	6.648282093343689E-5	6.426872058419864E-5	0.3824535821162782	0.0019828378162505007	0.07078554767887651	0.10430593021257346	8.339720318416576E-5	9.575857013598259E-5	0.04118245719078273	1.7208523089154424E-4	0.10946990668338259	8.900327608117546E-5	0.27744567778718043	0.001988350516670398	8.031331297895725E-5
8	8	4.046960898564941E-4	5.488489566706726E-4	4.0193005926936974E-5	4.932424077513451E-4	0.0010217584259314767	0.9649742851225209	3.448428376691141E-4	0.003539100051744427	6.94683559124848E-4	0.0019183716774794875	0.002775490205689878	4.4747939492615604E-4	5.138060436969078E-4	0.002191011343445012	9.233474511732377E-4	6.499976516014202E-4	4.7755956562835683E-4	0.016886091133125367	7.242627267002576E-4	4.3093234933761274E-4
9	9	1.1914645714137448E-4	1.6158646038868079E-4	1.1833211088733132E-5	1.4521535262743273E-4	0.0032285761514226196	1.0502268548671436E-4	1.0152507871628437E-4	0.21769622632044153	0.23735312636500294	5.647872430225029E-4	0.08864994784352304	0.0030595028303062027	1.5126948665607532E-4	0.003572815559995492	0.07639361682682877	0.04410777391097834	1.405981716768479E-4	0.2918919633195944	0.0324185960585004	1.2687066660167727E-4
10	10	2.5346247084298475E-4	0.019028584056948825	2.5173009693423653E-5	3.0891931631346045E-4	0.006868210002025675	2.2341670912163906E-4	2.159761852878633E-4	0.4381961073283091	4.350825613665295E-4	0.0012014823902587548	0.007966577891498124	2.802577932727888E-4	3.2179838805869557E-4	0.001372237495428988	5.782954970084585E-4	4.0709563286231437E-4	2.990971015355944E-4	0.47146848861113333	0.04405156384093888	0.006498173718094567
11	11	5.350732585263075E-5	7.256665113534414E-5	5.314161216363491E-6	6.521457186612813E-5	0.014598158410339382	4.7164499802022E-5	4.5593764174124114E-5	0.11617245012229703	0.3945390900158528	0.05942072581375679	0.09108982999057101	5.916396623733689E-5	6.793341496057033E-5	2.8968690540621305E-4	0.057974343483746055	0.026382422913022324	6.314104814103441E-5	0.23890095759056262	9.575917013235174E-5	5.697618092782602E-5
12	12	0.02608740516117009	4.7350805936500454E-4	3.4675682635814326E-5	4.2553466204546677E-4	0.009460921566664565	3.0775529010597033E-4	2.975060093784607E-4	0.06310922986670353	5.993238393843844E-4	0.001655035395629164	0.12250638596710878	3.860535714281199E-4	4.432755126596993E-4	0.2592728696080855	0.12948790886821787	0.11209324066251676	0.2663740452741866	0.0059887043988220414	6.248426530143218E-4	3.7177795087782564E-4
13	13	5.180303840502162E-4	0.12799705755509438	5.1448973237786917E-5	6.313739132193951E-4	0.24316745846852073	4.566224074301509E-4	4.414153536745147E-4	0.15728362313907412	0.03907757961658778	0.0024556076565705157	0.0035527604373221965	5.727950642922061E-4	6.576963524357613E-4	0.14282855454585924	0.001181928975179064	8.320281355083594E-4	6.112991239352896E-4	0.2762040148551574	9.270909896827374E-4	5.516140531681077E-4
14	14	1.2461928870533836E-4	1.690087161732154E-4	1.237675365561469E-5	1.5188562369129285E-4	3.146331567310633E-4	1.0984676067832448E-4	1.0618849606551459E-4	0.4573640543339836	0.009400645842567671	5.907299821076447E-4	0.010041394915088302	1.377936809959468E-4	0.02465616407817222	0.04048384736450646	0.07071592458512942	0.06144502131912497	1.4705635877070033E-4	0.30836186964162654	0.015534240802933015	1.3269829929322193E-4
15	15	2.2050210207903305E-4	2.990450160086354E-4	2.1899500681875488E-5	2.687473155034979E-4	0.22270911545660393	1.9436350413951155E-4	1.8789054922646232E-4	0.28368257429448185	0.03288861180364326	0.006463592364235518	0.012348951935723251	0.049008974297886185	2.7995158721759423E-4	0.006612142402059806	0.09803341639902863	3.541567416066997E-4	0.01651525616863987	0.2692813907117365	3.946206985877462E-4	2.3479715091019184E-4
16	16	2.1024926285259467E-4	2.851401124195291E-4	2.0881224404626804E-5	2.5625118511555866E-4	0.005697238274526525	1.853260494366292E-4	1.7915407199915834E-4	0.4823148161628034	3.609046637283006E-4	0.016495871071754074	0.0066083437266847645	2.324762093903875E-4	2.6693448403415404E-4	0.30079008714505073	4.79701004857337E-4	0.01583692053912895	2.481035749002953E-4	0.1585986290196892	0.005542682169259086	0.005390290047964713
17	17	2.1355926732658168E-4	2.896291414654169E-4	2.1209962518919737E-5	0.18917915793633464	0.157971578574268	0.07365669410914562	1.8197453744005722E-4	0.012363085991093585	3.665864722417553E-4	0.07448078056883421	0.1851357600731396	2.361361380043452E-4	2.7113689751435694E-4	0.19532282184826616	4.8725305260633226E-4	3.430055928863096E-4	0.015995248906159568	0.09287478123300265	3.821954823455462E-4	2.2740421540642252E-4
18	18	1.3722585750039815E-4	0.23959965447171586	1.3628794154641632E-5	1.6725047277635127E-4	3.464616527587979E-4	1.2095893087117557E-4	1.1693059381620172E-4	0.0888726183655389	0.006979599514688257	0.004022510426668556	0.1594261487678224	1.517329799363163E-4	1.7422326704514805E-4	0.017603045352104083	0.007057135718897311	2.2040362471967333E-4	1.619326762561685E-4	0.4306005471146081	2.4558570299570314E-4	0.0439824057151259
19	19	3.1410972845926093E-4	4.259957065710878E-4	3.119628406132733E-5	3.828360160788959E-4	7.930500683466089E-4	0.10061804500237746	2.6765390824452085E-4	0.4272672506148091	0.008257738540775635	0.04780027654796653	0.025309884712858877	3.473165042963752E-4	3.987967289814748E-4	0.0017005797569843496	0.008435218765665446	0.03137870970756381	3.7066358989492135E-4	0.34500405928985034	5.621452099961059E-4	3.3447331621797434E-4
20	20	3.293629583067811E-4	4.466821413983628E-4	3.271118171671042E-5	4.014266078947036E-4	8.315607347701458E-4	2.903198568479721E-4	0.016467383094331763	0.02716040351070107	5.653700093855058E-4	0.5114433253346299	0.3017133792838571	3.641822616731223E-4	0.10563191946584606	0.0017831602425826694	7.514687087075238E-4	5.290022680965835E-4	3.8866308631455373E-4	0.013742788895776696	5.894430913378013E-4	0.01653744726582494
21	21	2.6330198064411855E-4	3.5709022396804144E-4	2.6150235531942042E-5	0.3238240904237786	0.10418579015670688	2.320898309918241E-4	2.243604631846407E-4	0.07347329644897914	4.519726323605915E-4	0.0012481243949528707	0.17002743285497376	2.9113750771169686E-4	3.342907242328114E-4	0.221407669822843	6.00745148792573E-4	4.228992406162565E-4	3.107081651075001E-4	0.10156726069008425	4.712173288220062E-4	2.8037172571756657E-4
22	22	0.027988359726357152	2.193973119751819E-4	1.6066783681368567E-5	1.9716910654117348E-4	4.084385137528265E-4	1.4259669304455015E-4	1.3784774612206227E-4	0.44664010173659885	2.776933502249436E-4	7.668513974435144E-4	0.009059929827856299	1.7887576393807043E-4	2.053892304861294E-4	0.012801516388697093	0.036146139026279146	2.5983057053910317E-4	0.03596793942762647	0.42812407881401904	2.8951734984748875E-4	1.7226123496951937E-4
23	23	1.5618567113892082E-4	2.118190533590348E-4	1.5511816800639984E-5	1.9035863804895832E-4	0.038773503348916744	1.3767122423196423E-4	1.3308631189863776E-4	0.0013658563318600413	2.681014732550608E-4	0.016092032513063483	0.3196182882718819	1.7269717046725837E-4	1.982948285922201E-4	8.455840956365406E-4	3.56350468834632E-4	2.5085569640687533E-4	1.84306108054875E-4	0.32506403813520884	2.7951705708522377E-4	0.2956859417852582
24	24	1.4201462151555645E-4	0.0036822953644090567	1.4104397515455451E-5	1.7308700431740778E-4	0.10155970979743967	1.2518002874601467E-4	1.2101111501051448E-4	0.09895339195290333	0.08399645829666917	6.73188682895402E-4	0.1510308548869636	1.5702799829121823E-4	0.0036699982205830894	0.02868642324014119	0.04569005425787955	2.2809503919573126E-4	1.6758363291301842E-4	0.4665653638329921	0.014212936266171448	1.5122136344754845E-4
25	25	1.1914645714137448E-4	1.6158646038868079E-4	1.1833211088733132E-5	1.4521535262743273E-4	3.00815598557554E-4	0.32801420460637404	1.0152507871628437E-4	0.015680748172752005	0.017771084900123	0.053264477194593686	0.041805778997681994	0.07039799554620271	1.5126948665607532E-4	0.003572815559995492	0.05297153240390825	1.9136561800235026E-4	0.02063492204173231	0.3885080615641416	0.006068751082714804	1.2687066660167727E-4
26	26	1.3676468400269261E-4	1.8548030486503978E-4	1.3582992009300425E-5	1.666883958695048E-4	0.07764115568128502	1.2055242546290423E-4	1.1653762639795222E-4	0.2868546252791172	2.3476425848163176E-4	6.483025234151204E-4	0.07151244012175136	1.5122305250464175E-4	1.7363775674185362E-4	0.23262801464460245	0.017115487361184383	0.006941041906013737	1.6138847081222245E-4	0.21070861522269096	0.09434406621786721	1.456310749248787E-4
27	27	0.0036317097142530164	0.052538026662733495	1.4104397515455451E-5	1.7308700431740778E-4	3.585521080533388E-4	1.2518002874601467E-4	0.017569486578697814	0.4130259502992747	2.4377607097014024E-4	6.73188682895402E-4	9.73965899252824E-4	1.5702799829121823E-4	0.04205664424069515	0.011237947776453889	3.2401805229257237E-4	2.2809503919573126E-4	1.6758363291301842E-4	0.45260658346204224	2.54155895221609E-4	0.0036409164561850087
28	28	9.792443582613368E-4	0.07351634157710056	9.725513856453169E-5	0.001193500152712167	0.07466064205676722	8.631634940709192E-4	8.344172620843799E-4	0.3935677849565347	0.0738692180077653	0.0046418897768107014	0.0789041521728175	0.0010827672515319297	0.001243258045090551	0.07748988689395295	0.0022342266331187013	0.0015728012925440296	0.0011555523319761543	0.20929866956284285	0.0017525007204089713	0.0010427283150445028
29	29	0.0015922781590502228	0.0021594481098992273	1.5813952021807734E-4	0.0019406639517033828	0.0040201120450981745	0.0014035274931160826	0.0013567853322233444	0.40519172711980167	0.04185994743340029	0.0075478399706661	0.010920175771268047	0.0017606092201646552	0.0020215716481389724	0.04774725425318664	0.0036329137260485587	0.0025574179983945036	0.0018789597553689876	0.41857879690985667	0.002849614192091446	0.04082221739030497
30	30	5.385985757114683E-4	0.278662680987384	5.349173438638174E-5	6.564423649103533E-4	0.0013598293799256343	4.747524196495409E-4	4.589415758347128E-4	0.04441469290237178	9.245346937932929E-4	0.002553106588062312	0.24192145004905855	5.955376659382117E-4	6.838099261725749E-4	0.0029159550055588897	0.0012288569980131723	8.650634837921607E-4	6.355705140517384E-4	0.419519268693226	9.639007710205172E-4	5.735156711386512E-4
31	31	8.932665151634437E-4	0.0012114483118681814	8.871611868310838E-5	0.001088710609630814	0.002255278989214701	7.873775731871626E-4	7.611552659008712E-4	0.3151123614821198	0.2429838713249251	0.048134427179484233	0.006126208100468709	9.87700078483275E-4	0.0011340997494831315	0.2023865485678085	0.0020380611047836903	0.0014347090363939813	0.0010540946148579764	0.16897215798930734	0.001598630819911617	9.511765683244048E-4
32	32	0.0011131746490730349	0.0015096877880698733	1.1055662851542253E-4	0.0013567339984709062	0.0028104931224490217	9.812175188949333E-4	9.485396929428862E-4	0.22856523371155626	0.08397223853205862	0.005276756490597978	0.08969579570653054	0.001230856266960654	0.0014132972290064037	0.3889799458348946	0.05724740745250217	0.00178791178332433	0.0013135960914975131	0.12850902773251222	0.001992188525758006	0.001185341244384691
33	33	2.0599229979367787E-4	2.793668178608874E-4	2.0458437662312424E-5	2.510628110207331E-4	0.2991665735971432	0.07104684336428142	0.03054635655101632	0.011925029279847982	3.5359734763863943E-4	0.01616187554271222	0.0216599580635263	2.2776921245720098E-4	2.615298028368597E-4	0.001115235547915268	0.13713872272221603	3.308520009702726E-4	2.4308016726116253E-4	0.40847769645956805	3.686532893874264E-4	2.1934668488401995E-4
34	34	2.2050210207903305E-4	2.990450160086354E-4	2.1899500681875488E-5	2.687473155034979E-4	0.011393416279184892	1.9436350413951155E-4	1.8789054922646232E-4	0.2945192768164008	3.785042378864861E-4	0.04981040245191122	0.09904257211107464	2.4381294925102884E-4	2.7995158721759423E-4	0.1366525726650869	0.011339796223677234	0.011190859263525624	0.17906579399742373	0.20426117558022294	3.946206985877462E-4	2.3479715091019184E-4
35	35	1.698771332312025E-4	2.303874182950774E-4	1.68716051228317E-5	0.004381400419604639	4.288981203490615E-4	1.4973968309906087E-4	1.4475285071154236E-4	0.24777251467005165	2.9160363661735544E-4	0.1719538060897033	0.0011650528168460164	1.8783605449967177E-4	2.1567764040183253E-4	9.197092218841748E-4	3.87588666935894E-4	0.33422121948606776	2.004626483662126E-4	0.23667769172230407	3.0401992705608375E-4	1.8089018885262653E-4
36	36	0.1469857627125787	3.3744085018693756E-4	2.4711283362596124E-5	3.0325308155725543E-4	6.281929258341757E-4	2.1931877333229062E-4	2.1201472446956697E-4	0.13057072421706267	4.2710222539902334E-4	0.019521563317745134	0.2401539570018797	0.23260862029895518	3.158959238403081E-4	0.001347067752458051	0.06170808386590334	3.99628636458363E-4	2.9361102700834954E-4	0.16323281953429475	4.4528795634222193E-4	2.6494389133145733E-4
37	37	3.293629583067811E-4	4.466821413983628E-4	3.271118171671042E-5	4.014266078947036E-4	8.315607347701458E-4	2.903198568479721E-4	2.806512343765901E-4	0.010973671650745899	5.653700093855058E-4	0.5761902527744506	0.1155659628943726	3.641822616731223E-4	4.181623761374258E-4	0.0017831602425826694	7.514687087075238E-4	5.290022680965835E-4	3.8866308631455373E-4	0.18370347342530602	0.10580320018104644	3.5071540586976535E-4
38	38	0.013362288302915061	2.4253662500733057E-4	1.7761309168832427E-5	2.1796406357802803E-4	4.5151555302476296E-4	1.5763602733721602E-4	1.5238622027007452E-4	0.054297741664462926	3.069810078537113E-4	0.005242213692000024	0.10669411370015205	1.9774136561005425E-4	2.2705114445792994E-4	9.682089947212712E-4	4.0802769467785055E-4	2.8723428325052507E-4	2.1103380789875065E-4	0.2974979358318671	3.200520566132533E-4	0.5187395766551333
39	39	1.3862822974418433E-4	0.1057889498914193	1.3768072880873597E-5	1.6895967995533346E-4	3.500022989184607E-4	1.2219506413630233E-4	1.1812555970822975E-4	0.0931873292998255	0.0036444451472840054	0.29020810691945337	9.507413180679527E-4	0.006966247622758595	0.0035824857402306947	0.010969974708109483	0.058226485855137254	0.12285600831249432	1.6358753850064745E-4	0.3021482478550728	2.480954528316689E-4	1.476154334709766E-4
40	40	1.3769015169535058E-4	0.14905769130711685	1.3674906236762768E-5	1.6781635317985236E-4	3.4763388179113655E-4	1.2136818704529694E-4	1.1732622039059601E-4	0.44105011753481166	2.3635287573468868E-4	6.526894968861191E-4	9.443077831216823E-4	1.5224635797636286E-4	1.7481273941564844E-4	0.0887146511640263	3.141514183263816E-4	0.013754872607198447	1.6248056426305255E-4	0.25950248268358983	0.04423101722693597	1.4661654025807376E-4
41	41	1.0059231398631064E-4	1.3642332595813528E-4	9.990478222040102E-6	1.2260161735064263E-4	2.539709351674338E-4	8.866797391742611E-5	0.005029382111679253	0.2950278790616959	1.726723545201388E-4	0.03755433854432125	0.008105383690220309	1.1122664370880842E-4	1.2771296825217894E-4	0.35154496601785223	0.022476011497661222	0.07678840481679625	0.0050623705271958105	0.19700026682508698	1.800246294414369E-4	1.07113666966239E-4
42	42	4.647825464543755E-4	6.303382268671775E-4	4.6160583491186905E-5	5.664756048798253E-4	0.001173462000174118	4.096866358189136E-4	3.960427002772331E-4	0.14111659302027132	7.978253353140333E-4	0.4933063129653594	0.08313459435149892	5.139180186628248E-4	5.900923862589793E-4	0.0025163174466990806	0.0010604396493443609	7.465047754916533E-4	5.484642835938963E-4	0.2706552790748788	8.317962116636778E-4	4.949141830001996E-4
43	43	6.742587277582104E-5	9.144298858617956E-5	6.696502812934173E-6	8.217845604704245E-5	0.07141442399810248	0.566699271436251	5.7453802700628406E-5	0.00224648634567354	1.1574029611607063E-4	0.0367701332471609	0.00874662886329319	7.455394185496407E-5	8.560453585316429E-5	0.0020218830939629806	1.5383768049936428E-4	1.0829523699376689E-4	7.956555875385915E-5	0.2430554057081235	0.06805117537365718	7.179706078140475E-5
44	44	4.2146098331185964E-4	5.715855101296773E-4	4.1858036746125055E-5	5.13675410740209E-4	0.001064085672418927	3.715004655384937E-4	3.591282572154671E-4	0.0243986526260517	0.03179287477673907	0.5301778686459307	0.05467282290351564	4.6601662463368454E-4	5.350909134923042E-4	0.04370766037520543	0.01131806904824693	6.769243792087952E-4	0.02121028511752179	0.2764973901995792	7.542659507272748E-4	4.4878410304661755E-4
45	45	2.5346247084298475E-4	3.4374587786769207E-4	0.3238957014470998	3.0891931631346045E-4	6.399306089986309E-4	2.2341670912163906E-4	2.159761852878633E-4	0.008444829209443026	4.350825613665295E-4	0.3811265253649085	0.007966577891498124	0.05633477233051619	3.2179838805869557E-4	0.001372237495428988	5.782954970084585E-4	4.0709563286231437E-4	2.990971015355944E-4	0.09154344563648366	4.5360808974957006E-4	0.12483548218560842
46	46	1.7276180949466044E-4	0.025705734841387586	1.7158101120842386E-5	2.105615868758266E-4	4.361812208092558E-4	1.5228240619143664E-4	1.472108926184961E-4	0.02273701202328067	0.20406803713970975	8.189388793012207E-4	0.3365587336482549	1.91025690429655E-4	2.1934005309971473E-4	9.353267644644456E-4	0.13624182482290595	2.7747925733050973E-4	2.038666959413792E-4	0.27041337981313707	3.0918247630868566E-4	1.839618773380062E-4
47	47	0.28130596432704796	0.038676986549266684	2.5816170996726756E-5	3.168120932406299E-4	6.562806048680016E-4	0.12797731855334515	2.2149429879530233E-4	0.059759868996051804	4.461987636252548E-4	0.001232179831265041	0.12953090502512446	2.8741827864094355E-4	3.30020220616077E-4	0.0014072976676829264	0.09001680627764781	4.174967792087176E-4	3.067389244237041E-4	0.2599549993166191	0.006852607293966693	2.7679002756708757E-4
48	48	4.055114359470297E-5	0.049877726856902296	4.0273983260473905E-6	4.942361491759016E-5	0.1605315767538922	0.008007381181204067	3.4553759669098256E-5	0.17473418287583817	0.0030589721976849896	0.017131952334953536	2.781082019263692E-4	4.4838093705713544E-5	5.148412149266826E-5	0.22641474304328446	0.09375925577491308	6.513072097053258E-5	4.785217106418434E-5	0.23087657554072996	0.03494848415953665	4.318005539363829E-5
49	49	0.03511260877650652	3.844519371943157E-4	2.815397351578716E-5	3.4550124740453177E-4	0.02161318949479624	0.007215699807212732	2.415518793616392E-4	0.01641068414223562	4.866046237249968E-4	0.16155776578842043	0.2805771983213399	3.1344565411486636E-4	3.5990544655430606E-4	0.31499692024448284	0.014578429307297356	4.55303509814023E-4	3.345158953115455E-4	0.09541810693938432	0.04230228175317426	0.007267681258153784
50	50	6.353121008411658E-5	0.00633071670361914	6.309698481054894E-6	7.743165257751341E-5	0.04543342925091886	0.0063005557978510094	5.4135148115041366E-5	0.0786125312943894	1.0905488894738904E-4	3.011555513288652E-4	4.357102916576698E-4	7.024754664036395E-5	8.06598346827917E-5	0.012833067200982946	1.4495168688662637E-4	0.28891273904222226	7.496968182315077E-5	0.558416316321282	1.1369837416122691E-4	0.001628788823348509
51	51	2.757927573592741E-4	3.740302190407649E-4	2.739077596494281E-5	3.3613540404728965E-4	0.05491228330623903	2.4309993524430733E-4	2.3500389413222644E-4	0.11084377837383158	0.1156823589215264	0.17073225350709814	0.001891444261599621	3.0494877336696306E-4	0.013904142683724524	0.24546501682217636	6.292438843430021E-4	4.4296114814397144E-4	0.217189344632692	0.06572352702874053	4.935713970452267E-4	2.936722736838744E-4
52	52	3.819087173267326E-4	5.179447153110378E-4	3.792984346477233E-5	4.654692249244687E-4	9.642258960387872E-4	3.3663677516527487E-4	3.254256443649419E-4	0.0033398226351333696	6.555677548241642E-4	0.0018103532133505905	0.21846412855923075	0.41334299743950603	4.8487497660921694E-4	0.0020676412567270526	8.713561844630716E-4	6.133979932361418E-4	4.506694423979017E-4	0.24116476034885562	6.834813972621797E-4	0.11302140798180783
53	53	0.2938837044084176	1.0461626490394453E-4	7.661200962911358E-6	9.401708386982786E-5	0.030523177311166886	0.07588904413490598	6.573059712941546E-5	0.006361167607189999	1.324138423923936E-4	0.07050013179731052	0.02896193042693159	8.529418221476417E-5	0.017157672766540556	4.1762933194556027E-4	1.7599953571248726E-4	1.2389624810324354E-4	9.10277726102462E-5	0.43350311641524647	0.04183962892757319	8.214014487237853E-5
54	54	4.544030691226835E-4	6.162615766422985E-4	4.512972995845537E-5	0.02288572509074778	0.0011472563641765432	4.0053755485187047E-4	3.871983143138003E-4	0.04863759153227777	7.800083797383263E-4	0.0021539965416365182	0.0031163910386004696	5.02441252881168E-4	5.769145021204655E-4	0.828740421906275	0.0010367580171790323	7.298339055239144E-4	0.011702166015283361	0.07478988277781932	8.132206218756952E-4	4.838618089754626E-4
55	55	2.2170336880696724E-4	3.006741743000923E-4	2.2018806308803618E-5	2.702114158693995E-4	5.597466612940081E-4	0.049226249966352165	1.8891415246267152E-4	0.08910472962405716	3.805662796678028E-4	0.18083063662290413	0.07234279447795831	2.4514121043771715E-4	2.8147672699624506E-4	0.1156055591484349	0.30013866979447235	3.5608614139996436E-4	2.616199344632726E-4	0.1508952665282947	0.03853185867031741	2.3607629520198213E-4
56	56	2.2414560087647575E-4	3.0398633015455757E-4	2.2261360290680532E-5	0.08289142073203384	0.17131026034243446	1.97575097983389E-4	1.909951862512472E-4	0.0019601714163868427	3.84758508129552E-4	0.0010625122978221244	0.23286828893506814	2.4784162824783353E-4	2.8457740829481863E-4	0.01773716347014159	0.03906658191867585	3.600087024269541E-4	0.082882734608893	0.31228607650772994	0.05547996309211684	2.3867685604188094E-4
57	57	0.028280590084153304	9.159474657562346E-5	0.01162384680355868	0.006720680088577544	0.04995825569364874	5.953175927431146E-5	5.754915253245871E-5	0.002250214594896401	1.1593237770600753E-4	3.2014776652298664E-4	0.15812436281484052	0.04820282573255028	8.574660439717421E-5	3.656472811108573E-4	1.540929881774515E-4	1.0847496282826359E-4	7.969760506393886E-5	0.2434587783478855	0.00841882526420169	0.4415232053314982
58	58	2.3049324917762695E-4	3.1259501265661635E-4	2.2891786608564534E-5	2.809244962932995E-4	0.006245800548444348	2.0317028803021567E-4	1.9640403775132153E-4	0.0416627132712105	3.956546028150237E-4	0.0010926019108051588	0.0015807707848054329	2.548603316457596E-4	0.011620359631221574	0.11452511476006332	5.25889326522201E-4	0.05134495824421342	2.7199238815618073E-4	0.4683902035224125	0.3005971657877337	2.4543601943323955E-4
59	59	2.5346247084298475E-4	3.4374587786769207E-4	2.5173009693423653E-5	3.0891931631346045E-4	0.03178132757413386	0.2929525481813927	0.0064442555783149075	0.01467310860247007	4.350825613665295E-4	0.0012014823902587548	0.19481495968230947	0.16221552201197595	3.2179838805869557E-4	0.23181857503742964	5.782954970084585E-4	4.0709563286231437E-4	2.990971015355944E-4	0.060402048671348435	4.5360808974957006E-4	2.6989432506752164E-4
60	60	2.2170336880696724E-4	3.006741743000923E-4	2.2018806308803618E-5	2.702114158693995E-4	5.597466612940081E-4	1.9542237119087329E-4	1.8891415246267152E-4	0.2797801702719066	3.805662796678028E-4	0.12635193929494715	0.0015204879516142282	2.4514121043771715E-4	0.005729346459791944	0.21911508407155317	5.058344907088767E-4	0.19103152678924942	0.09287540539199016	0.08007296000195062	3.9677054074751703E-4	2.3607629520198213E-4
61	61	0.0010835358226438	0.0014694916029068363	1.0761300351830402E-4	0.0013206102837197604	0.0027356623509198724	0.02758058745438509	9.232843537705606E-4	0.009475608443228149	0.0018599500726097422	0.2447657182769432	0.0340566100401812	0.001198084109162988	0.0013756674902243348	0.5650016294662609	0.08234866221023	0.0017403077464727354	0.001278620944887377	0.01858542986187371	0.0019391455194530888	0.0011537809466084289
62	62	1.6438744136578902E-4	2.2294229656473382E-4	1.632638804954131E-5	2.0035493155393956E-4	0.09332256364426694	0.07689459584860284	1.4007506664530758E-4	0.11858185294815565	2.8218027232214697E-4	0.03713436078507346	0.03748252209755285	0.16983898676079598	2.087078748686805E-4	0.07360022567575246	3.7506348293064846E-4	0.05681643578639405	1.9398456535925788E-4	0.16035851581926353	0.17399087371166813	1.750446028141227E-4
63	63	5.115190279251442E-4	6.937222568507278E-4	5.0802288029090635E-5	0.013192886181666107	0.0012914601596277506	4.508829156918106E-4	4.358670062120022E-4	0.24329279280253702	8.780511296887676E-4	0.4423554321801349	0.11663313881052415	5.65595346350703E-4	0.05092722263294599	0.015338795513123898	0.013736521070243566	8.21570000883095E-4	6.036154312071399E-4	0.03391276525907622	9.154379674276093E-4	0.06339192201985419
64	64	0.0397466253250012	0.013612011457970473	0.03390031569980108	4.803552354542465E-5	0.02237428431876016	0.3409356916209017	3.358329695097188E-5	0.015840161023891856	6.7653324078702E-5	1.868249494250637E-4	0.07677931770201275	4.357878940106022E-5	5.0038159578173434E-5	0.0011818451895781283	8.992227256704071E-5	6.330148626172259E-5	4.6508214619388914E-5	0.18565352628656587	0.022345312029596637	0.2470014633294927
65	65	0.0010033886622010009	0.0013607960002269444	9.965306672759548E-5	0.0012229271595629203	0.05184542283489403	8.844457016983118E-4	8.549907010001146E-4	0.00877471504005526	0.0017223729720009938	0.3992532398164939	0.056193561174889224	0.0011094640217469945	0.0012739118853326284	0.005432313273760755	0.0022893138505685807	0.0016115803696186252	0.17377643715841395	0.041866755860870734	0.026451766685704613	0.22297294376423285
66	66	5.767656635806011E-4	7.822097634101995E-4	5.7282356602380794E-5	7.02960299699651E-4	0.0014561919211040827	5.083951326717795E-4	4.914638739647128E-4	0.20346222229032113	0.029335530627705015	0.05942498913682229	0.0039555792367893415	0.12819239959986192	7.322672276118482E-4	0.24405917023668938	0.0013159383516164786	9.263650829556181E-4	0.2557899292551615	0.06658397648379911	0.0010322063460511746	6.141571135816774E-4
67	67	1.617735320478307E-4	2.193973119751819E-4	1.6066783681368567E-5	1.9716910654117348E-4	0.06003683750155851	1.4259669304455015E-4	1.3784774612206227E-4	0.029241308821959067	2.776933502249436E-4	0.012692531195004651	0.23564784598151792	0.27446951110784423	2.053892304861294E-4	0.08038036857487686	0.024220459228718003	2.5983057053910317E-4	1.9090003494306643E-4	0.23731320205304085	0.044017009940904996	1.7226123496951937E-4
68	68	2.1134113791032108E-4	2.8662091369551965E-4	2.098966563192464E-5	2.5758195923454656E-4	5.335845683173991E-4	1.862884922446627E-4	1.8008446224192058E-4	0.12129273459514676	0.026328983111929376	0.6397704385037585	0.08973451583395137	2.3368351433454852E-4	2.6832073909735635E-4	0.001144193981864981	4.82192207705155E-4	0.015919165481599894	2.4939203651719197E-4	0.10229662069315541	3.782258159725288E-4	2.2504228569066224E-4
69	69	0.016747792147052222	3.0398633015455757E-4	2.2261360290680532E-5	2.7318800115511127E-4	5.659126986184242E-4	1.97575097983389E-4	1.909951862512472E-4	0.3544646310681361	0.27577886761105863	0.05063345193634937	0.00153723728860769	2.4784162824783353E-4	2.8457740829481863E-4	0.10035539620102031	5.114066442657688E-4	0.005867890884485536	2.6450187801427575E-4	0.18560478632038255	4.0114127153101505E-4	0.005746559038100464
70	70	1.887910749496773E-4	2.5603851164365875E-4	1.8750071929521057E-5	0.9419720538512895	0.0051157741221019145	1.664115422551955E-4	1.6086948118360827E-4	0.010929239096819737	3.240704794641178E-4	8.949220420508503E-4	0.0012947685746860069	2.0874952366329251E-4	2.3969096251850896E-4	0.0010221086813628443	4.307423823167016E-4	3.0322446506491436E-4	2.2278194923862238E-4	0.03571211368818757	3.3786918664870764E-4	2.0103031262517704E-4
71	71	7.418618452503902E-5	0.10583236877924009	7.3679134270090725E-6	9.041790418580849E-5	0.01294803127894878	6.539206042516028E-5	6.321428604988646E-5	0.017055416205142886	0.07486875950264603	3.516630845224317E-4	0.01509247501234114	8.20289342921901E-5	0.2407250837669037	0.0040475642381502955	0.09314028999437252	1.1915322863545375E-4	8.75430303019871E-5	0.4351372819492483	1.3276700624077208E-4	7.899564040044234E-5
72	72	0.02019617484603972	3.6657733871434453E-4	2.6844990718397635E-5	3.2943761116236667E-4	0.013966352872999167	2.38255955714036E-4	2.3032123532540057E-4	0.2281903838324407	4.639805674357823E-4	0.37987295688622774	0.2210384080901152	0.04015062740422337	3.4317210559402526E-4	0.0014633809495513803	6.167056477850912E-4	4.341347585681843E-4	3.189630088896473E-4	0.09098176474871306	4.8373655384951884E-4	2.8782059593289796E-4
73	73	0.040624162043592094	0.004701354817391481	4.68574613885925E-6	5.750275836158736E-5	0.4754494796753822	0.15307477685172174	4.020216845832856E-5	0.022440096867959464	8.098699586727633E-5	0.0013829882883559393	0.00380159682913226	5.216765451197743E-5	0.009334638859517455	0.03387635862148685	0.004745014275900603	7.577746217328122E-5	5.567443487023877E-5	0.18746337500719973	0.06268892206077652	5.02385812021337E-5
74	74	0.008941786705031842	0.016364533265249327	5.982799160519822E-6	0.05928373322716287	1.5209052699440015E-4	5.309882751637122E-5	5.133045892283865E-5	0.3261835240076487	0.02082701449310837	0.0017658108069420525	4.131365666657875E-4	0.06075717915356666	7.648092736551724E-5	0.11134547317853358	1.3744188145045142E-4	0.12739892673698364	7.10855757723936E-5	0.2659994180564112	1.0780777235658512E-4	6.414503315687644E-5
75	75	2.049548582723932E-4	2.779598393631069E-4	2.0355402584240305E-5	2.4979838033636166E-4	0.0810984551021156	0.3678314458555712	1.746426928557314E-4	0.09244596543450297	0.005388128666300307	9.715428567916327E-4	0.0014056231725522715	2.2662209560618237E-4	2.6021265711448024E-4	0.036363803890527284	0.03068549425654172	3.2918572701949643E-4	2.418559396625089E-4	0.38123891454942294	3.6679663634868774E-4	2.1824198651091206E-4
76	76	1.5618567113892082E-4	2.118190533590348E-4	1.5511816800639984E-5	1.9035863804895832E-4	3.943305346798477E-4	1.3767122423196423E-4	1.3308631189863776E-4	0.3928334190370764	0.01945768788037351	7.403633873687231E-4	0.17761534885920532	0.19590647852307547	1.982948285922201E-4	8.455840956365406E-4	0.01954593687595308	2.5085569640687533E-4	1.84306108054875E-4	0.19073693328537975	2.7951705708522377E-4	1.6631111563403922E-4
77	77	0.1005320746078943	3.459002412120763E-4	2.5330776848880905E-5	3.1085541066189687E-4	6.439412550477648E-4	0.32612514365832307	2.1732977585229535E-4	0.008497755605568168	4.378093603838828E-4	0.001209012457634553	0.3088475777609511	2.82014256857313E-4	3.2381519959347253E-4	0.05778666351825493	5.819198564588343E-4	4.0964702901152155E-4	3.00971636980083E-4	0.19239420076085312	4.5645099406986213E-4	2.7158583754292826E-4
78	78	1.780529510726928E-4	0.03961879117203713	1.7683598871219786E-5	2.17010414717547E-4	4.495400563049682E-4	1.569463291577403E-4	1.5171949134729708E-4	0.3909549872351641	3.0563788695789346E-4	8.440203574752024E-4	0.023097410785098745	1.9687619625649938E-4	0.1446095486635671	9.6397283124842E-4	0.026657786273307164	0.03528803596572821	2.1011048069002674E-4	0.3355736215233159	3.186517465159212E-4	1.8959604116624567E-4
79	79	2.5034404552318657E-4	0.006491167659355838	2.486329855337828E-5	3.051185886768889E-4	0.08060352023023933	2.206679458815675E-4	2.1331896505942042E-4	0.3835916403660343	0.061946239517512096	0.01349000217124276	0.0017169116871101281	0.012580111678666442	3.17839205313199E-4	0.0013553544431321725	0.012874482534531136	0.0065537380031842965	2.954172195735636E-4	0.32417989663185964	0.09272279207486758	2.665737336830804E-4
80	80	2.4881343212691164E-4	3.3744085018693756E-4	2.4711283362596124E-5	3.0325308155725543E-4	0.006742232479186334	2.1931877333229062E-4	2.1201472446956697E-4	0.5035271369715443	4.2710222539902334E-4	0.007293484211040818	0.0017064144211455241	0.006389156824925332	3.158959238403081E-4	0.001347067752458051	0.05559404431255118	3.99628636458363E-4	2.9361102700834954E-4	0.39556632256167673	4.4528795634222193E-4	0.018607062551387932
81	81	1.7499043830169645E-4	2.373220841429106E-4	1.7379440770755744E-5	0.808613809077703	4.418079622553373E-4	1.5424685052225088E-4	1.4910991438122663E-4	0.14773040161843054	3.0038091184756945E-4	8.295031977866027E-4	0.0012001209296782723	1.9348992345558097E-4	2.2216954164411403E-4	0.005247395313424086	3.992550934773167E-4	2.8105874210235016E-4	2.0649657804726356E-4	0.03310155646203994	3.1317093287410244E-4	1.8633498711516779E-4
82	82	1.742412006465509E-4	2.3630596781356618E-4	1.730502909673975E-5	0.8479675743694438	4.39916320832655E-4	1.535864284459336E-4	1.4847148656943194E-4	0.09143718473071115	2.9909480334800023E-4	8.259516035573576E-4	0.0011949825015448849	1.926614785533846E-4	2.2121830231903037E-4	9.433361395892055E-4	3.975456460758185E-4	2.7985536324957037E-4	0.004487204412164152	0.05008619697658459	3.1183006272323283E-4	1.8553717673093953E-4
83	83	5.5101190098828544E-5	0.004136697728647173	5.472458261232093E-6	0.031208923169620074	1.391169983438541E-4	0.013588467686532414	0.0014009417271329894	0.13994281645594142	9.45842863553301E-5	0.007031144049759688	0.0382896105873252	6.092632922121433E-5	6.995700032018979E-5	0.25755638299627637	1.2571790217297783E-4	8.85000993643953E-5	0.27357096675512194	0.23247738758199316	9.861162285891654E-5	5.8673374652585755E-5
84	84	2.0916861195560511E-4	2.836745333536472E-4	2.0773897921875135E-5	2.549340909707677E-4	5.280994728212381E-4	0.025883652592318562	1.7823324589980144E-4	0.2177031408096777	3.59049665792545E-4	0.006131373036023984	0.0014345219743200166	2.3128131519291017E-4	2.655624792732565E-4	0.11420926000271873	0.11869391923431143	3.359535957169326E-4	2.468283582972754E-4	0.5124335064038953	3.7433776365072943E-4	2.2272891588767088E-4
85	85	0.0015922781590502228	0.0021594481098992273	1.5813952021807734E-4	0.0019406639517033828	0.0040201120450981745	0.0014035274931160826	0.0013567853322233444	0.0530513139179305	0.3157469354793001	0.2814348280165659	0.010920175771268047	0.0017606092201646552	0.0020215716481389724	0.008620541675200957	0.0036329137260485587	0.0025574179983945036	0.08013238491134037	0.22294523401992827	0.002849614192091446	0.0016955048123192798
86	86	3.0470228720617416E-4	0.21006000343060824	3.0261969765934185E-5	3.7137025426217744E-4	7.692985851775838E-4	2.6858249287568684E-4	2.5963779734493125E-4	0.002664646156577418	5.230385829152088E-4	0.0014443733272708936	0.3764589370241014	3.369145354480293E-4	3.868529511869485E-4	0.0016496481789065511	0.008182587860585965	4.893938342518346E-4	3.595623866189235E-4	0.3945704231293171	5.453092206598877E-4	3.2445599491920466E-4
87	87	2.3313412804572547E-4	0.1664500816836047	2.3154069498511518E-5	0.034656675283489875	5.886065264118966E-4	2.0549811377868694E-4	1.9865433911484204E-4	0.053597574951450594	0.0061289431682883914	0.0813076952896948	0.04742892527201581	2.5778039662189775E-4	2.959893287438945E-4	0.5913239814237546	5.319147091064031E-4	3.7444551488402436E-4	0.011732619441111444	0.003998850702167606	4.172275529648896E-4	2.482481052513884E-4
88	88	5.115190279251442E-4	6.937222568507278E-4	5.0802288029090635E-5	0.10117902421307104	0.0012914601596277506	4.508829156918106E-4	4.358670062120022E-4	0.1427372064809314	8.780511296887676E-4	0.09041088005451517	0.09149424223012274	5.65595346350703E-4	0.1263439123741502	0.36728334763874365	0.001167072780042861	8.21570000883095E-4	6.036154312071399E-4	0.07162111012967834	9.154379674276093E-4	5.446805688506632E-4
89	89	3.4038231275981E-4	4.616265931643135E-4	3.380558561618635E-5	4.148569647933947E-4	8.593819036494901E-4	3.000329630934553E-4	2.9004086168979627E-4	0.4211837800422605	5.842853499646619E-4	0.0016135065415258446	0.01069855508971637	0.008740508734045903	0.008796294837920052	0.001842818665802397	7.766102732118575E-4	0.025639127419349823	4.016664195762105E-4	0.4575021111827458	0.05915815911916178	3.624491399523246E-4
90	90	1.5324496366717386E-4	0.007739142669238054	1.5219755978201035E-5	0.003952430414515186	3.8690596915334953E-4	1.3507911194156474E-4	0.23360124645648023	0.2310451496358229	2.630535837794234E-4	0.027086014933346596	0.06883279216642123	1.6944557987101918E-4	1.9456127813398855E-4	0.12886196387369672	3.4964100260369686E-4	0.007777444319459436	1.8083594113691556E-4	0.2888183943494847	2.742542318064559E-4	1.631797634631696E-4
91	91	0.21879923648733535	0.03202121010547154	1.6066783681368567E-5	0.008147622304915265	4.084385137528265E-4	1.4259669304455015E-4	1.3784774612206227E-4	0.009365175826023834	2.776933502249436E-4	7.668513974435144E-4	0.4026073631473739	1.7887576393807043E-4	2.053892304861294E-4	0.004851063190323001	3.690996335957299E-4	2.5983057053910317E-4	1.9090003494306643E-4	0.31681773403678176	0.004264743949034535	1.7226123496951937E-4
92	92	2.7958221286902E-4	3.791694797230499E-4	2.776713148598847E-5	0.007210868240348435	7.058765550237621E-4	2.464401839072929E-4	2.3823290134024027E-4	0.023055311851019906	4.799185649970644E-4	0.07002643980014343	0.20802086090907881	0.3987757658633176	3.5496026347375077E-4	0.09082513428866573	6.378898391074748E-4	4.490475355440976E-4	3.299195704670371E-4	0.07349669756816568	0.12416240984348799	2.9770739783371294E-4
93	93	0.02580957707100756	3.525284608606272E-4	2.5816170996726756E-5	0.057803499225849715	6.562806048680016E-4	2.291249253249603E-4	0.05132077175000337	0.002273181863442714	4.461987636252548E-4	0.12259296377788423	0.04010716948551034	2.8741827864094355E-4	3.30020220616077E-4	0.05889398480029202	0.03253011914503871	0.006804906460609727	3.067389244237041E-4	0.4451898800772483	4.6519761256568295E-4	0.15357462238119132
