0	0	0.10647746635357344	0.00592355075155664	0.005403423620695548	0.002351851235484647	0.0023130065789099884	0.0028378355234091567	0.04710153442420339	0.0036697356023051918	0.008065952682997654	4.913892385851683E-4	0.6119043633346207	0.005361778096129513	0.0058041052447336565	0.003433320336523767	5.914333652944368E-4	0.004018665335282454	0.0019248285377596384	0.1635900422429161	0.015057380289097706	0.003678337205921094
1	1	0.18173234581544492	5.473440528267314E-4	0.21364745273434393	2.1731421589279745E-4	2.137249174041082E-4	2.622198174347126E-4	0.575039278572997	3.3908850309764485E-4	7.453048714506941E-4	4.5405026249157805E-5	0.01528630144439744	4.954355042407477E-4	5.363071274185623E-4	0.007192990805926697	5.464923805238616E-5	3.7133007951181424E-4	1.7785674455090183E-4	0.001364445044676371	0.0013913221812478424	3.398833028354034E-4
2	2	0.05599022358810344	4.7260522719382936E-4	4.3110734675688305E-4	1.8764035864472358E-4	1.845411722756512E-4	2.264141827310349E-4	0.3896549399792988	2.9278659047750474E-4	6.435348594389998E-4	3.9205053266593205E-5	0.14974714930524952	4.2778469562673705E-4	4.6307537368923604E-4	2.739244088092953E-4	4.7186984918046865E-5	0.08343689953708201	1.5357073258096183E-4	0.04867314623474026	0.2683607915073463	2.9347286177011693E-4
3	3	0.5379060316455347	3.912972944424996E-4	3.5693879096912234E-4	1.5535834231428765E-4	1.5279234606326917E-4	1.874614414489498E-4	0.04243530632132904	2.424150096331977E-4	0.005448304618977499	3.246013879867705E-5	0.0010972361738819528	3.541877752740098E-4	3.834069756770422E-4	0.2951558836579417	3.906884323088133E-5	2.654645733477766E-4	1.2715012172270697E-4	0.10420062434285693	0.010825628373092793	2.4298321346295044E-4
4	4	0.0069015237713969885	0.0012749301686640266	0.0011629828251722525	5.061906647024479E-4	4.97830100804956E-4	6.107894190912474E-4	0.010137697767171714	7.898398826362457E-4	0.0017360409061858491	1.0576206587990198E-4	0.0035750298305145963	0.0011540194284046764	0.0012492218247083396	7.389560517518298E-4	1.2729463657759954E-4	8.649402847387669E-4	4.1428225657564243E-4	0.003178205996681806	0.0032408109927264408	0.9617336511256147
5	5	0.26993527986505456	6.83664475636646E-4	0.42144579589430037	2.7143806293218267E-4	2.6695482088999695E-4	3.2752776441473473E-4	0.18578856164012633	4.2354121227302884E-4	9.309290226107149E-4	5.671351191555796E-5	0.0019170625611795455	6.18827687026594E-4	6.698787155048823E-4	3.9625542955723427E-4	0.01724467483218322	0.009052020193394931	2.2215339213766042E-4	0.0017042710178107807	0.0790317085560805	0.009012741344970598
6	6	0.10503103629172751	0.03247025130608964	0.013248733961431745	2.0203375238770987E-4	1.9869683566033316E-4	2.4378181357858906E-4	0.3620138271095552	3.1524547251038506E-4	0.19246126142983663	4.221236881670497E-5	0.03978055917369933	4.60598923897518E-4	4.985966561805446E-4	2.949364229638408E-4	5.080657325381507E-5	0.006737498737669006	1.6535073576045797E-4	0.11632952163277059	0.1291390664163585	3.159843858518636E-4
7	7	0.15783341301759116	7.208071219076063E-4	0.0912054562427337	2.861849575204617E-4	2.8145814647731986E-4	3.453219431838543E-4	0.20493701872378414	4.4655168303645596E-4	9.815052462151393E-4	5.979468694648499E-5	0.5362540647885483	6.52447830680396E-4	7.062723984606526E-4	4.177834974582115E-4	7.196855394983891E-5	4.89011188681653E-4	2.3422271145453607E-4	0.0017968619565244639	0.0018322569358928296	4.475983689527603E-4
8	8	0.12898140957805537	3.165981031536122E-4	0.020174358513439468	1.2570022124960245E-4	0.1950021103938196	1.5167479463853233E-4	0.09001391554261459	1.9613765113091783E-4	4.3110381368687906E-4	2.6263453690386518E-5	8.877722803002936E-4	2.8657284219589063E-4	0.036104221747890484	0.059840181365837374	3.161054736380369E-5	0.0041918989870992985	1.0287698873694973E-4	0.45020288278692655	0.008759001038456577	0.004173709349713763
9	9	0.0766229218887288	3.712250334915188E-4	0.07961535124657734	1.4738897162827993E-4	0.023461637613883854	1.778452876332907E-4	0.1708319398957792	2.29979918972209E-4	5.054879548554467E-4	3.079504071155535E-5	0.029020971189792907	3.360191102923715E-4	3.6373946206138944E-4	2.1516392960391456E-4	3.706474039776438E-5	2.5184711607128537E-4	1.2062773973996576E-4	0.22476556416394672	0.17348709041322938	0.21940733928260278
10	10	0.15152590339519134	0.0010552274883267666	0.19979941678636323	4.1896122380423516E-4	4.120413963035724E-4	5.055349700286747E-4	0.23373914096091614	6.537305148311928E-4	0.3991105677669744	8.753658975349648E-5	0.002958961864319422	9.551527235345101E-4	0.001033949341579461	6.116152536346749E-4	1.053585544798937E-4	7.158892201711222E-4	3.428909565476464E-4	0.0026305208031730206	0.0026823373766266968	6.552628134405709E-4
11	11	0.14508714981156776	0.17320332934680827	0.02074950855391955	6.5107916441644E-5	6.403255307838856E-5	7.856175396875293E-5	0.3741625298409699	1.0159181641800418E-4	0.010523256249040236	1.3603466496269832E-5	0.10139944926199743	1.4843379334301282E-4	0.008400647783777545	9.504696989974465E-5	1.6373056912528463E-5	0.05367104831139913	5.328635319704704E-5	0.07868849442409748	0.03337671879613616	1.0182994053105968E-4
12	12	0.011210629475366038	0.002070958559484209	0.001889114631938948	8.222410258712661E-4	8.08660375110002E-4	9.921481243438533E-4	0.5627912897252418	0.0012829923597161245	0.002819973095505078	1.717967469796653E-4	0.005807171882734417	0.001874554757434357	0.15812174603011095	0.0012003381817074167	2.0677361292113393E-4	0.001404983214099858	6.729477475592253E-4	0.23930140408388081	0.005264276765911243	0.0012859996040836957
13	13	0.01427309777181994	2.5642749296800896E-4	2.3391145456717248E-4	1.0181044131183654E-4	1.0012887592674628E-4	1.2284845344359325E-4	0.5850848002424647	1.5886098386297737E-4	0.1324203187804714	2.1271989691105575E-5	0.003940295467159081	2.3210864103425903E-4	2.5125675785565057E-4	1.486266875014977E-4	2.5602848946677913E-5	0.029165193539976562	8.332484636875541E-5	0.08439166972696208	0.12305923159626832	0.02592921340139965
14	14	0.1403575557620196	5.750198935579224E-4	0.014971353082421921	2.283024665125162E-4	2.2453167915444645E-4	0.44090360328180717	0.19960443224497249	3.5623413454653383E-4	7.82990379883504E-4	4.77008806909435E-5	0.19664453317665967	5.204866471866359E-4	5.634248983430549E-4	3.332844736646078E-4	5.741251573962462E-5	3.901059702631525E-4	1.8684987220020708E-4	0.0014334366844830067	0.0014616728334475439	3.570691224453618E-4
15	15	0.3420586456669135	4.292793876400137E-4	3.915858039103004E-4	1.7043852590001825E-4	1.6762345583700342E-4	2.0565777973490402E-4	0.26765165933471274	2.6594553135960694E-4	5.845391343326706E-4	3.561095030329574E-5	0.3732942876713123	3.885677551025044E-4	4.2062317852222284E-4	0.011034045746813399	4.286114250253515E-5	2.912324493559641E-4	1.3949221516914353E-4	0.0010701278843209486	0.0010912074971701827	2.665688890867246E-4
16	16	0.014685355028269322	0.021342693283052584	7.452393164066635E-4	3.2436694400746105E-4	3.190094952224213E-4	3.913938188077419E-4	0.5606906251935049	5.061293438442422E-4	0.09347818642028856	6.777232472579352E-5	0.10491946945793733	0.08284236803812324	8.005012615281223E-4	4.735229884246444E-4	8.157039458538372E-5	5.54253676476978E-4	2.654720422411342E-4	0.0020365941896140207	0.11496816110730851	5.073156756310308E-4
17	17	0.08800371590582813	0.09568600316918283	8.599747060273811E-4	3.7430575813259936E-4	3.681234884340732E-4	4.5165194167835814E-4	0.26804031500277636	5.840518932669553E-4	0.19077022262246923	7.820640128580228E-5	0.002643577498301013	8.533466679056131E-4	0.09566699297826924	5.464255358012797E-4	9.412879132885695E-5	0.15459736386256534	0.09504959184893683	0.0023501437067964246	0.0023964373509535136	5.854208700602272E-4
18	18	0.26743937078920843	5.39919354638488E-4	4.925108463631616E-4	2.143663580387E-4	2.1082574822735804E-4	2.5866281705556464E-4	0.03142311979909374	3.344887823523456E-4	7.351948433976428E-4	4.478910904975053E-5	0.0015139870765843045	4.887149432485701E-4	5.290321446417837E-4	3.1294002163752434E-4	5.39079235233236E-5	3.662930031896121E-4	0.6919882182753057	0.0013459364071953435	0.0013724489565822516	3.352728006663498E-4
19	19	0.008543481800584916	0.0015782518547774226	0.0014396708510127708	6.266196965711479E-4	6.162700509179834E-4	7.561037908212026E-4	0.48837436577680066	9.77752578444424E-4	0.02197509922102774	1.3092417196069526E-4	0.024251606399282324	0.0014285749510793986	0.0015464271772157989	9.147628536380352E-4	1.57579608059896E-4	0.0010707202968544736	5.128451392181198E-4	0.00393434058775467	0.08331597076883575	0.35784863242514264
20	20	0.20968362711569014	0.05868169532489902	0.0020490341087475443	8.918463068027549E-4	8.771160113731667E-4	0.0010761365738954033	0.1307322361467882	0.001391601685718031	0.0030586926599100316	1.863398802707396E-4	0.006298767190675737	0.0020332416952144544	0.0022009767236589326	0.00130195057238326	2.242776475821918E-4	0.0015239194484209578	7.299148843807417E-4	0.42886528914589794	0.00570991429999572	0.14248342257769506
21	21	0.003700851031872756	6.83664475636646E-4	6.236341902388048E-4	2.7143806293218267E-4	2.6695482088999695E-4	3.2752776441473473E-4	0.06555365829610874	4.2354121227302884E-4	9.309290226107149E-4	5.671351191555796E-5	0.0019170625611795455	6.18827687026594E-4	0.017846293478935963	3.9625542955723427E-4	6.826006875213852E-5	4.6381281167938936E-4	2.2215339213766042E-4	0.4568792622487345	0.25079585619039135	0.19795330374271253
22	22	0.23360906264592846	3.546848834966918E-4	3.235411930734342E-4	0.009051939756301069	0.053605202787477255	1.6992128610338045E-4	0.08302036212076684	0.05814199864442994	0.25890538146740943	2.942294953635833E-5	9.945713656317257E-4	3.2104758093970154E-4	0.004803091729663296	0.04030560721598103	0.008946531086166888	2.406259194930141E-4	1.1525309975388957E-4	0.005339734083197303	0.2415017721175596	2.2024806709064205E-4
23	23	0.3059602557662688	4.3160687805884326E-4	3.937089251991221E-4	1.713626188042049E-4	1.6853228584064403E-4	2.0677282631219773E-4	0.29621210066928344	2.6738744935984665E-4	5.877084205219509E-4	3.5804027697698476E-5	0.3753182350188317	3.906745129695408E-4	4.229037362339038E-4	0.01651572532971362	4.3093529384801196E-5	2.928114693486424E-4	1.4024852167640996E-4	0.0010759299621038402	0.0010971238655487837	2.680141868419191E-4
24	24	0.2506066036185202	0.08582862426828866	6.183238963875581E-4	2.691267466202416E-4	0.017294837929548952	0.1621112232131519	0.0649954637743439	4.19934725761406E-4	0.09458886146323504	5.623059193085912E-5	0.010415816748608095	6.135583209257068E-4	6.641746459081457E-4	0.19623967815648566	6.767882893390252E-5	4.5986340935260647E-4	2.2026173864789507E-4	0.10387069651583605	0.010238122384121941	4.2091902339126333E-4
25	25	0.3937719658115734	9.104091773344361E-4	0.023703627293684484	3.6146342596083715E-4	3.554932683106E-4	4.3615588228030825E-4	0.33889997558012314	5.640132263324655E-4	0.01267626072676463	7.552316021497E-5	0.18553814179937148	8.240685680399196E-4	8.920512210740917E-4	5.276778193009974E-4	9.089925724099651E-5	0.0349273784769603	2.958329621994195E-4	0.00226951089397348	0.0023142162153682562	5.653352338918085E-4
26	26	0.11439916511303069	0.1950491489791185	8.808380710513931E-4	3.83386580635606E-4	3.7705432635207604E-4	4.626092166505122E-4	0.2502826507552983	0.2310724041979506	0.0013148697383768898	8.010372301608594E-5	0.16040057386985995	8.74049233806397E-4	9.461551095807608E-4	5.596820598966529E-4	9.64123972523787E-5	6.551019632393067E-4	3.137755570026226E-4	0.03879781969348264	0.002454575976263881	5.996234381347728E-4
27	27	0.05412219732895932	0.0030109242231522574	0.002746545062221324	0.0011954393827571105	0.0011756947528339288	0.03926575663258676	0.17523474896256705	0.001865316307898825	0.004099901112462911	2.4977177093715665E-4	0.008442928232271604	0.002725376758958487	0.00295021040724623	0.0017451470917783738	3.006239197794522E-4	0.002042676311934108	9.783849439007916E-4	0.4235619945739753	0.00765362414388797	0.26663273807989113
28	28	0.02060697706194588	0.0011464066402299715	0.0010457445168530045	4.551624500700255E-4	4.4764470031107576E-4	5.492167830353814E-4	0.7435761224418513	7.102174757708377E-4	0.030363401775285296	9.510037301588909E-5	0.017615821282403504	0.0010376847047739376	0.05872802627414211	6.644631567971485E-4	1.1446228211160747E-4	0.11598721986228143	3.7251917127778766E-4	0.002857816489222075	0.002914110382755356	7.118821758663514E-4
29	29	0.4689072337551573	0.0019210293751452732	0.0017523502265903944	7.627140373787528E-4	7.501165718589816E-4	9.203205359331384E-4	0.039407212506225225	0.001190108802426	0.026747829250154606	1.59359344005673E-4	0.005386755675125116	0.0017388444292417919	0.0018822927563569953	0.4354896368208368	1.9180402360409728E-4	0.0013032680028827143	6.242290001790714E-4	0.0047888325415394025	0.00488316401112775	0.0011928983342309163
30	30	0.0010397734939215668	0.04362431287686107	0.01947842829839873	7.626194641384354E-5	7.500235606498785E-5	9.202064201689748E-5	0.41654645333139495	1.1899612340841842E-4	2.615493879912032E-4	1.5933958413657544E-5	5.386087740730273E-4	1.7386288200566688E-4	0.002601107811535533	1.1133003974699914E-4	1.9178024073511995E-5	0.0025432125158444995	6.241515984841322E-5	0.20557548329352268	0.16456558338704808	0.14248048569741623
31	31	0.1510428177584264	0.017290629500556185	0.0011629828251722525	5.061906647024479E-4	4.97830100804956E-4	0.11272068474233635	0.3945144817325835	7.898398826362457E-4	0.08181453756564663	1.0576206587990198E-4	0.1797477224813283	0.0011540194284046764	0.049296319820384814	7.389560517518298E-4	1.2729463657759954E-4	8.649402847387669E-4	4.1428225657564243E-4	0.003178205996681806	0.0032408109927264408	7.91691212085212E-4
32	32	0.44119209223832306	6.010705755717314E-4	5.482925836156411E-4	2.3864547381490054E-4	2.347038548325561E-4	2.8795894607388974E-4	0.4049644930748884	3.7237295385609816E-4	8.1846294984975E-4	4.986191979338152E-5	0.09229339419308401	5.440667568318804E-4	5.889502810816942E-4	3.4838358230562366E-4	6.001353043129305E-5	0.05326240694042857	1.9531491255714238E-4	0.0014983770520646269	0.0015278924105768866	3.732457700187505E-4
33	33	0.542564594682443	0.13949511224844865	0.016927773573890133	2.581364849394977E-4	0.008421222948090367	3.114775610789526E-4	0.11951271032213329	4.027859563324734E-4	8.853096836493836E-4	5.3934317303591024E-5	0.001823118635633786	5.885025931392505E-4	6.370519119104503E-4	3.768372888427637E-4	6.491504551374524E-5	4.410840822524434E-4	2.112669650834086E-4	0.1649677549093752	0.0016526807314936282	4.0373005844605554E-4
34	34	0.2467162859321599	0.0014622864954496955	0.0013338880210759763	5.805775024468442E-4	5.709883186765224E-4	7.005474817782439E-4	0.06673529513672749	9.059101606771346E-4	0.0019911593866540588	1.2130424431724046E-4	0.059208215666994336	0.001323607415621076	0.0014328002027014662	0.1110631892041873	1.460011164420513E-4	9.920468813356745E-4	4.7516276889878026E-4	0.3893999983083889	0.003717061738318336	0.111123674017149
35	35	0.03349274612414054	1.5295753590422058E-4	0.26337896482974493	6.072934712317518E-5	5.9726302969101864E-5	7.327840127782489E-5	0.3067277172275676	0.05197406496588632	2.0827849694495204E-4	1.2688620433291109E-5	0.08881587258180082	1.3845147953424295E-4	0.06163645727616668	8.865497075491772E-5	1.5271953259319147E-5	1.0376971061604909E-4	0.0692221098562763	0.06955370681358794	0.054189571725853244	9.498178015857358E-5
36	36	0.4817853043779234	0.004585503011102003	3.084249330838844E-4	0.008629021507573055	1.3202535085173785E-4	0.11484149778708212	0.015430702286594778	2.094668190073968E-4	0.03019212709201767	2.8048271552927497E-5	9.481037143313287E-4	3.060478257110094E-4	3.312956557510048E-4	0.28901845567899936	3.3758744255374965E-5	0.02146633087156445	1.0986832694047572E-4	0.022079812693452577	0.005106857796820818	0.004457347255384569
37	37	0.025905732348476457	6.010705755717314E-4	5.482925836156411E-4	2.3864547381490054E-4	2.347038548325561E-4	0.09089589201294951	0.14069135496316784	3.7237295385609816E-4	8.1846294984975E-4	4.986191979338152E-5	0.09984405528199031	5.440667568318804E-4	5.889502810816942E-4	3.4838358230562366E-4	6.001353043129305E-5	4.077793180844487E-4	1.9531491255714238E-4	0.5526966365422247	0.0015278924105768866	0.08343051774798807
38	38	0.003732910037411332	6.895867899968303E-4	6.290364860315091E-4	0.04358680751354312	2.692673446872953E-4	3.303650076117666E-4	0.005483298327270361	4.272101819108597E-4	9.38993291730133E-4	5.720479858907016E-5	0.0019336693142580534	6.24188345987182E-4	6.756816092894715E-4	0.052375309741592865	6.885137867067934E-5	4.678306382199426E-4	2.2407781891615485E-4	0.8766419998654468	0.01041549997613547	4.282115327011363E-4
39	39	0.20278341783529807	0.0015475696875918638	0.0014116827820558177	6.144378320393483E-4	6.042893897348639E-4	7.414046774639859E-4	0.4399988684948479	9.587444790798435E-4	0.002107287401982189	1.2837892715672486E-4	0.0043395379087613675	0.001400802593104061	0.19592239017056096	8.969793124842571E-4	1.5451616551433956E-4	0.0010499048490172887	5.028751206471544E-4	0.003857854635710317	0.003933847499124954	0.13704521023782476
40	40	0.006389835361728323	0.0011804051025987613	0.001076757688232109	4.6866099664795506E-4	4.6092029639019594E-4	5.655046563563092E-4	0.05387089544214242	7.31280073697528E-4	0.0016073284595102975	9.792072169477494E-5	0.0033099722303255624	0.0010684588499575772	0.0011566028104179618	6.841688396142712E-4	1.1785683815695334E-4	8.008124292946412E-4	3.8356680357674226E-4	0.7443562436228857	0.18093981463372236	7.329941430496094E-4
41	41	0.0013040916998226584	2.409070671753572E-4	0.009298592611104052	0.00614820749460795	0.06969849920740885	1.1541297808428302E-4	0.25914935524816696	0.0031755254240433506	3.280372003777519E-4	1.9984489924050385E-5	0.024885763918543195	2.1806012814935206E-4	0.00326232888912558	1.3963096926756236E-4	2.4053221359721153E-5	0.04858391010475541	7.828156072187777E-5	0.16099336303687234	0.19429426824124907	0.21804172650924056
42	42	0.13770529065707027	0.15415314634869018	0.0018412146510914126	8.013924607681166E-4	7.881561580418333E-4	9.669914317056669E-4	0.320319228007804	0.0012504610837316384	0.0534600366577764	1.6744070592695866E-4	0.031015709586291254	0.05253859014201908	0.23017979461791296	0.0011699026671323496	2.0153070604230028E-4	0.0013693587644721412	6.558846304383789E-4	0.005031681739934902	0.0051307969060869285	0.0012533920770633146
43	43	0.30911961399495536	5.188065884500872E-4	0.20902554534095635	2.0598387136351785E-4	2.0258171198272448E-4	2.4854818135819503E-4	0.21267762084737396	3.2140908184933914E-4	0.07239629697436843	4.30376956598984E-5	0.09921367234006476	4.696044515780255E-4	5.083451070684616E-4	3.007029542846602E-4	5.179993207002187E-5	3.519696445873492E-4	1.6858363655684454E-4	0.007810564678209878	0.08604315052500197	3.22162442260068E-4
44	44	0.3111626596859475	7.409341400989086E-4	6.75875197479838E-4	2.9417606869434627E-4	2.8931727142498566E-4	3.549643299209934E-4	0.5457341361959948	4.590206966944307E-4	0.094085212704064	6.146432743051644E-5	0.002077652343952271	6.706660598818873E-4	7.259935651636287E-4	0.009737079319679357	7.397812398671182E-5	5.026657944578811E-4	2.4076288653186538E-4	0.0018470355358177922	0.029806309143671633	4.6009660910675284E-4
45	45	0.18265737870647153	1.9024296713272574E-4	0.07664829406079404	7.553293219878104E-5	0.016803138190060327	9.114098500230391E-5	0.3599881477624557	0.007287366944483354	2.5904914729774157E-4	0.0024056177555526028	0.022041985065296244	1.7220086682753264E-4	1.864068106479172E-4	1.1026579754816244E-4	1.8994694735305344E-5	0.30602808771904605	6.181851183581238E-5	4.742466323479894E-4	0.0243819495994781	1.1813485078780417E-4
46	46	0.14576958927623448	6.295936659432908E-4	0.04011915487809414	2.4997011137499296E-4	2.4584144754465087E-4	0.0714823423937697	0.2501842898117743	3.9004347017551573E-4	0.016675239625597478	5.2228057984413856E-5	0.3576690361717646	5.69884798679156E-4	6.168982172714998E-4	3.6491571148632585E-4	0.023789767633873467	4.271300013720346E-4	2.0458334978929523E-4	0.009478449499903436	0.0806900841725745	3.909577047926672E-4
47	47	0.002227694530693887	4.1152578152673524E-4	3.753910824250823E-4	1.633897400918019E-4	1.6069109221564023E-4	1.9715243957492718E-4	0.06013782629652192	2.5494688491328754E-4	5.603644875931873E-4	3.41381966533245E-5	0.006323554283515107	3.724978503480845E-4	4.0322756520230047E-4	0.015747308764770592	4.108854436839595E-5	0.1398582648556819	1.33723268615254E-4	0.6575644915402707	0.11477717833243553	2.5554446258230424E-4
48	48	0.010656179412249205	0.001968534060793793	0.15016827890868975	7.815750142353149E-4	7.686660289401423E-4	0.0504006106681997	0.6833296168736032	0.0012195387243617373	0.0026805041866247844	1.633001039128823E-4	0.005519963495017432	0.0017818439060179156	0.0019288395332288809	0.025869738288589225	1.9654710039684276E-4	0.0013354962121926502	6.396654129741408E-4	0.0049072544602526596	0.054461450371874255	0.001222397237845546
49	49	0.03449204445488719	3.6950192165565213E-4	3.3705719679060235E-4	0.10690559405414382	1.442817680737878E-4	1.7701978479154598E-4	0.05863841079389712	0.03272074827180652	0.005144832471550302	3.06520996533056E-5	0.5580390200610534	3.344594134675737E-4	3.6205109593382854E-4	2.1416520516374138E-4	3.68926973319398E-5	2.5067811962066954E-4	1.200678230659074E-4	0.0055628026360192715	0.1587567444690732	0.03736297566202052
50	50	0.24089800067058276	4.3160687805884326E-4	3.937089251991221E-4	1.713626188042049E-4	1.6853228584064403E-4	0.011050482008926535	0.6540545036955566	2.6738744935984665E-4	0.006009563011829119	3.5804027697698476E-5	0.0012102682186370462	3.906745129695408E-4	0.03837588587538408	0.005672016147099284	0.005464948120691969	2.928114693486424E-4	1.4024852167640996E-4	0.017341493736025344	0.01736268763947029	2.680141868419191E-4
51	51	0.23762320772484177	6.895867899968303E-4	6.290364860315091E-4	2.737894232782163E-4	0.05224488905300517	3.303650076117666E-4	0.20472318154248892	4.272101819108597E-4	9.38993291730133E-4	5.720479858907016E-5	0.010596272932311034	6.24188345987182E-4	6.756816092894715E-4	3.996880332749899E-4	6.885137867067934E-5	4.678306382199426E-4	2.2407781891615485E-4	0.4868248370530627	0.0017528963580824902	4.282115327011363E-4
52	52	0.2938563971412953	4.073144793775345E-4	0.12828887388888924	1.6171770982178284E-4	1.59046678250871E-4	1.951349025705096E-4	0.4125742278561445	2.523379150441723E-4	0.0056713230346527215	3.3788847311461603E-5	0.001142149938848094	0.020835457828607944	3.9910118190341324E-4	2.3608155717075367E-4	4.066806943590399E-5	0.015626409898479257	1.3235482679751825E-4	0.11869931110808847	0.0010353737598401901	2.5292937747026906E-4
53	53	0.017632762831734927	0.6988743609987546	0.002971314888261622	0.0012932709114656625	0.0012719104343844974	0.0015605111745908104	0.025900891789895887	0.0020179687539859316	0.0044354259405483465	2.7021241772484E-4	0.009133874663896356	0.002948414228261806	0.003191647654768651	0.0018879652139454691	3.252261690131606E-4	0.002209843421480359	0.0010584533238687393	0.21271327038997934	0.008279976061816522	0.002022698731622511
54	54	0.13898423234285986	2.0706817307681734E-4	1.888862110624309E-4	8.22131115450113E-5	8.085522800386036E-5	9.92015502138488E-5	0.1629205888570874	1.282820859844243E-4	0.01588912783142708	1.717737826027744E-5	0.3283311721189076	1.8743041823640535E-4	2.0289274453447385E-4	0.26284068275850925	2.067459731243293E-5	1.4047954074933812E-4	6.7285779343626E-5	0.008319773406975867	0.0811633930956871	1.2858277022281082E-4
55	55	0.5009597002632902	3.611208646166531E-4	3.294120522699745E-4	0.03643463985212612	1.410091633671715E-4	1.7300461510928408E-4	0.011944293842545996	0.30869945214765887	4.917293577801591E-4	2.9956847530100553E-5	0.0010126184909237728	3.2687319196988366E-4	0.004890246861240376	2.0930750160376102E-4	3.6055895728104935E-5	2.4499222870687947E-4	1.1734444000701872E-4	0.132456045956959	9.179518192583719E-4	2.2424460730833802E-4
56	56	0.05631474151623272	8.254466088178818E-4	7.52966909676174E-4	3.277303948589939E-4	3.2231739320085477E-4	3.954522899234771E-4	0.2865340895984749	5.113775394572313E-4	0.0011239902498203903	6.84750747671297E-5	0.002314633634494138	7.471636071525245E-4	8.088018812413257E-4	4.784330796902963E-4	8.241622064194318E-5	5.600008866491367E-4	2.682247955134083E-4	0.10575048711643359	0.5413006750303065	5.125761726475144E-4
57	57	0.04322056350820372	1.8667400490303225E-4	1.7028278641789506E-4	7.411593273657555E-5	7.289178730151384E-5	8.943117812769104E-5	0.4564148826756804	0.08219074338022603	0.29572453430152285	1.548557630047139E-5	5.234523054774731E-4	1.6897037479468303E-4	0.002527912552273299	1.0819720877135964E-4	1.8638353846090937E-5	0.06344171760646548	6.0658795199959294E-5	0.012190363442516278	4.7451631627790065E-4	0.04232596791295726
58	58	0.007879231080006245	0.0024793499995534292	1.6676324404375903E-4	7.258404468522063E-5	7.138520087824146E-5	0.004680651390170449	0.36200956069176027	1.1325727109001234E-4	0.02780734747575308	1.5165507882964578E-5	5.126331697989793E-4	1.6547795840560613E-4	0.013958335230710796	0.03225744143716024	1.825312127193942E-5	0.05753738421998727	5.940505015290349E-5	4.5573152997120615E-4	0.22782160670395205	0.2619184356727653
59	59	0.031391556482438604	0.0010279742669565511	9.377112931936206E-4	4.0814076745318014E-4	4.013996574260532E-4	4.924785849354252E-4	0.20187552264765313	6.368467029193083E-4	0.0013997671572969653	8.527579377828111E-5	0.0028825411459374624	9.304841199349901E-4	0.00100724566810301	5.958191470272392E-4	1.026374729687975E-4	0.07817800495112565	3.340351569707649E-4	0.19626409495773012	0.48041012459909666	6.383394270543019E-4
60	60	0.0659999429691516	1.332438320839755E-4	0.2796481136900628	0.016791020273073633	0.04691875879182495	6.383402385194451E-5	0.4094695754612587	8.254671140576353E-5	0.02528861173947339	1.1053266518685397E-5	0.017111746772887095	1.2060736714790135E-4	0.09553782927765328	7.722880711202711E-5	1.3303650347461523E-5	9.039550627558228E-5	4.3296924637353974E-5	0.0020059682965351366	0.0287934998874969	0.011799422751201891
61	61	0.1620277913986834	0.007798431772445848	5.245293246460688E-4	2.283024665125162E-4	2.2453167915444645E-4	2.7547866964367667E-4	0.2646151391549638	3.5623413454653383E-4	0.015229814137659356	4.77008806909435E-5	0.261655240086651	5.204866471866359E-4	0.2822764881749722	3.332844736646078E-4	5.741251573962462E-5	3.901059702631525E-4	1.8684987220020708E-4	0.0014334366844830067	0.0014616728334475439	3.570691224453618E-4
62	62	0.00840082860895647	1.5092753188461865E-4	0.09303946023850707	0.29014100760146416	5.893363437394902E-5	7.230587352190488E-5	0.2780095116295061	0.011469230843289739	0.0058933786873995005	1.252022107767575E-5	0.20897824355389674	1.3661399530495765E-4	1.4788415194315994E-4	8.747837003416037E-5	1.5069268727822749E-5	1.023925118502726E-4	4.904315548048596E-5	0.0022721940618161776	0.10086925484893987	9.372121202526116E-5
63	63	0.026213843194405208	0.49149799078620704	0.004417321511403103	0.0019226482658764783	0.001890892595928058	0.002319942463027824	0.22100150096520763	0.0030000242725995796	0.06742588310097163	4.017127670243343E-4	0.07441085756391459	0.004383276120104405	0.06557681331745735	0.0028067537995682718	4.834992609260475E-4	0.0032852757952721986	0.0015735554164294356	0.012071681036848936	0.012309471647134442	0.0030070561196936254
64	64	0.0018946746773379397	3.5000646030564417E-4	0.10144540777828577	1.389644759743334E-4	1.3666925114724605E-4	1.6767996226199912E-4	0.4424619456215065	2.1683466932108378E-4	0.08401557558386774	2.903485008282973E-5	0.1152979521496865	3.168128460581626E-4	3.4294875103700324E-4	2.028655359737195E-4	3.4946184708379885E-5	2.374519757065607E-4	0.030891251977186073	0.005269301039864373	0.21633233329506607	2.1734291462205684E-4
65	65	0.032245102356989186	3.991452643011016E-4	0.005378168780107528	1.5847425342607293E-4	1.5585679282423658E-4	0.12052892817825518	0.16362410785425385	2.472769540317262E-4	5.4350624321894E-4	3.311116857709912E-5	0.2518227988147517	3.612914660587776E-4	0.04050366568065945	2.3134663829663362E-4	3.985241906552452E-5	0.15570699362556017	0.04024226926633897	0.006009079245000492	0.1815211684443641	2.4785655391913833E-4
66	66	0.31127592198990994	4.7260522719382936E-4	4.3110734675688305E-4	1.8764035864472358E-4	1.845411722756512E-4	2.264141827310349E-4	0.0037579540230796254	2.9278659047750474E-4	0.08969668546472034	3.9205053266593205E-5	0.001325231629780588	4.2778469562673705E-4	4.6307537368923604E-4	0.5227190746264598	4.7186984918046865E-5	3.2062563881942466E-4	1.5357073258096183E-4	0.024925639406665232	0.04275947664063354	2.9347286177011693E-4
67	67	0.09220296461966333	8.70583202868457E-4	7.941402107383E-4	0.03315450413730734	3.399421664774464E-4	0.20820647838078044	0.06160392578743538	5.393403903048693E-4	0.0011854516345798506	7.221938920167918E-5	0.002441201092182997	7.88019575382503E-4	8.530283179253556E-4	5.04594480643016E-4	8.692285675209136E-5	5.906225312456813E-4	2.8289170864874153E-4	0.5271118784850348	0.06783068646636574	5.406045664620111E-4
68	68	0.05310013034032277	4.052409856737129E-4	3.696581334240889E-4	0.39723125922132496	1.5823702796180958E-4	1.9414153991742118E-4	0.4053833129342971	2.510533521214911E-4	5.518066363821622E-4	3.3616840261118644E-5	0.13858376961323268	3.668090866054044E-4	3.9706949918707785E-4	2.3487974960641162E-4	4.046104270301987E-5	2.7492427597327257E-4	1.316810552673373E-4	0.0010102038232564891	0.0010301030388596554	2.5164180362193054E-4
69	69	0.012374964724008146	4.052409856737129E-4	3.696581334240889E-4	0.39723125922132496	1.5823702796180958E-4	1.9414153991742118E-4	0.43592718714653306	2.510533521214911E-4	5.518066363821622E-4	3.3616840261118644E-5	0.14876506101731135	3.668090866054044E-4	3.9706949918707785E-4	2.3487974960641162E-4	4.046104270301987E-5	2.7492427597327257E-4	1.316810552673373E-4	0.0010102038232564891	0.0010301030388596554	2.5164180362193054E-4
70	70	0.03500816115287338	0.11635587936764993	0.0010457445168530045	4.551624500700255E-4	4.4764470031107576E-4	5.492167830353814E-4	0.1243252065319691	7.102174757708377E-4	0.030363401775285296	9.510037301588909E-5	0.11842410991889595	0.0010376847047739376	0.0011232899104321355	0.5335082745211145	1.1446228211160747E-4	7.777471348614913E-4	3.7251917127778766E-4	0.002857816489222075	0.031716478564610344	7.118821758663514E-4
71	71	0.04551463121355484	0.5432663001335932	0.0023097359639447828	0.001005317325045785	9.887128707968278E-4	0.0012130551347248352	0.27459708956056267	0.0015686573724015725	0.0034478549718073817	2.100481983882485E-4	0.007100169317196891	0.03409983024091628	0.0024810104784189022	0.0014675998059154878	2.5281284792577657E-4	0.0017178101336362153	8.2278311125982E-4	0.0699278513837994	0.006436395740529675	0.0015723341955814452
72	72	0.129768782929249	0.6460069018256145	0.002746545062221324	0.0011954393827571105	0.0011756947528339288	0.001442463832441918	0.06176487056213253	0.001865316307898825	0.004099901112462911	2.4977177093715665E-4	0.08408951383256129	0.002725376758958487	0.00295021040724623	0.0017451470917783738	3.006239197794522E-4	0.002042676311934108	9.783849439007916E-4	0.007505773772382002	0.04547691694403281	0.0018696884788772315
73	73	0.011329269073037994	9.56286908870426E-5	8.723185616658227E-5	0.0384792352556772	3.7340743826015686E-5	4.581348374284595E-5	0.2542325053174007	0.0300914836872372	0.10223983178582059	7.932895584549795E-6	0.012281048338886427	8.655953863904062E-5	0.046943995042225864	5.542687873339293E-5	9.547989177802227E-6	0.048116460842228356	0.3556127976222768	2.3838770648161006E-4	0.09995012086691137	5.9382385058640594E-5
74	74	0.1504506451280154	3.1164038828471055E-4	0.039432606772735294	1.2373183972834296E-4	1.2168820671742773E-4	1.492996686440086E-4	0.4761728295096483	1.9306626649633779E-4	4.243530158587612E-4	2.5852185544517802E-5	0.004788703407458484	2.820853028625023E-4	3.0535631211377597E-4	1.8062836424569953E-4	3.111554730183676E-5	2.1142360013453422E-4	0.24673574804083612	0.024265870133048605	0.05559983751000202	1.9351880032328716E-4
75	75	0.3827324755786247	3.484742925630756E-4	3.1787593330667003E-4	1.3835615323861907E-4	1.3607097585305303E-4	1.6694593629851089E-4	0.2741784799775655	0.008970968108388891	4.745088331211156E-4	2.8907748826846115E-5	0.005354697577529475	3.154259847335522E-4	0.0922698152175303	2.0197748370740878E-4	3.479320634081128E-5	2.3641251987117676E-4	0.1839699704765716	0.009623775777726405	0.04028367673116974	2.1639148703249476E-4
76	76	0.20325328142187718	3.484742925630756E-4	3.1787593330667003E-4	1.3835615323861907E-4	1.3607097585305303E-4	0.27157450783186793	0.453657674134313	2.1588546659632787E-4	4.745088331211156E-4	2.8907748826846115E-5	9.771562566331933E-4	3.154259847335522E-4	0.004718988799604671	2.0197748370740878E-4	3.479320634081128E-5	2.3641251987117676E-4	1.1323499892775344E-4	0.02713394106131153	0.009640887484895772	0.02648163941241018
77	77	0.29182042049247947	0.11001830397215163	9.887857730748412E-4	4.3037103978465477E-4	4.232627605755454E-4	5.193024994609195E-4	0.11755356444358217	6.715339401870777E-4	0.001476008512213649	8.992052488613676E-5	0.27537539214448936	9.81164956145845E-4	0.0010621074885635122	6.282717294570056E-4	1.0822784559868304E-4	7.353854498946043E-4	0.027585813820617706	0.08440291345678018	0.00275538703880501	0.08237386211125204
78	78	0.16187106425333206	2.324650175062674E-4	2.1205304373372324E-4	9.229652307535351E-5	9.077209555723357E-5	1.1136858825019036E-4	0.15954090323432082	1.4401584232380695E-4	3.1654186995275295E-4	1.9284178146034122E-5	0.0035720852087700147	2.1041869838861807E-4	2.2777747400419594E-4	1.3473791406697799E-4	2.3210329983385685E-5	0.11696692497067145	0.5549193127419957	5.794997489402548E-4	5.909148615944216E-4	1.4435340538674298E-4
79	79	0.028486868635045546	0.017266911956181682	6.029221097834383E-4	0.016868376368578537	2.5808874232220014E-4	3.166499429063812E-4	0.7110086742899191	4.09474601105666E-4	0.12544466070412014	5.4829948056989494E-5	0.0018533932585232604	5.982752397068036E-4	6.476307661973535E-4	3.83095031255912E-4	6.59930217267954E-5	4.484087039154217E-4	0.016820728535665404	0.01825362220924009	0.05980096155481444	4.1043438093483895E-4
80	80	0.11055729553906363	0.2586262210275224	0.02732701668090218	2.810944527483949E-4	2.764517196888768E-4	3.391795413787171E-4	0.2279729055273117	4.3860866082743916E-4	9.640467564924236E-4	5.87310910751906E-5	0.21543483591467696	6.408424380546646E-4	0.08963103209866236	4.103521883288708E-4	7.06884158514058E-5	4.803129195233236E-4	2.300564832896595E-4	0.001764900338263032	0.05516205922794204	0.009333368978396766
81	81	0.4922955492097629	0.0021262744931467834	0.001939573458931295	8.442033340176303E-4	8.302599399396713E-4	0.001018648702821542	0.016907222616087212	0.001317261476273108	0.05631590436967972	1.763854903979499E-4	0.032672587678917384	0.001924624685745684	0.002083399206831062	0.00123239958000431	2.1229659907802016E-4	0.001442510743519633	6.909223867869829E-4	0.379244739781878	0.005404887201127826	0.0013203490450533443
82	82	0.19152253767866217	4.073144793775345E-4	3.715495605978409E-4	1.6171770982178284E-4	0.05132597640956743	1.951349025705096E-4	0.4023408419098812	2.523379150441723E-4	0.036371480873442656	3.3788847311461603E-5	0.001142149938848094	0.11805262431810941	3.9910118190341324E-4	2.3608155717075367E-4	0.13819137834399062	2.763309790842883E-4	1.3235482679751825E-4	0.05218230245737694	0.006152066732971846	2.5292937747026906E-4
83	83	0.26818032837563405	3.165981031536122E-4	2.887986852139451E-4	1.2570022124960245E-4	1.2362407720948283E-4	1.5167479463853233E-4	0.36045752920648166	0.02803592141064665	4.3110381368687906E-4	2.6263453690386518E-5	8.877722803002936E-4	2.8657284219589063E-4	0.33836473113691845	1.835018811608054E-4	3.161054736380369E-5	2.1478702145419349E-4	1.0287698873694973E-4	7.892306690297292E-4	8.047771071663689E-4	1.965973840686593E-4
84	84	0.2725156290521485	3.2171610706947936E-4	2.934672943657349E-4	1.2773224297737854E-4	1.2562253678631297E-4	1.5412671139092586E-4	0.3218290990269165	0.3113874500195011	4.380728731493869E-4	2.668801864353273E-5	9.021236676324239E-4	2.912054692202797E-4	0.028605059920958843	1.864683024280052E-4	3.21215513893463E-5	0.016383876936058837	1.0454005881211333E-4	0.04525743788206671	8.177868262545444E-4	1.9977550223010778E-4
85	85	0.24410080853988086	5.056254208099435E-4	0.006812905214822724	2.0075049923592097E-4	1.9743477752599584E-4	2.4223339022394483E-4	0.19457082844554288	3.132431350721841E-4	6.884976411322279E-4	4.1944249481750685E-5	0.0014178235066444607	4.5767334827554075E-4	4.954297312338296E-4	2.93063082049896E-4	5.0483866307629E-5	0.038453089656149436	1.6430048128412658E-4	0.5030429351613601	0.007636952497891761	3.1397735507473714E-4
86	86	0.025471025169250684	8.340955773136072E-4	7.608564412467734E-4	3.3116432968887505E-4	3.2569461099984817E-4	3.9959580975937385E-4	0.038066148253078476	5.167357154809006E-4	0.001135767336498499	6.919255153434482E-5	0.01281681220849539	7.549923321486439E-4	8.172764475129802E-4	4.8344606610195546E-4	8.327977170418539E-5	5.658685345072372E-4	0.010748961249105363	0.9031809099626243	0.00212023072508749	5.179469078610693E-4
87	87	0.004943783398836484	2.7503238826576647E-4	2.5088271638780467E-4	1.091972178969101E-4	1.0739364785637581E-4	1.317616264710058E-4	0.2924037970854448	1.703870177428085E-4	0.00382946739637369	2.2815362191445737E-5	7.71217919674859E-4	2.4894910113533686E-4	0.017544299442177034	1.5941018004908837E-4	2.7460443537896994E-5	0.04164613901310218	0.10719321069054971	0.02832531441269742	0.48093891900943564	0.020900561930173676
88	88	0.12457625512932231	2.722109522958395E-4	2.48309021250614E-4	1.0807701179924649E-4	1.0629194378830492E-4	1.3040994205766994E-4	0.35437502888413086	1.686390924758992E-4	0.21921992066242693	2.2581309453294576E-5	7.633063351776896E-4	2.463952421042125E-4	2.6672195143749464E-4	1.5777486131881424E-4	2.717873895889627E-5	0.08225314546608674	8.845360346276582E-5	6.785802879350383E-4	0.21612168519380212	1.6903437071521212E-4
89	89	0.08487551241556376	5.956503981250671E-5	8.02592104071223E-4	0.008254479325519226	2.3258740363312984E-5	2.8536226500429932E-5	0.2526363358673958	0.0359532504999026	0.008311938220443757	0.0882992991706259	0.020369972550175173	5.3916061355235796E-5	0.03372994112109208	3.4524201971323594E-5	5.947235607114575E-6	4.041021521193785E-5	0.3711549616292234	0.005386287432687933	0.08994228394130972	3.698800116753244E-5
90	90	0.007441441333296887	0.003492559193069932	1.2195238862473007E-4	5.3080027773290795E-5	0.0017316372308799296	0.23182592750103315	0.6006209610485448	0.016877163037733473	0.0018614781554995904	1.1090392979818736E-5	0.0759494095882644	0.003479880283918519	1.309955591328372E-4	7.748820846643867E-5	0.011769385679535416	0.026961641633369185	4.3442353283901524E-5	0.005371573891446545	3.398370406594219E-4	0.011839055452487776
91	91	0.678517961696169	4.411748209735004E-4	4.0243673912608796E-4	1.7516141775244883E-4	1.7226834143237196E-4	2.113566054385992E-4	0.07001260038987517	2.7331494491570295E-4	0.10589963535196131	3.659773815631558E-5	0.006779144962913452	0.01702547692789383	4.322787462543177E-4	2.5570718448094786E-4	4.4048834895684796E-5	2.993025693887644E-4	1.433575774340478E-4	0.11748277445997568	0.0011214451149299106	2.739555760328303E-4
92	92	0.06725508854494641	0.17032697244756567	3.164904831390584E-4	1.377531332059272E-4	1.3547791567909887E-4	1.6621830878352152E-4	0.2642665595516047	2.1494453799953395E-4	0.23147092530053484	2.878175550284448E-5	0.10557598472252677	3.1405121257363353E-4	0.02649073113392656	2.0109717252516447E-4	3.4641561474038307E-5	0.02202769199245165	1.127414684908562E-4	0.009581830916957582	0.10112656948714721	2.1544835296487199E-4
93	93	0.14334348307890918	1.7177033443752863E-4	0.25261724244367606	6.819866836801423E-5	6.707225619889646E-5	8.229117591447869E-5	0.3293487868518931	1.064145034191898E-4	0.034758415718822794	1.4249239584652156E-5	0.19468208762665293	1.5548012592108803E-4	1.6830666956580413E-4	9.955896508202928E-5	1.715030582416156E-5	1.1653272126563123E-4	5.5815921148136867E-5	0.04358384755691259	4.3663190483033944E-4	1.0666393157331075E-4
