0	0	1.8641333880540403E-4	0.3937243165840696	0.21378210206514486	0.002128843787538988	0.0010106756630560312	6.284287874956037E-4	0.07366307664396758	0.016568553277522387	8.575611980610969E-5	0.0010661260154946161	0.0570482033094917	0.0011755493989058818	8.518634597901256E-4	0.12689206396403152	0.005878947438467879	0.0041092631869577975	4.685831913196412E-4	8.428503195782989E-4	0.09889591732284606	9.924661257098518E-4
1	1	3.416891595808303E-5	0.013098547699426357	0.005798265718359508	0.02350445913768745	1.852533301165263E-4	1.1518880871498461E-4	0.016070435414916782	0.07237970657879304	1.5718798178949395E-5	0.18510941305494932	0.03613923646510668	0.07726297239030472	1.5614360620253449E-4	1.4462403441866452E-4	0.265607334685803	0.02900396300350285	8.588966747859681E-5	0.27495723538881073	1.4952771594918443E-4	1.8191558532205807E-4
2	2	2.4350445291601713E-5	0.18320944979644482	0.13225038916368853	0.01858069120023016	1.3202060860295975E-4	8.20891944087409E-5	0.02975518909814132	0.04059976349949288	1.1201986494853664E-5	1.3926387124772846E-4	1.3094018873684922E-4	0.02211668781570702	1.1127559168492654E-4	1.0306617986601144E-4	0.2478531608621706	0.10852216808985926	6.12091894169876E-5	0.06599948942811688	1.0656078382075339E-4	0.15021103300657715
3	3	3.754366939500834E-5	0.01721415662916758	0.04587764937839048	0.1669213032287997	0.03688835019897315	0.11300287331505988	0.003548121940822555	0.03155598559072343	1.7271293091103492E-5	0.0030366256028264787	2.018844048881416E-4	2.367557937261932E-4	0.008637288481710836	1.5890808304974013E-4	0.0858412514980814	0.04315622149191741	9.437271244482724E-5	0.3613739347337178	0.08199961915325925	1.9988279995506036E-4
4	4	3.331334596934219E-5	0.20056625077512943	0.1934487636529925	0.08801842450874624	0.005188499577914566	1.1230454724481537E-4	0.2335110334401142	4.5697200237829926E-4	1.5325208519930618E-5	1.9052405277802375E-4	1.791365930456336E-4	0.005217963648666272	0.01267194607156733	0.010156772500952245	0.23141331303773993	0.018261950694802333	8.373903964106855E-5	1.5062315001928675E-4	1.4578362800656347E-4	1.773605237720601E-4
5	5	1.1839755947079548E-4	8.915545836454789E-4	0.2425702838597819	0.019150415019586784	6.419150726508698E-4	0.7212308009628045	0.002290186231113577	0.0016241049421413473	5.44666779737663E-5	6.771335094998405E-4	6.366618186007119E-4	7.466320852345691E-4	5.410479490782832E-4	5.011318690062084E-4	0.0037339228696412533	0.002609935188526768	2.976133929943539E-4	5.353233919672582E-4	5.181234506632854E-4	6.303495656185079E-4
6	6	1.8641333880540403E-4	0.0014037254433915142	0.606102693205823	0.2543349380922606	0.0010106756630560312	0.014639878471091251	0.03162872759318064	0.016568553277522387	8.575611980610969E-5	0.0010661260154946161	0.0010024045751091172	0.0011755493989058818	0.028874762826981416	7.890168116707044E-4	0.005878947438467879	0.03213216255414909	4.685831913196412E-4	8.428503195782989E-4	8.157695376765279E-4	9.924661257098518E-4
7	7	3.6513297834806365E-5	0.005763874639376206	0.08304101624150954	0.7908219006515085	1.9796384602111677E-4	0.013845399696170393	7.062835782054224E-4	0.005989790017516678	1.6797289098000146E-5	2.0882506038812394E-4	1.9634376507863223E-4	2.3025812206810674E-4	1.6685685917773905E-4	0.005643469954306547	0.003895987265850242	8.048927806803811E-4	9.178268966524254E-5	1.650914303994645E-4	1.597870425186648E-4	0.08801716577262632
8	8	5.6766421609414866E-5	4.274612045150254E-4	0.0010994225961454527	6.482735879226606E-4	3.0777004031511075E-4	1.9136856692271564E-4	0.07363286165548422	0.005045440883346394	2.6114376169094146E-5	3.246557315703124E-4	0.20084268961261084	3.5797724148187935E-4	0.021593178720995455	2.402706870401115E-4	0.14685988796555574	0.28712386750939684	0.004409446536192828	2.5666401825868025E-4	0.2562536577560224	3.0222488844491825E-4
9	9	0.010300927850911407	0.001018440204138502	0.043282130076077945	0.0015445328798214864	7.332721177395611E-4	4.559418265420912E-4	0.1551013245504043	0.0018552467781092219	6.221834944477872E-5	7.735028256197725E-4	7.272712230939883E-4	0.24482921258758036	6.180496335456184E-4	5.7245271611316E-4	0.004265332980562646	0.00298137991206652	0.02067132960345246	0.21409079051970803	0.29539658275177155	7.200606132965672E-4
10	10	6.324259600582258E-5	4.762279442469283E-4	0.0012248497811982516	0.13857445435625085	3.428818616799352E-4	2.1320077297419903E-4	0.024990938022967993	0.0293886725886497	2.909362427967785E-5	0.161981541296564	0.0811499994852505	3.98816931214887E-4	2.890032279067115E-4	2.676818718127375E-4	0.18738196387481004	0.015654683541972067	1.5897155028526345E-4	0.10961701863450421	0.23319947917818673	0.01459727885923954
11	11	9.411005640382554E-5	0.007782291814375006	0.051338059736642315	0.029369244304591122	5.102357173885861E-4	3.1725985391386856E-4	0.05133577349782865	0.001290943904535088	4.3293646922718195E-5	0.14201075818687794	5.060600904823075E-4	5.93471588167856E-4	4.3005998799739673E-4	3.983320996541477E-4	0.20810313041052989	0.00207454569925632	2.3656242009060364E-4	0.20556067616905208	0.2975041481127242	5.010427025661573E-4
12	12	9.027847899413063E-5	6.798129295191499E-4	0.04246226030762738	0.0010309819049791763	4.894620857165716E-4	0.5567261885177013	0.25281466728436225	0.028380913730450236	4.153099831882626E-5	5.16316244919576E-4	4.8545646442219866E-4	5.693091084349538E-4	0.04791197645115226	3.82114488774795E-4	0.016418391432288487	0.008775715336286374	2.2693106655158834E-4	4.081856231901786E-4	3.9507061856802663E-4	0.04119443692774261
13	13	0.8700644935551607	0.016958805035301592	0.011858042171321827	1.6003874108713593E-4	7.597892419804022E-5	0.0032072326285678006	0.00237773282183951	0.005458883150030367	6.446833503999434E-6	0.003240137115856306	7.535713385804759E-5	8.837353261327127E-5	6.403999977872823E-5	5.931541711773099E-5	0.034148514021500105	0.045602104253363196	3.522638179106626E-5	6.336242464560391E-5	6.13265898565117E-5	0.0063945892686084645
14	14	7.763518707192408E-5	0.4615749007460518	0.0015035980162733473	8.86595276666444E-4	4.2091405407584096E-4	2.617204690997642E-4	0.048184273427604715	0.05941815355170115	3.5714678179009455E-5	4.4400735046954765E-4	4.1746941076779257E-4	4.895786861669598E-4	3.547738562291427E-4	3.286002394973061E-4	0.2767084417320232	0.14759438099190156	1.9514989619296997E-4	3.510201719116213E-4	3.3974189331594277E-4	4.133303648000452E-4
15	15	3.149928107338165E-5	0.21332040862388965	0.05032947820422345	0.047711547587761194	1.7077939265849036E-4	1.0618904815922217E-4	0.007712070292249205	0.0335783654247017	1.449068043545461E-5	0.10908934713298464	1.6938178170590465E-4	1.986390092526349E-4	1.4394402636650074E-4	0.0048685070059717025	0.3395589481685182	0.1498526140907008	7.917906381714171E-5	1.4242102678553996E-4	1.3784503900334967E-4	0.04278434511974184
16	16	6.880252260614641E-5	0.16600377808301878	0.12027536614391908	0.016300008857147497	3.730260699181187E-4	2.3194416308993236E-4	0.0013308601177488312	9.437907123752588E-4	3.165136899207889E-5	3.934920094888761E-4	0.27445563564350106	0.005605306221053775	3.144107354396097E-4	2.9121492790959804E-4	0.06939839489890968	0.17217378132814404	1.7294741792745158E-4	3.1108411306832146E-4	0.16061534429640326	0.010709160369338649
17	17	1.2164517784015026E-4	0.37578959591115385	0.02978573527852624	0.010532448387386917	6.595226584053792E-4	4.1008509425698137E-4	0.0023530055232227395	0.010811911974293695	5.596068667374265E-5	6.957071290388462E-4	0.32981142049669554	7.671120350409294E-4	5.558887723687479E-4	5.148778032174207E-4	0.0038363435323255377	0.11240062351843763	3.0577686128183053E-4	5.500071919464885E-4	0.11939469205576533	6.476399121219966E-4
18	18	4.489101000884427E-5	0.094814471699106	0.017740217652145913	5.126561671288957E-4	2.4338521908727465E-4	1.513346800722245E-4	0.06835150270001972	0.14233043895041958	2.0651305626548428E-5	0.0036308968336408913	2.4139342228674343E-4	0.13187526573352276	0.12504900076312625	1.9000658331017024E-4	0.40968889814357895	9.8956960932535E-4	1.1284156416223367E-4	0.0035771288384730446	1.9644902406353802E-4	2.3900010089507765E-4
19	19	6.988676565050701E-5	5.262597179398457E-4	0.10641198906003982	0.03756856861743249	0.005631827423948016	0.25237589959511647	0.006604755757055987	0.016717432459325946	3.2150155597195124E-5	0.34709260584076923	3.758036526601608E-4	4.4071602321168286E-4	3.1936546151737483E-4	2.9580411662012576E-4	0.2018151012181934	0.006793494617498812	1.7567285629548047E-4	3.159864156733612E-4	0.016064602539062334	3.720777063917935E-4
20	20	2.1331272319690138E-4	0.2741723372346975	0.004131330129308304	0.002436035256333185	0.0011565158337750135	7.191108579196156E-4	0.004126148070707381	0.1472257688129495	9.813070010905619E-5	0.0012199676541045125	0.0011470512305172013	0.0013451807962887297	0.04907467908067431	0.0971026556812348	0.08689376431512208	0.3093348778644907	5.36199594005607E-4	0.016997770680822755	9.334848176530425E-4	0.0011356786660896903
21	21	0.014197863022401051	0.35168996753328263	0.0036103568112101705	0.2123005890414737	0.0010106756630560312	6.284287874956037E-4	0.0036058282259893463	0.00255710359392674	8.575611980610969E-5	0.029089025382685905	0.0010024045751091172	0.0011755493989058818	8.518634597901256E-4	7.890168116707044E-4	0.13198199459082868	0.11620086065572297	4.685831913196412E-4	8.428503195782989E-4	8.157695376765279E-4	0.12709551327807067
22	22	2.589897858714704E-4	0.11874946725209605	0.024482517828418083	0.022424206211742768	0.0014041627881233988	8.730954455939176E-4	0.005009688073411687	0.023019200734476494	1.1914361519449731E-4	0.020947739720732206	0.0013926715112114417	0.0016332269410280207	0.0011835201088967286	0.0010962053274358396	0.2612327971981469	0.5118391151095031	6.510170418090596E-4	0.001170997875946825	0.0011333737126175414	0.001378863717743952
23	23	6.064797122180512E-5	0.20103087695682018	0.16528075143197204	6.926009565075196E-4	3.288146058667346E-4	2.0445388330699426E-4	0.010290133598518674	0.06009248683804558	2.7900013590357088E-5	3.468548995521817E-4	3.2612367877432786E-4	3.8245485313193387E-4	0.004835650675844266	2.5669981126016987E-4	0.216162364566044	0.21102810881547862	1.5244949789693568E-4	2.742140785291919E-4	2.6540357981720287E-4	0.1279610092878213
24	24	8.563004692194253E-5	6.44809413067899E-4	0.04671212229718174	9.778967244760536E-4	4.64259719851359E-4	2.886724035157296E-4	0.04027380149617644	0.1685168751450987	3.9392570348769595E-5	4.897311604230603E-4	4.6046034769522216E-4	5.399954253941717E-4	3.913084144105364E-4	3.62439442577085E-4	0.1571703022175356	0.0726862601072572	2.1524640305606315E-4	0.476668970293621	0.03255593130799318	4.558950633982715E-4
25	25	2.9805658287459564E-5	0.15928523854162369	0.15739776427009158	0.007061259902631844	0.004642182913306543	1.0047957843644132E-4	5.76536446564624E-4	4.0885569892494034E-4	1.371155958784453E-5	1.7046305759468625E-4	0.23091044442601724	1.8795877971153783E-4	1.362045836032281E-4	1.2615602307443948E-4	0.13983814629963973	0.25381012964865174	7.492184072889763E-5	0.015816813845918033	0.006851312252703649	0.022561614672901915
26	26	1.2996318664369128E-4	0.010747113350430168	0.05135939729071166	0.011252649549197457	0.01047308788482051	4.381264147991973E-4	0.22718865590213713	0.0017827551063374903	5.978723773535616E-5	7.432790766226274E-4	6.988539217324487E-4	8.195665981733666E-4	0.508554212466681	5.500847729958544E-4	0.013867137459998884	0.15916036660633978	3.2668566070340465E-4	5.876162837810499E-4	5.687361717927606E-4	6.919250583662175E-4
27	27	7.718478911458757E-5	0.19783108502461602	0.1001198098913422	8.81451723637779E-4	0.09324194032245992	2.602021064974241E-4	0.0014929998732384	0.08808077491735355	3.550748066064895E-5	0.0062428982182887414	4.1504747585719467E-4	4.8673841169192297E-4	3.527156474943075E-4	3.2669387612997426E-4	0.07785325700666527	0.30337771966239485	1.940177405566563E-4	3.489837400515881E-4	3.3777089201431163E-4	0.12804320119993476
28	28	2.7410742679877903E-5	0.4864332070569629	0.07264078371767496	0.029156993860976217	0.04341455660430061	9.240593992392083E-5	5.302111441371239E-4	0.018918551150152743	1.2609821530442487E-5	1.567661738281106E-4	1.473963936568461E-4	1.7285609649710405E-4	0.03515007221864851	1.1601925556078497E-4	0.1553856855940125	0.13452263575510795	6.890179299232816E-5	1.239350862747589E-4	0.01660221743523855	0.006326784159843763
29	29	1.2054302186705202E-4	9.077102953169964E-4	0.03857628058442446	0.0013766035460623964	0.01877438005336741	0.08195011780465482	0.011392102785680449	0.010713951548943015	5.545365954639369E-5	0.17283731670944888	6.481986610579845E-4	0.2544518229094054	5.508521885787225E-4	5.102127958878456E-4	0.012862001134651345	0.0026572293880751303	3.030063955709755E-4	0.10020960509478577	0.290460839397881	6.417720247939839E-4
30	30	2.6535996073940027E-5	0.11388826837805184	0.02444834542904987	0.036204656608437705	0.11383231762101544	8.945703105045616E-5	0.036414905797209025	0.12003605461910519	1.2207410011934662E-5	0.004140831703870098	1.4269259936040555E-4	1.6733981824472707E-4	1.21263025325248E-4	1.1231678564924416E-4	0.3359186103571895	0.07438271912855048	6.670296130553413E-5	0.13973737182804682	1.1612504441874561E-4	1.4127785803379233E-4
31	31	8.906969066102946E-5	0.24168263539951035	0.16239967212155024	0.0010171775197894536	4.829084079707599E-4	3.0026798545328446E-4	0.04189154589951455	0.18198074691068086	4.097491688292717E-5	5.09403002029319E-4	4.7895642014852133E-4	5.61686314875825E-4	4.070267467723786E-4	3.7699814719387495E-4	0.02958810791772946	0.30322834282950134	2.2389256137602371E-4	0.03387659865361274	3.897808002215396E-4	4.742077545255804E-4
32	32	4.4146228181550105E-5	3.324289137533163E-4	0.03403678205179906	0.04032228772046181	2.3934724159083387E-4	0.010103358146884933	0.030717531515287118	0.003923748902921689	2.030868207814707E-5	2.5247894089512303E-4	2.373884904727323E-4	0.3121871321239912	0.006838093650469551	0.053277703505733916	0.4593008219158415	0.027518576418799397	1.1096942213791917E-4	1.9960300464248404E-4	1.931897598348345E-4	0.020144103364222968
33	33	6.478231781704797E-5	4.878223220742476E-4	0.0012546703142360155	7.398152713265006E-4	0.058782296481562836	2.1839141822045462E-4	0.1619385300291799	0.025234921815465352	2.980194573863396E-5	3.704998516275329E-4	3.483553922810766E-4	4.085266390140577E-4	2.9603938077876524E-4	0.1122670768144417	0.5035763730773054	0.06959762797896443	1.6284191581099228E-4	0.005162162696736671	0.0587145627526369	3.449015847814751E-4
34	34	2.932399904689056E-4	0.0022081490427612845	0.005679319965476245	0.06947149989361014	0.0015898568401861264	9.88558291142278E-4	0.2701629712628661	0.22443146514271664	1.3489980875695218E-4	0.3322905525681388	0.0015768458949057974	0.0018492136707595696	0.02338093310507484	0.0012411734257689092	0.00924795672815631	0.0064641312982201505	7.371110427880904E-4	0.04540765278530994	0.0012832571584526216	0.0015612120844403425
35	35	0.027356160317178437	0.05109870041755653	0.0361105612481704	0.07470422003748158	0.004181968561709347	1.7494657859219075E-4	0.012705644648668992	0.09042587938459094	2.3873412631539973E-5	0.011998623867301324	2.79056679563276E-4	3.272579954910629E-4	2.3714794847623256E-4	2.1965224127240402E-4	0.17326343409174175	0.3873042889202514	1.3044759842061602E-4	2.3463880492042142E-4	2.2709985980271503E-4	0.12899639738617882
36	36	0.3629013996186235	0.0024216504436763704	0.054572416009124304	0.027844582449830582	0.0017435768364639612	0.0010841399642802342	0.006220629229452824	0.0044114118483154115	1.479429945179869E-4	0.0018392375450570003	0.05007328213691777	0.17123192021260808	0.0014696004372252987	0.0013611799380326222	0.22769000680500504	0.007089134892245326	8.083807973280469E-4	0.0014540513317391483	0.07392329403150642	0.0017121624780499865
37	37	0.041662652922598006	0.022900958672147684	0.008058122651430038	2.875559812534947E-4	0.03609615387012879	0.04550758347085602	0.017520572977234316	3.454036587477769E-4	1.1583604829852505E-5	0.33513640402366285	0.013383687772599843	0.09478940895973767	0.051215601379551966	0.03606621305019323	0.23547804380478266	5.550633704883202E-4	6.329440429942572E-5	0.03985870948396148	0.0020028033984412358	0.019060182543055366
38	38	2.724236175157076E-5	0.004300393755912948	0.016908631721623425	0.23169295639504342	0.21310090503618556	9.183830123834426E-5	0.0046222080692132125	3.736939726974865E-4	1.2532360898314415E-5	0.004251057126888286	1.46490955162059E-4	0.002219421236578839	1.2449094406689798E-4	0.020591576308083216	0.22814574091217138	0.24631576281961715	6.847853748256075E-5	1.2317376779752954E-4	1.1921619447251358E-4	0.026764189223115343
39	39	8.454178439689466E-5	0.44544763299993057	0.0016373614092488002	9.654687462503211E-4	4.583594958860024E-4	2.85003698778851E-4	0.007989750734774849	0.0011596922307365051	3.889193465351E-5	4.8350722281711165E-4	4.5460840951838086E-4	0.019596462044805904	3.8633532028707905E-4	3.578332409325217E-4	0.2568439326455263	0.12259804365593231	2.1251086100607697E-4	0.04486334953957473	0.04485106792046147	0.0512856461044819
40	40	0.33872941249495286	0.0024216504436763704	0.12708837738013623	0.12453253094451312	0.0017435768364639612	0.0010841399642802342	0.006220629229452824	0.0044114118483154115	1.479429945179869E-4	0.0018392375450570003	0.05007328213691777	0.07454397171792554	0.0014696004372252987	0.0013611799380326222	0.05848609693931062	0.007089134892245326	8.083807973280469E-4	0.0014540513317391483	0.1947832296498596	0.0017121624780499865
41	41	1.0364054486816354E-4	0.1098400088503472	0.009797226091151764	0.0011835769451566179	5.6190708816961E-4	3.4938863476327385E-4	0.03316461772566116	0.07932137528635562	4.767797754946422E-5	5.927359160673057E-4	5.573085971658868E-4	6.535722229042324E-4	4.736119941400252E-4	4.3867103500064774E-4	0.01884846812729084	0.6955919463227126	0.023630428403328737	4.686009430612072E-4	4.535447941303343E-4	0.023921692500175434
42	42	9.685039032636737E-5	0.08808448962430929	0.0746717389674509	0.0011060332543168646	5.250929632375597E-4	3.264979520849105E-4	0.0018733952912106584	0.0886837231597906	4.4554288493091863E-5	0.04423149651705981	0.04419839026826322	0.029729148875419876	4.425826451806017E-4	0.007689529978191207	0.25784035436222635	0.0312533494894933	2.4345073839944823E-4	0.29162186336336215	0.03682182560861799	5.156322625659138E-4
43	43	1.2626299863031354E-4	0.32362265031797127	0.021426094329522697	0.04889367101990174	6.845590593350582E-4	4.256524969902356E-4	0.28715280029662654	0.001731998201666146	5.808503247143137E-5	0.06715456046931252	6.789568187829346E-4	0.07671902505185792	5.769910862922471E-4	5.344232834929754E-4	0.1463372121883174	0.021764017653257785	3.173845778576047E-4	5.708862328653757E-4	5.525436574355107E-4	6.722252274122288E-4
44	44	0.14043598545193167	0.02997051084764528	0.008795718109021022	4.102274184863004E-4	1.9475683026123046E-4	0.11352114942288145	0.34359499728026777	0.0031927541508097908	1.652517289121102E-5	2.0544209287570007E-4	1.9316299464191614E-4	0.07582656222253212	1.6415377683324337E-4	0.05955207018796774	0.14423293591331157	0.05749187922452003	9.029580941838277E-5	1.6241694801414662E-4	0.0217572082866083	1.9124785908115685E-4
45	45	1.287059269729978E-4	0.15575266172835	0.4378212564209774	0.0014698240738123085	6.978038638021795E-4	4.338879940108341E-4	0.11857719540423199	0.0017655087910092427	5.920885792821194E-5	7.360886188380707E-4	6.920932314616793E-4	8.116381373688789E-4	5.881546725643152E-4	0.13598031116905374	0.1394945674113822	0.0028371710471079567	3.2352531417141085E-4	5.819317028276284E-4	5.632342364330189E-4	6.852313976958994E-4
46	46	9.279723051921725E-5	0.09137313018087424	0.4133193013581612	0.0010597460941240977	5.031179801069816E-4	3.1283411064815476E-4	0.16919379537938106	0.0012729353660407676	4.268970487347162E-5	5.30721364985929E-4	4.990006027788724E-4	5.851927188047016E-4	4.2406069413070677E-4	3.927754066600175E-4	0.26099971290540425	0.057845206367217156	2.3326239796451017E-4	4.195739205162283E-4	4.0609300988567193E-4	4.940532069228819E-4
47	47	6.541940542426678E-5	0.19226112628764347	0.3995554458459231	0.005664232018058747	3.546838513681802E-4	2.2053914109854188E-4	0.060271114179919684	8.973831904677712E-4	3.009502648876567E-5	3.7414345179347504E-4	0.010186063606457295	4.125442053455007E-4	2.9895071564757183E-4	2.7689547872500103E-4	0.14957737814050948	0.1784591769837508	1.6444334919582328E-4	2.9578766799528565E-4	2.862840098247324E-4	3.4829344436258726E-4
48	48	8.674669207954707E-5	6.532179487929399E-4	0.0016800649170619596	9.90648832892144E-4	4.7031382570179045E-4	2.9243679058670404E-4	0.06035949972536999	0.0011899377989759798	3.9906262966101064E-5	0.16350040122007628	4.664649084306783E-4	0.020107551206498427	3.9641121023733004E-4	0.059048707944213547	0.35482499737829826	0.014952571681817435	2.1805328991767427E-4	3.922169819506874E-4	3.796150497930398E-4	0.31995023633433956
49	49	5.04522396721151E-4	0.0037991429667897595	0.009771327969785191	0.08160483482153096	0.002735364921311014	0.0017008246301881999	0.3131317902466144	0.006920728109585193	2.3209649789734027E-4	0.15457179910416777	0.0027129794571526546	0.003181590995584435	0.0781487239034482	0.0021354515477722074	0.05383279379076312	0.04904319372387317	0.0012682070728566213	0.22981068947788122	0.0022078570394058945	0.002686081326671533
50	50	7.025581402644189E-5	0.016371024213645276	0.0013606781484787522	0.15394151582854193	3.8090536803719833E-4	2.368434378466998E-4	0.0013589714066591164	9.637260707443281E-4	3.231992969675116E-5	0.2908382043642499	3.7778814466510194E-4	0.13245958909632063	3.2105192252047926E-4	0.12703325012692188	0.1078289055437292	0.0015487069331985037	1.7660052524264423E-4	0.010878978697144161	0.005588110608471029	0.14823257381986008
51	51	2.5179992478873415E-5	0.19134346279853873	0.3014130455681785	0.0627437653764322	1.3651815775316998E-4	0.011440560164394908	4.87061324003758E-4	0.01737891531197833	1.1583604829852505E-5	1.4400817679527283E-4	1.3540093119829988E-4	1.5878866401236396E-4	1.1506641986029719E-4	1.0657733781761476E-4	0.07649860170796415	0.3014804359108948	6.329440429942572E-5	1.1384895975685607E-4	0.03039198948715883	0.0058118957016538245
52	52	5.400148878618907E-5	0.053172762131081484	0.005104805224346229	0.1386204000228297	0.04088210355005718	1.8204754197492247E-4	0.1674607898458518	0.03727115093951436	2.4842418314769597E-5	0.024662437137458623	2.903834015788272E-4	0.10993171630911214	0.24784165077523615	0.008346432601937449	0.15188355289052477	0.013367196654376926	1.3574237827400972E-4	2.4416263542522803E-4	2.3631768962059166E-4	2.8750436369867426E-4
53	53	8.731600740962153E-5	0.0662871349460632	0.0016910911209421784	0.19132307728545275	0.1120437713964117	2.9435604242176094E-4	0.001688969931636571	0.09307922924957958	4.016816629322448E-5	0.03331418839889568	4.695263003632703E-4	5.506273353774966E-4	0.06602864279438553	3.695754725259928E-4	0.26527221877300317	0.16599885374615075	2.1948436559038657E-4	3.9479108748932055E-4	3.821064493172542E-4	4.648711306906092E-4
54	54	1.9299293291534078E-5	0.0030465258893957836	0.023583369051226623	0.0016709976845381718	0.020413026378880605	0.06244083503924951	3.7330985506839185E-4	0.15402827193518318	8.878294430473807E-6	0.0015609749678149876	0.23510088084809005	1.2170412682675209E-4	8.819305989681669E-5	8.168657327832056E-5	0.4227330694728799	0.05119640916004827	4.851221752001911E-5	0.0015378593304471134	8.445627156731161E-5	0.02186174055036622
55	55	4.7116719856257374E-5	3.5479724195284525E-4	0.004453982345349597	5.38073814878212E-4	2.554523318283473E-4	1.58837899260777E-4	9.113875619763341E-4	6.4631820046014E-4	2.167520360268866E-5	2.6946763104739545E-4	2.533617811402979E-4	2.9712483055335153E-4	2.1531190980175698E-4	1.9942716715231246E-4	0.0014859275697921405	0.0010386327697163111	1.1843628302696627E-4	0.003754483967700172	0.9847293349727535	2.5084979815049907E-4
56	56	0.11744983102627132	0.06585493146778837	0.08644229249175603	0.046631848296188945	4.7031382570179045E-4	2.9243679058670404E-4	0.0016779575582740946	0.04031096591037324	3.9906262966101064E-5	4.961174225877063E-4	4.664649084306783E-4	0.03966806526219706	3.9641121023733004E-4	3.671657771176641E-4	0.26354259845170463	0.02147274303371698	2.1805328991767427E-4	0.30032009916932967	0.013419957753592124	4.6184009126195517E-4
57	57	2.238395812711358E-5	1.6855516750139728E-4	4.335208853827203E-4	0.018762609509644416	0.03208796815395083	0.08924547508359079	0.042494305044004525	0.18705934542133767	0.16320824973730896	0.030412173349498837	1.2036575375698973E-4	0.07416909363839073	1.0228922531056293E-4	0.052250789429786976	0.16053897264949457	0.1485493024164996	5.626607302236698E-5	1.0120695429718903E-4	9.795517471948662E-5	1.1917237437423096E-4
58	58	1.8906237678478505E-4	0.20037151643427517	0.20260950527005886	0.016369656083689007	0.19997288119636156	6.37359112632637E-4	0.10313099069814531	0.0025934414685709725	0.014297534995591941	0.001081276263454069	0.0010166493057018207	0.0011922546144462298	8.639689167960035E-4	8.002291825980215E-4	0.048594171274990376	0.018378218352270416	4.752420209841915E-4	8.548276948123055E-4	0.18556464511246756	0.0010065696253687417
59	59	8.454178439689466E-5	0.19762435132196982	0.05247290636883049	9.654687462503211E-4	0.12119277877489251	2.85003698778851E-4	0.0016353076148271383	0.04564079407037048	3.889193465351E-5	4.8350722281711165E-4	4.5460840951838086E-4	5.331326849627732E-4	3.8633532028707905E-4	0.013066719480827941	0.39664168128437594	0.1670791454955663	2.1251086100607697E-4	3.822476999407546E-4	3.699660808274958E-4	4.50101144900213E-4
60	60	1.2164517784015026E-4	9.160097249175733E-4	0.23093741567114084	0.0013891901877226183	6.595226584053792E-4	0.7501572574667296	0.0023530055232227395	0.0016686537746293947	5.596068667374265E-5	6.957071290388462E-4	6.541253087807143E-4	7.671120350409294E-4	5.558887723687479E-4	5.148778032174207E-4	0.0038363435323255377	0.002681525122466037	3.0577686128183053E-4	5.500071919464885E-4	5.323354601294317E-4	6.476399121219966E-4
61	61	6.20625328199073E-5	4.6734185954132616E-4	0.29042129547846074	0.033362547273632887	3.3648392282794166E-4	2.0922259372026122E-4	0.04318393408320176	8.513356755422298E-4	2.855075733357497E-5	0.10298114841129725	3.337302321829951E-4	3.913752825766328E-4	2.83610627169196E-4	0.21950957623847547	0.09525382464038759	0.20662050250969244	1.5600525089296387E-4	2.806098853028059E-4	2.715938893105777E-4	0.004995248855631538
62	62	1.9748133813639286E-4	0.0014870694378068907	0.745992591639352	0.16553217316856125	0.0010706829438345167	6.657407601481413E-4	0.0038199186159188557	0.03239564262770116	9.084775478633518E-5	0.001129425573894576	0.001061920773025992	0.0012453457989060807	9.024415153277352E-4	8.358634461426424E-4	0.006228000712943078	0.01919660174853599	4.964045826496486E-4	8.92893234066057E-4	0.015707562084465974	0.001051392243796565
63	63	8.618475272386636E-5	0.0848621298952826	0.24783067780370702	9.842314750250479E-4	4.672671637271732E-4	2.9054240432550886E-4	0.0016670878597697244	0.22790992336233926	3.964775282397101E-5	4.929036066126227E-4	4.634431794885439E-4	0.01997729581463939	3.938432845363581E-4	3.647873014055032E-4	0.2488795186403919	0.014855709907665346	2.1664075507279475E-4	3.896762261842048E-4	3.771559285127518E-4	0.14945133288576648
64	64	2.8650326083997923E-5	0.017443376269529406	0.024242881730841773	3.271872554064091E-4	1.5533323686639898E-4	0.05823985033773935	0.028549094281885592	0.009006824682902306	1.3180069687546468E-5	1.638555383766813E-4	1.5406203294790748E-4	0.008794490209180003	1.30924997419349E-4	1.2126594097281807E-4	0.24855079216800266	0.3860998789634808	7.201770707407618E-5	1.2953974565697808E-4	1.2537763345477513E-4	0.2176514168724912
65	65	4.745282347533644E-5	3.5732816170751887E-4	9.190416605550776E-4	5.419121244435634E-4	2.5727458205059597E-4	1.5997095760930663E-4	9.178888774095479E-4	6.509286633046259E-4	2.1829822056548874E-5	2.7138985836491666E-4	2.551691185745965E-4	2.992443484478888E-4	2.1684782130697156E-4	2.0084976602649274E-4	0.0014965273236676256	0.0010460417793812617	1.1928113944899816E-4	2.1455346321987807E-4	0.9917538284924083	2.526392165408466E-4
66	66	0.004129696058295074	4.082980249461582E-4	0.0010501352399843046	0.1799400888048043	2.939726418934988E-4	1.8278947208781146E-4	0.025501664948912484	7.437781739287111E-4	2.4943662956827166E-5	3.10101343905583E-4	2.915668517236478E-4	0.049247622897046595	2.4777934302862113E-4	0.061361616616718365	0.3440498513629439	0.08678021510405808	1.3629559287358135E-4	2.451577140167822E-4	2.3728079633566072E-4	0.24481714534954
67	67	7.417261921937884E-5	0.0451590289809229	0.012586660805635525	8.470526875520567E-4	0.017127327088548822	2.500476063575344E-4	0.001434734905188248	0.11251869446386042	3.4121785816786256E-5	0.07847507244938975	0.05614947010153631	0.06736848727419749	3.38950766263964E-4	0.022614192519247105	0.13614068189875872	0.1410115983888866	0.02806175613080557	3.353644981289322E-4	3.2458923635295E-4	0.279147995793331
68	68	5.292734618161461E-5	3.985522868826453E-4	0.008981461902539655	6.044312753138096E-4	2.8695575670011406E-4	1.784264377185648E-4	0.0010237835983807982	7.260248006141499E-4	2.4348278236183847E-5	0.10771399859547837	2.8460739076305053E-4	3.3376747816544594E-4	2.4186505388890589E-4	2.2402133989994592E-4	0.0016691782264793896	0.009123113731913164	1.3304232916374026E-4	2.3930600100550268E-4	0.8674784025509034	2.817856197715847E-4
69	69	3.195319368611323E-5	2.4061320537601977E-4	0.10629404227305904	0.048399083064287654	1.7324036693094243E-4	1.0771925921963158E-4	0.29602826517462194	4.383142694391176E-4	1.4699494808118947E-5	1.8274513661527782E-4	0.004975240316009751	0.32923561389484	1.4601829621865736E-4	1.3524572418732237E-4	0.10187948470602724	7.043706387188587E-4	8.032005416695802E-5	0.11062308044888426	1.3983142090395032E-4	1.701190619991941E-4
70	70	0.009011164949945654	2.2494582817359564E-4	0.007314525935399302	3.411454363063849E-4	1.6195992963677244E-4	0.011327320647960895	0.07242816990376445	0.10144931285572745	1.3742346469215568E-5	0.024869399815129013	1.606344947115352E-4	0.20675810527938343	1.3651040690003974E-4	0.03380628566532638	0.31304200620894346	0.20947355355212915	7.509006446798747E-5	1.3506605872003126E-4	1.3072638607167895E-4	0.009140334234833571
71	71	2.2497511150427034E-5	0.2487446671630059	0.051165364391032156	2.5692199471665325E-4	0.18443968208378794	7.584266096263831E-5	0.010581102437748846	3.0860702879860735E-4	1.034957730985815E-5	1.2866666127571742E-4	1.2097636494402341E-4	1.418725498896337E-4	1.028081349118249E-4	9.522341390476436E-5	0.3591989937984027	0.034315694065504214	5.655150880925429E-5	1.0172037357609983E-4	9.845209783627542E-5	0.11003400618243246
72	72	8.731600740962153E-5	6.575049940186714E-4	0.11326146203941787	0.09287863235738598	0.007036363473140457	2.9435604242176094E-4	0.1920148967925657	0.001197747316717254	4.016816629322448E-5	0.007062336418077878	4.695263003632703E-4	5.506273353774966E-4	0.2563545696553146	3.695754725259928E-4	0.27839814476341207	0.0019247788660394427	2.1948436559038657E-4	0.046335532053920485	3.821064493172542E-4	4.648711306906092E-4
73	73	5.032472495545459E-5	0.20085540535437135	0.027452685023448786	0.0043572838448169195	0.02675086701197425	1.6965259078278614E-4	0.012321164263731171	6.903236424583427E-4	2.3150988926787967E-5	0.060809007531360634	2.706122580053979E-4	3.1735497336510065E-4	2.2997171011614998E-4	0.10234251834258405	0.21719384841725098	0.08810856417600067	0.011474223832861952	2.2753849474083486E-4	2.2022768259874923E-4	0.24613527513564964
74	74	9.279723051921725E-5	6.987795744170029E-4	0.08549664916558501	0.07080924656062966	5.031179801069816E-4	3.1283411064815476E-4	0.029694794446369938	0.11287213611244967	4.268970487347162E-5	0.39112792397741714	0.202772551955645	5.851927188047016E-4	4.2406069413070677E-4	0.007367725453310573	0.0726760616458392	0.022970456133964375	2.3326239796451017E-4	4.195739205162283E-4	4.0609300988567193E-4	4.940532069228819E-4
75	75	9.411005640382554E-5	7.086653857477649E-4	0.21403146759506886	0.0081483650187094	5.102357173885861E-4	3.1725985391386856E-4	0.0018203884974379641	0.21349973676335232	4.3293646922718195E-5	0.22689427533040485	0.23393573223518127	0.007667098016795098	4.3005998799739673E-4	3.983320996541477E-4	0.06663060183798507	0.023295424985138043	2.3656242009060364E-4	4.2550973886208097E-4	4.118381103800881E-4	5.010427025661573E-4
76	76	5.271762512233018E-5	3.969730501777017E-4	0.02083317224518046	6.020362569259903E-4	2.858187137609799E-4	1.7771943492658117E-4	0.0010197269245397615	0.09185910531254048	2.4251799816768624E-5	0.392582359893202	2.834796530664316E-4	0.016182176657615878	0.012128205462857398	2.2313367036622472E-4	0.2750704362292204	0.18739644575099007	1.3251515785788742E-4	2.3835776702732847E-4	2.3069933165212477E-4	2.806690631532567E-4
77	77	1.8092054422595637E-5	0.020534125695469533	3.5039752161506637E-4	0.007005908038051107	0.8717678932654268	6.0991171001796645E-5	0.011228832312310009	2.481756814292751E-4	8.322925797828105E-6	1.0347118943998269E-4	0.004176864669455616	1.1409110441209613E-4	8.267627292074863E-5	7.657678999028505E-5	0.08352198860821236	3.9881809795176546E-4	4.547760719911922E-5	8.180151672424554E-5	7.917323388186411E-5	9.63222442878361E-5
78	78	6.264700778028412E-5	0.33479359797934644	0.0012133147375123809	0.07134680779106642	0.11805861576586238	2.111929510617741E-4	0.001211792838299692	8.593531437734058E-4	2.8819634577268723E-5	3.5828769129646814E-4	3.368731423313405E-4	3.950610659693317E-4	2.86281535083286E-4	2.651609732236428E-4	0.1432384643570463	0.32628531761284757	1.574744330015773E-4	2.832525336792366E-4	2.74151629391119E-4	3.3353317685017026E-4
79	79	9.027847899413063E-5	6.798129295191499E-4	0.26638812496650105	0.07567293679127039	4.894620857165716E-4	3.043430017121938E-4	0.3410278866954337	0.001238384680889793	4.153099831882626E-5	0.007301948507309687	0.020842353251592532	5.693091084349538E-4	4.125506144214873E-4	3.82114488774795E-4	0.016418391432288487	0.035918244385846815	2.2693106655158834E-4	0.23111968254445397	3.9507061856802663E-4	4.806433534019491E-4
80	80	5.929645549979955E-5	0.12078334768934758	0.06354530032571391	6.77166621888599E-4	0.10728756255463615	1.998977104928384E-4	0.036802340959688325	0.05429643005237752	2.727827297394584E-5	3.3912537718638013E-4	0.004775775953785742	0.022658531052245925	2.7097032894239507E-4	0.12058781424061608	0.2113452729415204	0.13501471505483853	1.490522219605976E-4	2.6810332773470814E-4	2.594891674539655E-4	0.12065252969109669
81	81	4.152807477922001E-5	0.12516827054187063	0.016411238800659842	0.2376998092792392	2.2515242086159075E-4	1.3999769462728727E-4	0.010167452109558366	5.696566026192728E-4	1.9104247469122816E-5	0.05954389480019811	2.2330983620018138E-4	0.2811868847988917	1.8977316583969624E-4	1.757725566587668E-4	0.1792288459925414	0.06646460496363747	1.0438822636893569E-4	0.022037487708790056	1.8173237269573816E-4	2.2109580649347122E-4
82	82	1.9187957135325425E-5	0.031873570701704344	3.7162239666254336E-4	2.1912682646461865E-4	0.8726537858449052	6.468563201723315E-5	0.009024542255473377	2.6320860119388885E-4	8.827076224674984E-6	0.0029942008212943917	1.0317982684450611E-4	0.0015632330243999586	8.76842808371452E-5	8.121532964544338E-5	0.07848560765860031	0.0018652069859908522	4.823235422418505E-5	8.67565374194934E-5	8.396904975550863E-5	1.021568392069971E-4
83	83	5.1493390486209383E-5	3.8775434663204054E-4	0.07840560446716163	0.801764035010155	2.7918129092135594E-4	0.00791442306689186	9.960463240288383E-4	7.063546778335041E-4	2.368861258564694E-5	2.944984708453669E-4	2.768965490454496E-4	3.247247467461511E-4	2.353122263514473E-4	2.179519504554129E-4	0.036457693575827406	0.0011351113351256005	1.2943782564339197E-4	2.3282250565115424E-4	2.253419182314125E-4	0.0699416277093811
84	84	1.2164517784015026E-4	9.160097249175733E-4	0.16693460827349074	0.09282177218436562	6.595226584053792E-4	0.6952977082687437	0.0023530055232227395	0.0016686537746293947	5.596068667374265E-5	6.957071290388462E-4	6.541253087807143E-4	7.671120350409294E-4	5.558887723687479E-4	5.148778032174207E-4	0.022122859931654137	0.011824783322130336	3.0577686128183053E-4	5.500071919464885E-4	5.323354601294317E-4	6.476399121219966E-4
85	85	2.167885586156245E-4	0.0016324562261212123	0.004198648305995931	0.13283215129923398	0.24559365187565288	7.308284477215056E-4	0.004193381808067822	0.03556287767219652	9.972969597761631E-5	0.0012398464813881474	0.0011657419172909174	0.0013670999157217073	0.37576538387209923	9.175835721935421E-4	0.153487870309694	0.0047788492442741625	0.03313404221105412	9.801890094401384E-4	9.48695535248372E-4	0.0011541840420125275
86	86	2.7870105120874773E-5	0.07143341582014795	0.07176332272798101	0.008697518175712566	0.008530344177479087	9.395452321558127E-5	0.011013148000838857	0.03389926920308475	1.2821142999050895E-5	0.07976218338965727	0.04204607182438322	1.757529022989545E-4	0.0043169801071390405	1.1796356218025375E-4	0.1894118677953525	0.15144070279247024	7.00564824579752E-5	0.32691641331921595	1.2196328285920468E-4	1.4838066540568307E-4
87	87	1.9748133813639286E-4	0.0014870694378068907	0.5233422289711797	0.2694356757470417	0.0010706829438345167	6.657407601481413E-4	0.04834999114955333	0.04723900013891265	9.084775478633518E-5	0.001129425573894576	0.015905278284237486	0.0012453457989060807	9.024415153277352E-4	8.358634461426424E-4	0.006228000712943078	0.06372667428217046	4.964045826496486E-4	0.015736250745277548	8.642045732544817E-4	0.001051392243796565
88	88	4.152807477922001E-5	0.24690243840895063	0.047625127997347014	4.742513844166724E-4	0.06265293081423594	0.031353886891314464	0.013288841029227083	0.00369104552228799	1.9104247469122816E-5	2.3750532649248815E-4	2.2330983620018138E-4	0.2499729956022045	0.0033111620855084136	1.757725566587668E-4	0.10119412300082346	0.15386349471436156	1.0438822636893569E-4	0.0844652661021644	1.8173237269573816E-4	2.2109580649347122E-4
89	89	1.8641333880540403E-4	0.2676212694317088	0.129713403963571	0.002128843787538988	0.0010106756630560312	6.284287874956037E-4	0.39592641936666745	0.016568553277522387	8.575611980610969E-5	0.0010661260154946161	0.0010024045751091172	0.0011755493989058818	8.518634597901256E-4	7.890168116707044E-4	0.17401634364161564	0.0041092631869577975	4.685831913196412E-4	8.428503195782989E-4	8.157695376765279E-4	9.924661257098518E-4
90	90	5.489271201823395E-5	4.1335183957621596E-4	0.025818651938757355	6.26875789629902E-4	2.9761136446296017E-4	0.012562811184983976	0.21973554570820938	0.02550850285871233	2.5252409610194075E-5	0.008565779162883518	0.008547015255220669	3.461613585748293E-4	0.004376766025678066	2.3233998649526652E-4	0.2740418624390962	0.16212091484194133	1.3798262690066913E-4	0.0786406670797441	0.14464740833722428	0.03329960708028057
91	91	7.949059946799544E-5	5.985782868260843E-4	0.02543864938348327	0.227949392796729	4.30973528176025E-4	2.6797535713427663E-4	0.001537601595998035	0.007065182356518656	3.656822744081058E-5	0.26334490246415015	4.274465609355582E-4	0.3828871464282426	3.6325263802224593E-4	3.364534949696022E-4	0.08017903710027914	0.001752276935740241	1.9981380633661433E-4	3.5940924396515476E-4	0.006322640600159359	4.232085954251896E-4
92	92	4.728417440351363E-5	0.014572204639585562	0.2603604477960899	5.399861489145321E-4	0.003810396827578999	1.594024149696165E-4	0.011576736493170996	6.486152390055165E-4	2.1752238069796056E-5	2.704253288730276E-4	0.15663187302589296	2.9818082307852504E-4	2.1607713621150555E-4	0.00375417254741669	0.44929982132102564	0.0010423241086029943	1.1885720991265568E-4	0.09617277937026829	2.0692182941284469E-4	2.51741327516439E-4
93	93	2.4928437820321897E-4	0.0018771555006006214	0.1172502934899723	0.6399064359649707	0.0013515430593357572	8.403769844999041E-4	0.1921924262385083	0.003419529865717767	1.146788161189626E-4	0.0014256949774194285	0.0013404824076188597	0.001572023240565043	0.001139168764685353	0.001055126025582006	0.007861721516708262	0.024232228602752922	6.266207677688484E-4	0.001127115791074333	0.0010909015591910284	0.0013271920487063662
