0	0	5.814360400359852E-4	0.3687534976642093	7.575565810553146E-4	8.007018452750131E-4	4.293369976919742E-4	7.261010849286085E-4	0.13169454780738984	0.48751141896257466	2.2171490812577716E-4	4.77937697803165E-4	7.903631714098035E-4	0.001462868746116675	8.598993501664315E-4	7.652986701638471E-4	7.986123772451149E-4	3.696495250945786E-4	5.164746493899594E-4	5.158993832492569E-4	0.0014233115510109658	5.43372987063691E-4
1	1	4.326452648630244E-4	2.0770466993378915E-4	5.636961679209274E-4	5.958004631152214E-4	3.1946870556982283E-4	0.06451584595121565	0.34475647815281957	0.42673171886403216	1.6497757026589068E-4	3.556323784835851E-4	5.881074788749098E-4	0.15645772419870166	6.398491949093371E-4	5.694570392159831E-4	5.942456945990451E-4	2.750553898948837E-4	3.8430763849197795E-4	3.838795842354933E-4	0.001059082961096856	4.043226317602081E-4
2	2	4.714217219923713E-4	2.263205011547841E-4	6.14218251633743E-4	6.491999406824768E-4	3.481015500079058E-4	5.887144934744475E-4	0.2959878244515582	0.2558497937154487	0.06988922131390173	0.2991423238321101	6.40817461611601E-4	0.0011860773255480733	0.06044816008127143	6.204954493443232E-4	6.475058237910616E-4	2.9970762672875155E-4	4.187517659994932E-4	4.182853467616402E-4	0.011112498715013784	4.4056063196538345E-4
3	3	1.2849212527814394E-4	6.168659786080759E-5	0.005596047403734252	1.769478923376516E-4	9.487960754989506E-5	1.604617965605791E-4	0.004674454292368054	0.001877263009230546	0.9799174747876792	1.0561992431269177E-4	1.7466313857966964E-4	3.2328081035339984E-4	1.9003000746452078E-4	1.6912410967129596E-4	1.7648613873213768E-4	8.16892139753143E-5	1.141362433403559E-4	1.1400911470723085E-4	3.1453902670190796E-4	0.005548714759562432
4	4	4.0663083143752246E-4	1.95215640821523E-4	5.298018031294111E-4	5.599757061113482E-4	3.002594409654624E-4	5.078032105714219E-4	0.22094877612596284	0.04888998549040854	1.550576696754107E-4	3.342486362231834E-4	0.7220981462446907	0.0010230661561339992	6.013758412518092E-4	5.352162802420977E-4	5.585144239345382E-4	2.585166439293839E-4	3.6119968773322723E-4	3.607973718584197E-4	9.95401591112926E-4	3.8001120380622426E-4
5	5	3.323951914015468E-4	1.5957653792766008E-4	4.3307973262510225E-4	4.577450051071613E-4	2.4544325376658265E-4	4.15097263469905E-4	0.20167669336285682	0.018899563725044765	1.26749916153259E-4	2.732272883006453E-4	0.7728326709923038	8.362923922478194E-4	4.915870180096625E-4	4.3750572794338215E-4	4.565504986130636E-4	2.1132113626410034E-4	2.952580819162799E-4	2.949292139311894E-4	8.136783461050025E-4	3.1063531601220915E-4
6	6	2.4349057631559495E-4	1.1689514226309754E-4	3.172453646000584E-4	3.3531350026205276E-4	1.797953786888685E-4	3.040726055125573E-4	0.17859644378020054	0.5282034272218354	9.284854573851922E-5	2.001481116888436E-4	0.020905338557084662	6.126121009698263E-4	3.601039046916864E-4	3.2048755395386346E-4	0.18036004149347679	1.5479978828710793E-4	2.1628640361642E-4	2.1604549683650002E-4	0.0880370537329429	2.275507410346905E-4
7	7	0.0323085237738956	7.010681148369124E-4	0.001902650575507485	0.03285922351165774	0.0010783066323671003	0.001823648136211164	0.33075906598009275	0.2989689902146503	5.568508123267126E-4	0.0012003703202144269	0.0019850463721771583	0.003674086043597546	0.0021596908196527312	0.06361851714612218	0.06370218659806222	9.283978243282062E-4	0.001297158276320328	0.0012957134595488165	0.15781579026033848	0.0013647151280921472
8	8	8.663470309724823E-5	4.1591654579468945E-5	1.1287688577927116E-4	0.09528475597868534	6.397175400652166E-5	0.005598504423009712	0.25021586040102295	0.1641450568914791	3.303580087075712E-5	7.121331960364362E-5	1.1776510910787372E-4	0.036820065593137274	0.35699856506542893	0.0019441352820902687	0.05502213870933386	5.5078245329659335E-5	7.695537398126413E-5	0.003737079289144622	0.029493752260101567	8.096326021072633E-5
9	9	6.036801041219099E-4	2.8981520648777785E-4	7.865385085200542E-4	8.313343859735792E-4	4.4576219158007184E-4	7.538796159343777E-4	0.08572331741768544	0.13634344256409772	2.301970803434633E-4	4.962222141505777E-4	0.7404581115339425	0.0015188338805378256	8.927966164785836E-4	0.026299318558281215	8.291649809298701E-4	3.8379124861936476E-4	5.362334782356475E-4	5.35636204073393E-4	0.0014777633413626014	5.641608686440226E-4
10	10	0.4188633054201735	3.8688676890633144E-5	1.049984042830278E-4	1.1097839839663866E-4	0.0017618754804504101	1.006386284170005E-4	0.3400007466164207	0.11693846054191305	3.072999712646533E-5	6.624283501851341E-5	1.0954544370335697E-4	0.013821705824130719	1.1918325557374477E-4	1.0607146868843564E-4	1.1068879519811045E-4	5.123394245330411E-5	7.158411054001833E-5	7.15043778463525E-5	0.10744650552492102	7.531225785499972E-5
11	11	2.1975379106552954E-4	1.0549956823037355E-4	0.018854973238069738	3.0262531713971347E-4	1.6226794761753087E-4	2.7442995466875477E-4	0.5557698032778497	0.06820088238418878	8.37971646775966E-5	1.8063658554580943E-4	0.014225208822013566	0.22337674746044733	0.037462308371139445	0.009573572022932233	3.0183560255502424E-4	1.3970906327044806E-4	1.9520162903156015E-4	1.9498420715436936E-4	0.07017039573480889	2.0536785759351416E-4
12	12	4.667733623051402E-4	2.2408891307794352E-4	6.081618753004901E-4	6.427986343946218E-4	3.4466916423390954E-4	5.82909591852202E-4	0.007120590618413691	0.0462607343030667	1.779913971838402E-4	3.8368551451016747E-4	0.9373630153073139	0.0011743822470889908	6.903220359308117E-4	6.143771779573947E-4	6.411212220042851E-4	2.9675241956486913E-4	4.1462274788848564E-4	4.141609276843246E-4	0.0011426259683386926	4.3621657188950495E-4
13	13	1.306193797851817E-4	6.270785183290255E-5	1.7018479068394828E-4	1.7987735747546673E-4	9.645038920168565E-5	1.6311832573854987E-4	0.2586032154874843	0.18401910977961278	4.980816769927986E-5	0.3422548714633205	0.11054771701899538	3.286328936765952E-4	0.008470938221920762	1.7192404798477802E-4	1.7940795929689946E-4	8.304162174527836E-5	0.044264090724924335	0.013912166875452093	0.03619004911339978	1.2206852976965135E-4
14	14	1.0041784120138794E-4	4.820867407112694E-5	1.3083502091265417E-4	1.3828649277314883E-4	7.41493328370994E-5	0.002246667579074489	0.1288077739982635	0.0693475833931263	0.742481087102622	8.254299447826597E-5	1.3650093556832662E-4	0.0023739122163331672	1.4851029253165181E-4	1.321721307942836E-4	0.05316955387605667	6.384091242231652E-5	8.919858033529125E-5	8.909922807642195E-5	2.458152977594485E-4	9.384410076249922E-5
15	15	5.607729929875573E-4	2.692163277301549E-4	7.306345703811509E-4	0.03631020020256559	4.140792393624578E-4	7.002969382182223E-4	0.39947203781462554	0.07926877045959006	2.138356139945477E-4	4.609527700451386E-4	0.4746016574465189	0.0014108813844030581	8.293402869059188E-4	7.381015214856945E-4	7.702313275883866E-4	3.5651293740045215E-4	4.981201972321526E-4	4.97565374872902E-4	0.0013727299710640287	5.240626230280405E-4
16	16	2.13798855391538E-4	1.0264071815366012E-4	2.7855983938307146E-4	0.14030187350069112	1.578707757401871E-4	2.6699339250914436E-4	0.531676694529228	0.07086912946492485	8.152641101779211E-5	0.00469211097214995	0.17642902641092548	5.379089735965502E-4	3.161921245991771E-4	2.8140666977501116E-4	0.004810025712030013	0.05433235498648458	1.8991201314504889E-4	1.8970048301282646E-4	0.005039732780595822	0.00923254138664611
17	17	1.6300247760270967E-4	0.13092468335888782	2.1237692735491903E-4	2.244724709407606E-4	1.2036232626028715E-4	0.024306848101093494	0.29172606450868516	0.047144709420371876	6.215658620632134E-5	0.05178389345811224	0.044984826107045184	4.101074126912213E-4	2.41068174166523E-4	2.1454738054257083E-4	2.2388669977713616E-4	0.3891995891981428	1.4479089989733666E-4	0.01736126502246877	3.990177650511381E-4	1.523317047018362E-4
18	18	4.0663083143752246E-4	1.95215640821523E-4	0.026299280408595003	0.026329454311576937	3.002594409654624E-4	5.078032105714219E-4	0.2553080809332503	0.35812372875599563	1.550576696754107E-4	0.3095679919018103	5.527452916542201E-4	0.0010230661561339992	0.009191202043073672	5.352162802420977E-4	5.585144239345382E-4	2.585166439293839E-4	3.6119968773322723E-4	3.607973718584197E-4	0.00958522779293479	3.8001120380622426E-4
19	19	2.2497566024772377E-4	1.0800648718456218E-4	2.931221669495747E-4	0.024072178628071917	1.6612381736527606E-4	0.6276073136278427	0.06046165517692075	0.21714814220991016	8.578838325755145E-5	1.849289375214674E-4	3.0581605555857964E-4	5.660293469131876E-4	3.327217625489958E-4	2.9611782165440005E-4	3.0900792947338495E-4	1.4302888063709196E-4	1.9984008084625516E-4	1.9961749251166434E-4	0.06708533765157103	2.1024788301369468E-4
20	20	1.6941951234301903E-4	8.133504917173012E-5	2.2073772125768618E-4	2.3330943873078885E-4	0.03233504763423355	2.1157218206275692E-4	0.4571026210722755	0.20647154040700771	6.460354884695771E-5	1.3926204451850978E-4	2.3029694386650606E-4	4.2625240357235507E-4	0.30087672971588086	2.2299362022329313E-4	2.3270060709616955E-4	1.0770891029643803E-4	1.504909864750785E-4	1.5032336475520844E-4	4.1472618186781104E-4	1.5832865551815916E-4
21	21	8.100153380867698E-5	0.3422604030634607	1.0553739497905913E-4	0.010378193559885581	5.981217698804836E-5	1.011552389764515E-4	0.17747975260269724	0.20822744508326943	3.0887744119415694E-5	6.658288086966248E-5	1.101077758202297E-4	0.024159302574451928	0.0018309026406149514	0.15752851322891886	1.1125699650720732E-4	0.001762604521740521	0.006916381890584353	0.02744959269570336	0.041264867536623735	7.569885998060477E-5
22	22	2.10005014575567E-4	0.004537046130243455	0.1732864605425454	0.004725426933924704	1.5506937349902322E-4	2.6225561957654033E-4	0.2915583493761955	0.25149686059577603	8.007973243229409E-5	1.7262313699569555E-4	0.009157919539195002	0.009400817353045217	3.105813247387377E-4	2.764131345770619E-4	0.04021448634961225	1.3351125241657527E-4	0.004622768804217232	1.8633426557473275E-4	0.02713143700131957	0.18208155451953945
23	23	2.019422596650545E-4	9.694859460138384E-5	2.6311180812420076E-4	2.780968650357614E-4	1.491157711282596E-4	2.52186799130401E-4	0.10119645170284065	0.10106620405419796	7.700521891552911E-5	1.6599559027595143E-4	0.7852012144687982	5.08078274896587E-4	2.9865712804175994E-4	2.6580076247420715E-4	0.008809183206333537	1.2838533431311464E-4	1.7938010473356642E-4	1.7918030538099263E-4	4.943394131549517E-4	1.8872233795793076E-4
24	24	0.030803797318114706	4.1065574440787026E-5	1.1144914051822894E-4	0.03806388046872221	0.33435009257839626	1.0682151520869458E-4	0.1729657448768443	0.2686792625079609	3.2617941113089887E-5	7.031256406910478E-5	1.1627553420257663E-4	0.030933470691660615	0.0073543309728227695	0.01998910829144845	0.012766183777257774	5.438157742273535E-5	0.012724676636981309	7.589735776160572E-5	0.07068069149439932	7.993918065461209E-5
25	25	2.499179520323704E-4	1.1998080171719086E-4	0.2167795032895112	0.010902890740804647	0.0265813564842581	3.120991538512286E-4	0.5000726020431173	0.10923854809956754	9.529945163084493E-5	0.10579269170520456	0.005619083865041698	0.021746235173479588	3.696095008734928E-4	3.2894740465109107E-4	3.4326659519841497E-4	1.588860096729777E-4	2.2199567581704537E-4	2.2174840986540428E-4	6.117802878381297E-4	2.3355735586714702E-4
26	26	5.122300398644276E-4	2.4591178963647396E-4	6.673876591645527E-4	7.053975156052536E-4	3.782347365832754E-4	6.396761845990255E-4	0.018634573156456394	0.5376903350551185	1.9532507173235415E-4	4.21050690258685E-4	0.4010564369268234	0.0012887493456604337	7.575489788831907E-4	0.011494752765864442	7.035567485757726E-4	3.256516244905357E-4	0.02209608979786019	4.5449394852002195E-4	0.0012539004848559534	4.7869747944702824E-4
27	27	2.2497566024772377E-4	1.0800648718456218E-4	2.931221669495747E-4	3.098164095420848E-4	1.6612381736527606E-4	2.8095105865520844E-4	0.22679819070662954	0.10308880356096699	8.578838325755145E-5	0.11424426758646464	0.504067895088391	0.048090753783972845	3.327217625489958E-4	2.9611782165440005E-4	3.0900792947338495E-4	1.4302888063709196E-4	1.9984008084625516E-4	1.9961749251166434E-4	5.507234396875121E-4	2.1024788301369468E-4
28	28	3.347456562191004E-4	1.60704950876489E-4	4.361421676454124E-4	0.007532277946357537	2.471788556874519E-4	0.007489328629911561	0.1536037363407398	0.20288690649654606	1.2764620233986088E-4	2.7515935935630147E-4	0.6227290856402486	8.422060633718748E-4	4.95063175368395E-4	4.405994604870843E-4	4.597789023691522E-4	2.1281545058886495E-4	2.973459392367072E-4	2.970147457287194E-4	8.194321066129713E-4	3.128319103079861E-4
29	29	1.244389248395681E-4	5.9740734291639856E-5	1.621322380460422E-4	1.713661862737545E-4	9.188669210001298E-5	1.5540013365488635E-4	0.2568817933667973	0.14639631204322043	4.7451418364722935E-5	1.0228821256288722E-4	1.6915350358560536E-4	3.130831276590625E-4	0.5942692744091175	1.6378919973802515E-4	1.7091899838510714E-4	7.911238090328805E-5	1.1053588985127543E-4	1.1041277140811668E-4	3.04617097881619E-4	1.162926713192485E-4
30	30	3.6297976775983713E-4	1.7425960475742116E-4	0.4375332154157388	0.17685752296183754	2.680271482711899E-4	4.532914801105901E-4	0.11288536819641953	0.23533484472059774	1.3841251714532076E-4	2.9836766661648154E-4	4.934091123531032E-4	9.132419065314417E-4	0.008204543593594236	4.7776180772315566E-4	4.9855893901008E-4	2.307653628816337E-4	3.224255728588964E-4	3.2206644484519543E-4	0.023891720073288714	3.3921770765902415E-4
31	31	1.7903044770531564E-4	8.594907437737476E-5	2.3325986786104161E-4	2.4654476153419385E-4	1.321975068977373E-4	2.2357438026380133E-4	0.014076819546197503	0.5888113789544132	6.82684191063288E-5	0.007710978366173714	0.3822160783541981	4.504331147673149E-4	2.647723137910032E-4	2.356437408648362E-4	2.4590139172031805E-4	1.138190882829415E-4	1.5902813266100203E-4	1.5885100199205813E-4	0.0042201611153290415	1.6731042186336878E-4
32	32	6.194797758367842E-4	2.974003249788797E-4	8.071239976572184E-4	8.530922843935951E-4	4.574287948717479E-4	7.736103480936296E-4	0.16648366563066352	0.4408928307230216	2.3622185782795494E-4	0.1313705017920276	8.420771444169379E-4	0.040816972889973456	9.16163120281173E-4	0.21019344037159077	8.508661011203682E-4	3.938359323745927E-4	5.502679194252771E-4	5.49655013249274E-4	0.0015164397454819093	5.789262327136554E-4
33	33	5.235604583695869E-4	2.513513056255624E-4	6.821501308960317E-4	7.210007572004215E-4	3.8660120774887017E-4	6.538256844628147E-4	0.05222644386130747	0.18460747240098282	1.9964562038245591E-4	4.3036424112692336E-4	0.3767480412566563	0.0013172562044898137	7.743057996490606E-4	6.891215799347783E-4	7.191192727994642E-4	3.328549685063207E-4	4.650652617855325E-4	4.6454725708067787E-4	0.0012816364943664465	0.37652563623662866
34	34	2.0456016295929835E-4	9.82053996188192E-5	2.6652269037532174E-4	2.8170200791325295E-4	1.5104885174797663E-4	0.008897871295170407	0.39635044254821034	0.25361865493366537	7.800348553197333E-5	1.6814749450508177E-4	2.780646674922508E-4	5.146648100368376E-4	0.320071892741369	2.6924650331541534E-4	0.008923382135144715	1.3004967336819088E-4	1.817055207603193E-4	1.8150313128429064E-4	0.009143163084358275	1.911688631728953E-4
35	35	0.0073027617655548795	1.5846386111324732E-4	4.3006000438972417E-4	4.545532937145574E-4	2.4373185545410698E-4	4.1220292131417704E-4	0.4861505201530459	0.43712883868689023	1.2586612900783022E-4	2.7132216068787046E-4	0.0074213683558515256	0.021748513972065328	4.881593369463371E-4	4.3445513864010963E-4	4.5336711613709065E-4	2.098476607032819E-4	2.931993405356068E-4	0.021210925548261563	0.014753373345653317	3.0846935403337956E-4
36	36	4.9860774422003196E-5	2.3937198751601045E-5	6.496390866580145E-5	6.866381052689517E-5	3.681759251045866E-5	6.226645737501316E-5	0.06501059181473579	0.0333800871442832	0.9005718664298735	4.0985322713157366E-5	6.777722240727334E-5	1.2544762198540003E-4	7.374026474454871E-5	6.56278278796357E-5	6.84846291777406E-5	3.1699121342393384E-5	4.429004088966031E-5	4.424070921205668E-5	1.220554133053002E-4	4.659669519852254E-5
37	37	3.470148810791985E-4	1.665951697390875E-4	4.521278159320916E-4	4.778779375299936E-4	2.562385489343931E-4	4.333544264342191E-4	0.4891050951631237	0.2689670017634272	1.3232473940210214E-4	2.85244604645021E-4	4.717075706541628E-4	8.730749197052463E-4	0.23508843783785235	4.5674847916297025E-4	4.766308932293531E-4	2.2061564326789665E-4	3.0824437547315647E-4	3.079010429349939E-4	8.49466243238296E-4	3.2429794423456383E-4
38	38	1.5550606230842334E-4	7.465546942874851E-5	0.019912429303351693	0.0034991189934485056	1.1482691356777174E-4	1.9419697572949508E-4	0.3801437730903534	0.16652043101530015	5.929803098476593E-5	1.2782525384825397E-4	0.4108326235938955	3.912467455037456E-4	2.299815503656737E-4	2.04680436870902E-4	0.01335346991237422	9.886339704377288E-5	1.3813202739167217E-4	1.3797817147948195E-4	0.0036656370229948207	1.4532603375912306E-4
39	39	1.3704793078632072E-4	6.579407551841277E-5	1.785605891935508E-4	1.8873018443256074E-4	1.0119728240453551E-4	1.7114634177993086E-4	0.225009754933276	0.14964997819792378	5.225952175451042E-5	1.1265275631116328E-4	1.8629329754778163E-4	3.4480685898807004E-4	0.6139539706523062	1.8038544561666144E-4	1.882376843977779E-4	8.71285903213409E-5	1.2173614487004229E-4	1.2160055122120375E-4	3.354829929672904E-4	0.00881323596838306
40	40	0.01655916781775565	9.29820670039319E-5	0.10253664546943796	0.14346473684953828	1.430148903075785E-4	0.02069872860799132	0.2034317989575807	0.21967236799173048	7.385464899512808E-5	1.5920409327084182E-4	2.632750097708058E-4	4.8729090291528836E-4	2.864379541029923E-4	0.004346297806417624	0.28666205879602985	1.2313261276769273E-4	1.720409974593971E-4	1.7184937264147433E-4	4.7411414910806756E-4	1.81001005174886E-4
41	41	5.680069919524503E-5	2.7268923149065295E-5	0.5016237762875196	7.822085582401951E-5	4.194208817496442E-5	7.093308028827797E-5	0.34283224264384954	0.15201471413935652	2.165941038463016E-5	4.668990832646932E-5	7.72108669965998E-5	0.001342788015582175	8.400388170634768E-5	7.476230671185669E-5	7.801673492873242E-5	3.611119716841575E-5	5.0454597207550294E-5	5.039839924807529E-5	1.390438254654596E-4	0.0012529621389164637
42	42	0.0035214510034873867	7.641256015851023E-5	2.0737842512693746E-4	2.1918928806354145E-4	1.1752947919224545E-4	1.9876759471311453E-4	0.08984747423546822	0.07293339140185616	6.069366912532973E-5	0.050565108018244924	0.01030321396677088	0.027298734737432263	2.3539439490681516E-4	2.0949779453995646E-4	2.1861730360689567E-4	0.6994564601214415	1.413831020506393E-4	0.04385092999223733	3.8962648506393315E-4	1.4874642651353342E-4
43	43	1.7125825207929364E-4	0.0579658215829856	2.231334265324685E-4	0.05450172014040845	1.2645845581424328E-4	2.1386841213017364E-4	0.07134931055250224	0.10741610568138835	6.530470251412653E-5	1.4077347995749615E-4	0.2064431348997717	4.308785958054208E-4	2.532778320114268E-4	2.254138091659347E-4	2.352261476729636E-4	0.48488405963723336	1.521242915941644E-4	1.5195485064631566E-4	0.01489012822554988	1.600470242365317E-4
44	44	2.4474946689743407E-4	1.1749951141727383E-4	3.188855808567626E-4	3.3704713206756575E-4	1.8072495350985145E-4	3.0564471620804013E-4	0.28809364076859145	0.10180923347590953	9.332858961346647E-5	0.026052092646944428	0.06237487853404349	6.157794169945417E-4	0.08825505879994502	3.221445329194323E-4	3.361675921849242E-4	0.42928070170084903	2.1740464367569706E-4	2.1716249136389274E-4	5.991282262402139E-4	2.2872721976792816E-4
45	45	4.490618247508314E-4	2.155859445711639E-4	0.18082202730595662	0.010104562721817208	3.315908239961682E-4	0.01953310098311906	0.16811503474553965	0.42395158182606846	1.712375813705363E-4	3.6912671371285753E-4	0.057527352014827775	0.001129820759754517	6.641280290500964E-4	5.910648698038948E-4	6.167941212796081E-4	2.854922619639749E-4	3.988900455469648E-4	3.984457489346577E-4	0.039043888808600914	0.09528121286933504
46	46	3.4448960830108264E-4	1.6538283485074105E-4	4.48837622548305E-4	4.7440035713588015E-4	2.543738674247254E-4	4.3020084946672135E-4	0.4491601578453812	0.2015155138675372	1.3136179492766293E-4	2.8316884226568345E-4	4.682748928286483E-4	8.667214390673823E-4	5.094737338587679E-4	4.534246606071521E-4	4.7316238774008435E-4	2.1901019431239843E-4	3.060012407465739E-4	3.056604066842973E-4	8.432845660338293E-4	0.34234709898828164
47	47	3.323951914015468E-4	1.5957653792766008E-4	4.3307973262510225E-4	0.0917391165793402	0.021310375155512668	4.15097263469905E-4	0.2859364209698411	0.3840250500219769	1.26749916153259E-4	0.18985761440401538	4.5183459494742674E-4	0.007857936359496515	4.915870180096625E-4	4.3750572794338215E-4	4.565504986130636E-4	2.1132113626410034E-4	2.952580819162799E-4	2.949292139311894E-4	0.014856966280602391	3.1063531601220915E-4
48	48	3.300775046820715E-4	1.5846386111324732E-4	4.3006000438972417E-4	4.545532937145574E-4	2.4373185545410698E-4	4.1220292131417704E-4	0.15843435989202392	0.018767783034521784	0.7810665033467622	2.7132216068787046E-4	0.0074213683558515256	8.304611894469053E-4	4.881593369463371E-4	4.3445513864010963E-4	4.5336711613709065E-4	2.098476607032819E-4	0.007265883601408414	2.9287276564313983E-4	8.080048239077031E-4	0.0212265221366518
49	49	7.70777108627381E-4	3.700352643190405E-4	0.0010042502200780699	0.0010614454740980397	5.691479490801765E-4	9.625514351979962E-4	0.028040335982326147	0.9230637822180316	2.9391500364200907E-4	6.335751681198695E-4	0.0010477400747072923	0.018221435278327876	0.0011399202821875739	0.017296705799614055	0.0010586755836616735	4.900236183162127E-4	6.846614408551206E-4	6.838988428355784E-4	0.0018868041992998717	7.203190566743233E-4
50	50	3.233143970590106E-4	1.5521702322859074E-4	0.32825250137646506	4.4523974522306186E-4	0.013898373467415775	4.037571088009219E-4	0.018591771026904628	0.5374493921087384	1.2328720083337638E-4	2.657629179426827E-4	4.3949080316072755E-4	8.134454936744403E-4	4.781572190008865E-4	0.00725537116257665	0.08923170891060823	2.0554799685569303E-4	2.871918463352288E-4	2.8687196278377546E-4	7.914492467886152E-4	3.021489856042943E-4
51	51	0.3076828145300362	5.418566666333894E-5	0.11459168750323048	1.5543148501435042E-4	8.334249198582278E-5	1.4095005596274286E-4	0.3569769993264533	0.12086215031093184	4.303908829880803E-5	9.277681393174627E-5	1.5342455142048985E-4	0.01935807592030633	1.669228486832541E-4	0.0025328222069766182	1.550258794563096E-4	7.175601624917687E-5	1.0025757053098237E-4	1.0014590041175447E-4	0.07418844963021737	0.0024897422032391053
52	52	0.08140139424981442	7.692988051765402E-5	0.057754597425271566	0.050996392363197814	1.1832516503577155E-4	2.001132703882893E-4	0.45265588013527264	0.18174869162587376	6.110457108496224E-5	1.3171950536149511E-4	2.178238847292545E-4	0.007173262132107776	2.369880375312871E-4	2.109161146968315E-4	0.047610768563509084	1.0187531309284185E-4	0.06784329913605741	1.42181736009196E-4	0.05116798343636438	1.4975345408368304E-4
53	53	2.3386724120211236E-4	1.1227516417541185E-4	3.047070622848661E-4	3.220611016274782E-4	1.726894314807273E-4	2.9205492242208563E-4	0.20117969110642012	0.04787950236121566	0.7460747239136184	1.922377753618392E-4	3.1790264400177737E-4	5.884001925197591E-4	3.458717294553434E-4	3.078211124920761E-4	3.2122066847561844E-4	1.4868172712546293E-4	2.077382430510887E-4	2.07506857488414E-4	5.724893589077021E-4	2.1855738667398678E-4
54	54	3.1058688605387904E-4	1.491067900026788E-4	4.046655578918555E-4	0.20381737740505046	2.2933982759757872E-4	3.878629107930123E-4	0.2409324278178299	0.3588293318868267	0.0722889601467573	0.026499128686505915	4.221899217747949E-4	0.020464294400762736	4.5933420548099636E-4	4.08801165563547E-4	4.2659641703203467E-4	0.07236798268554089	2.7588632632725795E-4	2.755790352290282E-4	7.6029326026239E-4	2.90254666717016E-4
55	55	0.11892662895840857	5.510536652789056E-5	0.05106891449425878	1.580696423817391E-4	0.002509488613456025	1.433424182858438E-4	0.5812618515858473	0.11806409510671138	4.3769595942550286E-5	9.435152599973101E-5	1.5602864486160252E-4	0.007562985184433446	1.6975605035406474E-4	1.5108056490923996E-4	1.5765715243157464E-4	7.297393977930817E-5	1.0195925438421445E-4	1.0184568887456592E-4	0.1190928268530869	1.0726935906530164E-4
56	56	1.3547905448280852E-4	6.504088818168991E-5	1.7651649063971187E-4	1.8656966794453446E-4	1.0003881166051642E-4	1.6918711891161938E-4	0.07075260290759618	0.14507492641205275	0.7727678188939008	1.1136314734816858E-4	1.8416067768005408E-4	3.408596318592031E-4	2.003631403786382E-4	1.7832045675106732E-4	0.0030479945007676414	0.005809954562777847	1.2034255248326399E-4	1.2020851106262291E-4	3.316425021632493E-4	1.2661007135768897E-4
57	57	3.189575531291218E-4	1.5312538625968252E-4	0.2901402030844534	4.3923988843052225E-4	2.3552079476043527E-4	3.983162539406675E-4	0.11267018615830883	0.26743345545829134	1.2162583623758375E-4	2.621816126671964E-4	4.335684166063073E-4	8.024838566621422E-4	4.717137806755703E-4	4.19818818306007E-4	0.007175875795909323	2.027781216180058E-4	2.8332177415842184E-4	2.83006201218318E-4	0.31745654385083083	2.980773575363E-4
58	58	2.777816447245544E-4	1.3335762463376408E-4	3.619234078514149E-4	3.825361006185876E-4	2.0511617641142034E-4	3.468955133831557E-4	0.05704923442793396	0.0157943075950738	0.921376647062677	2.283352090857896E-4	3.7759678892684774E-4	6.988869941520772E-4	4.1081776728532936E-4	3.656221986006762E-4	3.8153785519522414E-4	1.7660042718725772E-4	2.4674627592262985E-4	2.4647144195343046E-4	6.799885049623223E-4	2.595969834207463E-4
59	59	1.9056142012464198E-4	9.148487244309512E-5	2.482836425167842E-4	2.624241880888299E-4	1.4071206866909933E-4	2.3797433315188947E-4	0.34507388639443703	0.10744690456198751	7.266544356734016E-5	1.5664059355322447E-4	2.5903576315762354E-4	4.7944455885241474E-4	0.008332811315967015	2.508210557379567E-4	2.617393801862139E-4	1.2114993498865803E-4	0.535559811704605	1.6908225900018318E-4	4.664799767549154E-4	1.7808653221051995E-4
60	60	0.01773865520030592	1.969070380563425E-4	0.00919864274744447	5.648274759638918E-4	3.028609640096212E-4	5.122029448477252E-4	0.08423512195449136	0.690468125622219	1.5640112818428255E-4	3.3714465017304387E-4	5.575344153839021E-4	0.16565269182337616	6.065863122504446E-4	5.39853528223982E-4	5.633535328720918E-4	2.607564969189133E-4	3.643292123475392E-4	3.639234107071685E-4	0.02699677782611403	3.833037161101227E-4
61	61	1.7570789221110317E-4	8.43539793923861E-5	2.2893088993871264E-4	2.419692345079023E-4	1.2974410548756348E-4	2.1942515148717806E-4	0.04722106373210995	0.0025670828135479383	6.700145243171997E-5	1.4443106327571977E-4	2.388449242346665E-4	4.420737041786268E-4	2.5985850880879335E-4	2.3127052158329833E-4	2.4133780474074653E-4	1.1170676469794321E-4	0.939221527177978	1.5590294887486648E-4	0.007853561956804924	1.6420537370800611E-4
62	62	0.6415153984436535	2.125118907334792E-5	5.767426340595986E-5	6.095899671242813E-5	0.016864290326813327	0.001925457724095915	0.2269668379399213	0.07732402925057262	1.687958936936563E-5	3.638633121811014E-5	6.017189326077602E-5	1.1137105729363188E-4	6.546581848054893E-5	5.826368378421846E-5	6.0799921426768536E-5	2.8142140945424676E-5	3.932022467539266E-5	3.927642853955659E-5	0.03470665672905394	4.1368047704025254E-5
63	63	0.23791896672945853	7.71911763503644E-5	2.0949153584211443E-4	2.214227471756722E-4	1.1872706183218633E-4	0.0919075190855471	0.1688835317883658	0.31483128037470476	6.131211553552711E-5	1.3216689664308868E-4	2.1856373344553427E-4	0.09550780715213758	2.3779297816283962E-4	0.07493563156269795	0.013807026582012653	1.022213372201134E-4	1.4282374443041094E-4	1.4266466273229428E-4	3.935966372145311E-4	1.5026209849106743E-4
64	64	7.767862184470295E-5	0.3938564378261581	0.0050239472752841175	0.036207060434683955	5.735851235776666E-5	9.700556503808595E-5	0.3999268663515204	0.14717614704165186	2.9620641514704518E-5	6.385146282071243E-5	1.0559084350554285E-4	0.016604567237622943	1.148807295157521E-4	1.0224227929564243E-4	1.0669291991030203E-4	4.938439260338712E-5	6.899991782390238E-5	6.892306348752356E-5	1.9015140466926647E-4	7.259347869137047E-5
65	65	0.007146385231868333	5.3296162134386963E-5	0.4386827204247101	1.5287994291150983E-4	0.0024270977664118637	1.3863623902820435E-4	0.30186932181016307	0.1423293278358	4.2332564483172194E-5	9.125380238172214E-5	1.509059548663704E-4	0.07063301147623202	0.0025093060793495363	1.4612032892807726E-4	1.5248099571910445E-4	7.057807925285348E-5	9.86117558988009E-5	9.850191894105128E-5	0.03310348411025139	1.0374752066847269E-4
66	66	3.548178317943675E-4	1.7034121629137534E-4	4.622943282548584E-4	0.007983931918894953	2.6200030982039143E-4	4.4309880172196015E-4	0.07287049396413492	0.01267917780915608	0.8995723146312038	2.91658593534751E-4	4.823143518802004E-4	8.927068171844651E-4	5.247483849961477E-4	4.670188913742657E-4	4.8734837991934546E-4	2.255763901559294E-4	3.151755354930524E-4	3.1482448280506265E-4	8.685672777806026E-4	3.315900836034095E-4
67	67	3.602177176022219E-4	1.729335976034779E-4	4.693298725779006E-4	4.96059706183679E-4	0.007875365348495878	4.498422140211548E-4	0.13485451395085307	0.028090894555485007	0.8219501530478127	2.9609727434175124E-4	4.896545760467012E-4	9.062927039148789E-4	5.327344023349759E-4	4.7412633766798337E-4	4.947652157274524E-4	2.2900938207076637E-4	3.1997211488841434E-4	3.196157196154195E-4	8.81785790764393E-4	3.366364719921222E-4
68	68	1.291934693677278E-4	6.202329966819511E-5	1.6832696325950677E-4	1.7791372085194145E-4	0.687836806511845	1.6133763959281285E-4	0.23667623762091286	0.07284495657151782	4.926443532730339E-5	1.061964258648192E-4	1.7561649630214366E-4	3.2504536273453944E-4	1.9106724163190899E-4	1.7004723390530904E-4	1.7744944687281419E-4	8.213509536516849E-5	1.1475922921984684E-4	1.146314066849339E-4	3.1625586410998505E-4	1.207359649654999E-4
69	69	5.235604583695869E-4	2.513513056255624E-4	6.821501308960317E-4	7.210007572004215E-4	3.8660120774887017E-4	6.538256844628147E-4	0.007986873264635305	0.0076491900142941745	0.9734701987471699	4.3036424112692336E-4	7.116911849429677E-4	0.0013172562044898137	7.743057996490606E-4	6.891215799347783E-4	7.191192727994642E-4	3.328549685063207E-4	4.650652617855325E-4	4.6454725708067787E-4	0.0012816364943664465	4.892861649152512E-4
70	70	2.7616114043545913E-4	1.3257965169420266E-4	3.5981204287865456E-4	3.8030448667447376E-4	2.0391958315211007E-4	3.4487181715274885E-4	0.12088750087837358	0.5524057168959556	1.0530658174503284E-4	2.270031621607961E-4	3.753939896144191E-4	6.948098731718938E-4	0.023743358082732882	3.6348925586571494E-4	0.2628973523823334	1.7557018723027003E-4	2.453068237268327E-4	2.450335930659668E-4	6.760216327454069E-4	0.03526048793929059
71	71	4.6300742382686074E-5	0.899850955746596	6.0325521097006185E-5	6.376125198762237E-5	3.418883653008797E-5	5.7820666353925474E-5	0.03298277938351429	0.0016545260490352977	0.0635925112937735	3.805899307443833E-5	6.293796577512331E-5	1.1649073034660736E-4	6.84752501489777E-5	6.0942036841877754E-5	6.359486408885505E-5	2.9435821405613383E-5	4.1127756179532024E-5	0.0010191566507249518	1.133407235120504E-4	4.326971663158254E-5
72	72	0.36320643616964093	9.374919263656374E-5	2.5442885156004314E-4	2.6891938639294027E-4	1.4419479942057268E-4	0.012619244772447163	0.2174855432819057	0.3122375102879711	7.446396857855693E-5	1.6051756741379463E-4	2.654470953668169E-4	0.004616437974273197	0.004413927937697761	2.5702906768887066E-4	2.6821762897374154E-4	1.2414848804892338E-4	0.08267599633599718	1.7326717354602294E-4	4.7802571107150347E-4	1.824943093686496E-4
73	73	1.0627946098116732E-4	0.002296110967366712	0.07647147240234142	0.049538299925092795	7.847759951576387E-5	1.327224778142016E-4	0.37879610946803416	0.27096332626994474	4.052679797014004E-5	8.736121844452005E-5	0.022595351232199776	0.1012963655838031	1.571791790341862E-4	0.04055147568423785	1.459766631962588E-4	0.053949685270185836	9.440530611794387E-5	0.002339388396824576	2.601641006641979E-4	9.932199623071482E-5
74	74	0.357048664750996	7.114960476019293E-5	1.9309512667767324E-4	2.0409251019777764E-4	1.094345743010453E-4	1.850773717519169E-4	0.25584800111125616	0.20879182664446205	5.6513360640648454E-5	1.2182250489168293E-4	2.01457264739411E-4	0.02541851997881708	2.1918148175695411E-4	1.950685234041321E-4	2.035599214723783E-4	0.009486338117690708	1.3164526629922996E-4	1.3149863555099255E-4	0.13185243440862263	0.009530618841711452
75	75	0.029274055228815495	1.3181070308383708E-4	3.577251693137541E-4	3.780987590020355E-4	2.0273687013327657E-4	0.08154145982179985	0.5261793066957389	0.015611096812397566	1.0469581419012958E-4	2.256865667114827E-4	0.017772914219417475	0.08188936827238218	4.0605236403934447E-4	3.613810548363032E-4	3.7711209302425494E-4	0.24377031657707715	2.4388406888619534E-4	2.436124229356096E-4	6.721007754461612E-4	2.5658571076908935E-4
76	76	0.03415984673856355	3.521194171481998E-5	0.48505350695104077	1.0100538994892882E-4	5.415917438842136E-5	9.159479731230619E-5	0.1994403450340292	0.1653065379350805	2.7968464023013905E-5	6.028996164149148E-5	9.970120688569182E-5	0.08849956011730367	0.009404791340993562	9.653941859063212E-5	1.0074181177136985E-4	4.6629834372106946E-5	6.515124658224273E-5	0.01400955630681246	0.003278317962812117	6.854436613322873E-5
77	77	0.007687208834521445	5.732950507321534E-5	1.5558832802785072E-4	0.12377172640653643	8.817800188381433E-5	1.49127941870525E-4	0.4760700147572158	0.1884168807820651	4.553620510574033E-5	9.815970075672139E-5	0.005207521176862455	0.13652071086242978	0.04306076493578119	0.005202373384685297	0.012777007872323835	7.591928181210677E-5	1.0607448892518659E-4	1.0595633973443144E-4	2.923222766754018E-4	1.1159891771379857E-4
78	78	2.580933633761322E-4	1.2390565945316214E-4	0.005788334977493415	3.554231559084529E-4	0.4199994717052865	3.223086603793682E-4	0.34196513401765083	0.03648311140950424	9.841692363148044E-5	2.1215153416122946E-4	3.508339269529247E-4	0.08243030538379731	3.817003078028481E-4	3.3970805758384707E-4	0.06577925828827037	1.6408354940664697E-4	0.01658544833934362	2.2900232840439717E-4	0.022440047286332768	0.005693261125260477
79	79	0.005217255490602642	5.791387869245237E-5	0.4537565211208682	1.6612585435253432E-4	8.907682175034077E-5	1.5064803933184016E-4	0.21335006404068518	0.2999148302791472	4.6000366743800476E-5	9.916026651289131E-5	0.005260602709547766	3.0350912975701246E-4	1.7840787434993734E-4	1.5878057002873615E-4	1.656923413493391E-4	7.669314555688807E-5	1.0715573204638163E-4	1.0703637853212632E-4	0.02068178948746066	1.1273647268421147E-4
80	80	0.006277777600929423	0.006227074208534745	0.002187146892715052	1.3429814516035147E-4	7.201077751849358E-5	1.2178569273977166E-4	0.27959920221079126	0.1579912699063648	3.7187251523646266E-5	8.016235593303516E-5	0.010432990635893584	0.018786128233290695	0.5048651280447726	1.2836012868358953E-4	1.3394768801772952E-4	6.199966426024157E-5	8.662598674490516E-5	8.652949992384212E-5	0.012599237551387636	9.113752481465723E-5
81	81	4.2872697252991374E-4	2.0582357315116167E-4	5.585910008190345E-4	5.904045404592152E-4	3.1657540733830435E-4	5.353970143867615E-4	0.09710613187421929	0.09682961382309746	1.6348343546029485E-4	3.5241156056371416E-4	0.2994503697448532	0.0010786591224933653	6.340543407912548E-4	0.10018682920371157	5.888638528496187E-4	2.7256432501348E-4	0.009437420711802222	3.8040294285303453E-4	0.0010494912771386187	0.38983418527646846
82	82	2.6384741487189806E-4	1.2666806889982156E-4	3.437684143526219E-4	0.13970370589057687	0.01691567008242278	3.2949435707878874E-4	0.08762918664696472	0.5444953884992123	1.0061107554310904E-4	0.011364110038963272	3.586555789928763E-4	6.638290549307738E-4	0.028258281862707645	3.4728166440307933E-4	0.16757082947332047	1.6774170310941363E-4	2.3436885866238508E-4	2.3410781106017884E-4	6.458785617560151E-4	2.465749421709447E-4
83	83	2.512443622262968E-4	0.026657530663406263	0.005634730435331248	3.4599132251431997E-4	1.8552083589210794E-4	3.1375558347470137E-4	0.07813606943502012	0.5768679890376514	9.580524228370037E-5	2.0652168733989904E-4	3.41523877528678E-4	0.021861650763992616	3.715711599129648E-4	3.306932543879611E-4	0.2869437496811709	1.5972927851856756E-4	2.2317389180760038E-4	2.2292531352094614E-4	6.150272399023278E-4	2.347969341174063E-4
84	84	2.397904263639959E-4	1.151187714419683E-4	3.124244165443584E-4	3.302179838337002E-4	1.7706315852733306E-4	0.07121540555245902	0.20120956929210032	0.2010549105334396	9.14375936301504E-5	1.9710660578342313E-4	3.2595420442638407E-4	0.13736978484919105	3.5463166644050836E-4	0.015511893133434998	3.2935626492523317E-4	0.30407796334281983	2.1299965577597978E-4	0.03567073926894296	0.030979540462703018	2.240928172161747E-4
85	85	2.9694899890672925E-4	1.4255950270163824E-4	3.8689667112079535E-4	4.089316709065204E-4	2.1926950322921504E-4	3.7083182917470303E-4	0.04216712314408973	0.35561884621201695	1.1323346933666555E-4	2.4409068432299636E-4	4.036515392275362E-4	0.013292841161596574	4.39164815405432E-4	3.908506840335194E-4	0.006680729498234126	1.8878612412190598E-4	0.006536637095851876	0.4393640250685162	0.1324570727587744	2.775095684325587E-4
86	86	2.512443622262968E-4	0.20180115697601403	3.273478197976801E-4	0.0374976696312493	1.8552083589210794E-4	3.1375558347470137E-4	0.39657902636703424	0.14166261456389873	9.580524228370037E-5	2.0652168733989904E-4	3.41523877528678E-4	0.21823480753873464	3.715711599129648E-4	3.306932543879611E-4	3.450884423582644E-4	1.5972927851856756E-4	2.2317389180760038E-4	2.2292531352094614E-4	6.150272399023278E-4	2.347969341174063E-4
87	87	0.029924505845869455	0.6288328620999251	9.015012975153527E-4	9.528446725824895E-4	5.109161086706995E-4	0.04471295399979527	0.06902030033144908	0.17088809743299033	2.6384336477606405E-4	5.687515170165138E-4	9.405415283195345E-4	0.0017408311216592098	0.001023290404035238	9.107144751859879E-4	9.503581808970157E-4	4.398873098488261E-4	0.029847201022150265	6.139263719928217E-4	0.0016937575913043058	0.01526291532401651
88	88	1.5970301921860162E-4	7.667034771484487E-5	0.0035817060929503254	2.1992875119404535E-4	1.1792597993996809E-4	1.9943816264609982E-4	0.06316156179357318	0.3498169416492956	0.003434526477141341	0.566900787558176	2.1708902796173894E-4	4.018061134650406E-4	2.361885280403212E-4	2.102045621760613E-4	2.1935483707459237E-4	1.0153162367897389E-4	1.4186007604953478E-4	1.417020677163762E-4	3.909409399030267E-4	0.01027013239208453
89	89	0.05150249397271238	6.485527810281203E-5	1.7601275767008576E-4	0.08294462861712887	0.1484944688888763	1.6870430209647098E-4	0.5756634748723244	0.1075622407437506	5.1513845132761475E-5	1.1104534537557496E-4	1.8363513015347494E-4	3.3988690554927117E-4	1.9979135516275966E-4	0.011592789695909737	1.8555177308678383E-4	0.020062097086957897	1.1999912558238302E-4	1.1986546668171289E-4	3.3069607918676994E-4	1.2624875855910315E-4
90	90	3.2553776064217255E-4	1.5628441731952033E-4	0.2411116187565039	0.26176613005672894	2.4037967233821414E-4	4.0653365961436085E-4	0.24565352633003176	0.18355249806684007	1.241350204018717E-4	2.675905123798112E-4	4.4251308690611795E-4	8.190393834114099E-4	4.8144540337319736E-4	4.284798295134104E-4	4.4713169980554774E-4	2.0696150622910152E-4	2.8916680290484373E-4	2.8884471958299466E-4	0.06268795651626843	3.042267992042847E-4
91	91	4.7616359424723875E-4	2.2859698281667694E-4	6.203964660646477E-4	6.557300241363608E-4	3.5160298620580236E-4	5.946361741955789E-4	0.09779180529078757	0.5803005181062655	1.81572108163148E-4	3.9140424112361677E-4	6.472632285330069E-4	0.0011980076777142275	7.042094694384127E-4	6.267368039918822E-4	6.540188666939714E-4	3.02722284758829E-4	4.2296384891429335E-4	4.2249273812248783E-4	0.3129841670249124	4.4499208291438603E-4
92	92	3.4200082347740364E-4	1.641880171274912E-4	4.455949695440434E-4	4.709730246975798E-4	2.525361289109009E-4	4.270928388925654E-4	0.03411542358161611	0.3445507942753737	1.3041276414778097E-4	2.8112307281375376E-4	0.12328236143595503	8.604597605960164E-4	5.057930118098677E-4	0.45559724217259656	4.6974399908229346E-4	2.1742794267199682E-4	3.0379051732953714E-4	3.0345214564238347E-4	0.03695997739147034	3.196121262446297E-4
