0	0	9.321208562218996E-5	0.18271185482056276	2.359910302311521E-5	2.911627088262404E-4	0.041984893867899914	0.02098289729794686	2.393482599275637E-4	0.29733666129700587	1.4501228168774892E-4	1.9061037410475247E-5	4.480050651912201E-4	5.855684206418857E-4	0.01619009471838013	0.01601086240242866	2.0393434742615882E-4	5.152650952453968E-4	2.1234711004401689E-4	1.6321538940927788E-4	0.42135007137411923	4.929333172014028E-4
1	1	3.621032147301398E-5	1.0610513263228706E-4	9.167599901212265E-6	0.0021380345409627477	1.1056502636215874E-4	5.1572743280383206E-5	9.29801900486643E-5	8.630830406926348E-5	5.6333267326856314E-5	7.404686716699158E-6	1.740375974191353E-4	0.2290441002723625	2.1462714919367974E-4	1.4500034344596598E-4	0.02640325914986372	2.001662618974519E-4	0.24104866930802726	6.34046720487302E-5	0.45527219334919256	0.04473986008377578
2	2	7.518458189378739E-5	2.203092850111433E-4	1.9034963996545808E-5	2.348509464201079E-4	2.295694967886339E-4	1.0708204133291007E-4	0.5299492988998687	1.7920453316730314E-4	1.169664608980924E-4	1.5374574215376852E-5	0.0045657741229283245	0.18126214607905652	4.4563681897185866E-4	3.010685835685046E-4	1.6449281810048929E-4	4.156112428114718E-4	1.712785265821024E-4	1.3164903166212348E-4	0.2809978684934764	3.9759849924956995E-4
3	3	4.5988205757561875E-5	1.3475673434889436E-4	1.164312973233765E-5	0.5376325515653638	1.4042093455929715E-4	0.06435842958376814	1.1808765946808555E-4	1.0961416205822845E-4	7.15449568917503E-5	9.404176556444754E-6	0.013079619150911248	0.07229698520411774	2.725829845403003E-4	0.01561445818375268	1.006154370204935E-4	2.542172193837701E-4	1.0476605607034211E-4	8.052585521343159E-5	0.29532058944854633	2.4319935193917646E-4
4	4	6.626870616195807E-5	0.07801656819176682	1.6777674412987304E-5	2.070007968144052E-4	2.0234565576125992E-4	9.438355781958049E-5	1.7016355123524628E-4	1.579532964369146E-4	1.0309581875456754E-4	1.3551357411062693E-5	3.1850715308056764E-4	4.163071917790148E-4	0.2227424606317478	2.653659167418575E-4	1.4498619203406765E-4	3.66325363974066E-4	1.5096720715900358E-4	1.1603723497522663E-4	0.3922026030437273	0.3042283314582064
5	5	2.2680246807487648E-4	6.645869182451025E-4	5.7421039066651225E-5	7.084534213816304E-4	6.92521354177697E-4	3.2302462352067383E-4	5.823791595118598E-4	5.405899639099927E-4	3.52842050131331E-4	4.637907520153361E-5	0.0010900802596270395	0.001424797676629509	0.05207660768462236	9.082061254208608E-4	4.962104754201666E-4	0.0012537365142559576	5.166803030430778E-4	3.9713362166218823E-4	0.47985148636210506	0.4577900609039924
6	6	1.366675239133452E-4	4.004694010286219E-4	3.460099573158033E-5	4.269026511484003E-4	0.046273001932500564	1.9464944907493842E-4	3.509323261991329E-4	3.2575082822993036E-4	2.1261695136420394E-4	2.7947285684262642E-5	6.568648534321074E-4	0.01614379342173212	0.008452677389009186	5.472704217805266E-4	0.2525053567515202	0.130679963936	3.113432506756584E-4	2.393063408701182E-4	0.5260719124212346	0.016007971868870596
7	7	5.454492769450823E-5	1.5983003055516863E-4	1.3809490040470008E-5	1.7037971840513908E-4	1.6654813111669875E-4	7.768590387501448E-5	1.400594509221818E-4	0.042833084824452125	8.485685484534372E-5	1.1153949623558074E-5	2.6215917951535726E-4	0.10710034584197224	3.2330070150778117E-4	2.1841930497174244E-4	1.1933628735519342E-4	0.046054812895366025	0.6010175355632718	9.550876964650527E-5	0.19470773897045426	0.006388889204408915
8	8	8.815733084814515E-5	2.5832262464507396E-4	2.2319358257476478E-5	2.7537338190967915E-4	2.691806427763098E-4	1.255585481477573E-4	0.1333327709089834	2.101254395779618E-4	1.3714847820922463E-4	1.8027385291163478E-5	4.2371040718678125E-4	5.538139035102056E-4	0.06954066382409917	3.530165635173167E-4	1.9287528668995434E-4	4.873230244001298E-4	0.005130698583980072	0.1874893008234732	0.5020280762893975	0.09906353719509962
9	9	2.6357479246838863E-4	7.723388574229661E-4	6.6730924860638E-5	0.08925988382190343	8.048024069431783E-4	3.7539780245483264E-4	6.768024502078014E-4	6.282378175048333E-4	4.1004963890773564E-4	5.3898686486446286E-5	0.03074567441814481	0.0016558054024486373	0.07525940872268307	0.001055456949204335	5.766629181316156E-4	0.3257244189432287	6.004515947424508E-4	0.08889808858969607	0.38077845312639097	0.0013938621361690073
10	10	7.424807284624149E-5	2.1756508356086758E-4	1.8797861979703326E-5	0.004383969484045825	2.2670994892166785E-4	1.0574821333238167E-4	1.906528206090511E-4	1.7697233791602802E-4	1.1550951126651457E-4	1.5183066495413644E-5	3.5685836760082325E-4	4.6643443778847425E-4	0.09593709496236344	2.9731843366620085E-4	1.6244387390838014E-4	4.1043433447001705E-4	0.3987653567634558	1.30009193996651E-4	0.4975560472717639	3.9264596001268334E-4
11	11	2.524135008276669E-4	7.396335324849092E-4	6.390514889454672E-5	7.884535374863687E-4	7.707223862669788E-4	3.5950127337006836E-4	6.481426931074318E-4	6.016345697692102E-4	3.926857492726114E-4	5.161630222164902E-5	0.001213174516358238	0.001585688959127418	0.07207248708425329	0.0010107627555222556	5.522436519818432E-4	0.39662299718778793	5.750249774916349E-4	4.4197882232493725E-4	0.5199220954552825	0.0013348378961684862
12	12	2.5974628093916027E-4	7.61120378628301E-4	6.576163598140779E-5	8.113586372514721E-4	7.931123842939062E-4	3.6994502451167E-4	6.669716695046683E-4	6.1911245424498E-4	4.0409353151441403E-4	5.3115790137781344E-5	0.0012484180430957243	0.0016317542782342705	0.016064910323287704	0.0010401260859575485	5.682866974396838E-4	0.5388731526252915	0.05869306029098745	4.5481860113002706E-4	0.37524751944254503	0.0013736158250233091
13	13	2.938980119659889E-4	0.017296332899378604	7.440804930367321E-5	9.180369767661647E-4	8.973916860976403E-4	4.185858093812534E-4	7.546658492907247E-4	7.005140509734688E-4	4.5722420021181886E-4	6.009951352933155E-5	0.00141256144127139	0.1333274156611708	0.23183395699562434	0.0011768830250489324	6.430056669160195E-4	0.001624632536835304	6.695311350677767E-4	0.23060657254860709	0.37528006357520843	0.0015542203673512096
14	14	3.814114631862545E-5	1.1176292350514637E-4	9.656439241594198E-6	1.1913990987049928E-4	1.1646062991582621E-4	5.432273085385219E-5	0.614373131402795	9.091047856262492E-5	5.933709794101499E-5	7.799523119828774E-6	1.833177171059441E-4	0.051429206253171364	2.2607160523129753E-4	1.5273212417473737E-4	8.344722395872269E-5	0.010875339510555254	8.688961458660925E-5	6.678556763704394E-5	0.3217138463408817	2.017017605732916E-4
15	15	0.04991896274917928	1.7417431878371547E-4	1.50488522851101E-5	1.8567081095272118E-4	1.814953496610831E-4	8.465799161476969E-5	1.5262938616014275E-4	0.3624542079895128	0.04662802691377288	1.2154984708962646E-5	2.8568721626580774E-4	3.7340964427476375E-4	3.5231601503059415E-4	0.013533894498434154	1.300463779182852E-4	3.2857809461766456E-4	1.3541109122208476E-4	1.0408040862701883E-4	0.47145171916585255	0.05349782814112572
16	16	7.518458189378739E-5	2.203092850111433E-4	1.9034963996545808E-5	2.348509464201079E-4	2.295694967886339E-4	1.0708204133291007E-4	0.03382837448088595	0.2440352521289385	1.169664608980924E-4	1.5374574215376852E-5	0.08444965178361201	0.05092529305373054	0.11816924600313729	0.09700260469913295	1.6449281810048929E-4	0.025642098925132632	1.712785265821024E-4	1.3164903166212348E-4	0.3440640876992793	3.9759849924956995E-4
17	17	2.389236113906591E-4	0.040782814543153016	6.0489826852674135E-5	7.463157318141971E-4	7.295321973774124E-4	3.4028822646757023E-4	0.013974406838855606	5.694810446960427E-4	3.716992040846313E-4	4.885774054474167E-5	0.4955017577067262	0.06830546017698158	0.06822067298148649	9.56743942050191E-4	5.227297560012527E-4	0.0013207407232423835	5.442935651684245E-4	4.183578772205271E-4	0.2382784188047513	0.06806801550113496
18	18	1.3987454651286793E-4	4.098667646651392E-4	3.541293826262031E-5	4.3692029404428803E-4	4.2709460434135673E-4	1.9921706809878043E-4	3.591672591868506E-4	3.3339485541380634E-4	2.1760619349387746E-4	2.8603093108135904E-5	6.722787598926111E-4	8.787070554512039E-4	0.4075708479493044	5.601125993545735E-4	0.07070364044667735	7.732095151640089E-4	3.186491914912599E-4	2.44921872793168E-4	0.5149507766613053	7.39698331438429E-4
19	19	1.0981159135127526E-4	3.217749246875091E-4	2.780170661489902E-5	3.430138933694881E-4	3.3530001940669773E-4	0.0062971994639263095	2.8197216202560204E-4	2.617389691980189E-4	1.7083653167202864E-4	2.2455487793014163E-5	0.05579498471615813	6.898483140519999E-4	6.508793029553795E-4	4.397287240918175E-4	2.4025162694910426E-4	6.07025148069357E-4	2.501625611864516E-4	0.018614680466578923	0.44725903922281035	0.4672814951671037
20	20	5.4711810736182695E-5	1.6031903884205018E-4	1.385174089310353E-5	0.30000699530951264	1.6705769378147335E-4	7.792358793624384E-5	0.006259591935511361	1.3040711612344064E-4	8.511647880383227E-5	1.118807571224387E-5	0.003322513251862035	3.4370552261967034E-4	3.242898568100906E-4	0.04305281532811822	1.1970140292978016E-4	3.0244024883524506E-4	0.030720159189225788	9.580098369204336E-5	0.6144620790504315	2.8933237762316077E-4
21	21	4.169871374123419E-5	0.035099840535696036	1.055713145931919E-5	1.3025253502725427E-4	1.273233486066568E-4	5.938961520961772E-5	0.0117662908703612	9.939003904060221E-5	6.48716910763035E-5	8.527013823206944E-6	2.0041644646544006E-4	2.619558374353101E-4	0.014238219376161732	1.6697802084524575E-4	9.12306587559542E-5	2.3050542817564277E-4	0.352203368333316	7.3014907409403E-5	0.5336050964285843	0.05152107306880953
22	22	1.4439226708997177E-4	4.231047951915033E-4	3.6556718627763654E-5	4.510321096116511E-4	4.408890660965945E-4	2.0565145570036855E-4	3.7076777806539546E-4	3.441629675267915E-4	2.2463451996614304E-4	2.9526926539771408E-5	0.5013188070848622	9.070878655744599E-4	8.558471560167985E-4	5.782033262143493E-4	3.15909064428948E-4	7.981829261537459E-4	3.289410426190499E-4	2.5283245132289863E-4	0.4912098810927471	7.635893856445019E-4
23	23	0.4438042320924902	9.376390981093317E-5	8.101304705955565E-6	0.1897767945713189	0.04662221341209962	4.557425196764517E-5	8.21655459791914E-5	7.62696755370955E-5	4.978107341230785E-5	6.5434381943510835E-6	1.5379506328569168E-4	2.010190047121062E-4	0.005557876093994243	1.281351692244601E-4	7.000835103314138E-5	1.7688466959263027E-4	7.289635712894019E-5	5.6029994064206935E-5	0.3128486975982543	1.6921842319407194E-4
24	24	0.08349377003914736	2.73134297226424E-4	2.359910302311521E-5	0.01592876732511221	2.8461489113731984E-4	1.327578095655656E-4	2.393482599275637E-4	2.2217358757242115E-4	0.4015101974330276	1.9061037410475247E-5	4.480050651912201E-4	5.855684206418857E-4	5.524901020941591E-4	3.7325778614269065E-4	2.0393434742615882E-4	5.152650952453968E-4	2.1234711004401689E-4	1.6321538940927788E-4	0.49432555958345376	4.929333172014028E-4
25	25	5.231108354549347E-5	1.5328431872304053E-4	1.324393335478597E-5	1.634019524944067E-4	1.5972728481714743E-4	7.450433944423797E-5	1.3432342746076955E-4	0.4389197381938848	8.138160981868012E-5	1.0697148484421186E-5	2.514226587420452E-4	0.020805726380592415	0.023712463019777554	0.03531307837818661	1.1444896458218362E-4	2.891693203251526E-4	1.1917024857892762E-4	9.159728391772457E-5	0.4792636738372519	2.7663661601775447E-4
26	26	1.243162092693939E-4	3.6427701650488197E-4	3.147393399052077E-5	3.8832136412651704E-4	3.7958859231221586E-4	1.7705802338758406E-4	3.1921685016279573E-4	2.9631112770863685E-4	1.9340171434416352E-4	2.5421552364109783E-5	0.36904904110814046	0.16762694843300885	7.368516077367502E-4	4.978109087873365E-4	2.7198559974944166E-4	6.872049153515763E-4	0.014187037345101572	2.1767905277895766E-4	0.44376863344267653	6.574212024977797E-4
27	27	4.9013370455446274E-5	1.4362120968206018E-4	1.2409030129166342E-5	1.531010234912548E-4	1.4965800843672E-4	6.980755400608298E-5	1.2585562111812028E-4	1.1682472589702763E-4	7.625127831341168E-5	1.0022795666770685E-5	2.3557286675394675E-4	3.0790730339692006E-4	0.003031402021087081	0.4688881456922447	1.0723405288346525E-4	2.7093996263947236E-4	1.1165770511686884E-4	8.582295194607739E-5	0.5175728909940952	0.008481861832640223
28	28	0.0032227248289882168	1.659024993718348E-4	1.4334158010272281E-5	1.768530045792942E-4	1.728758426810852E-4	8.06374470057825E-5	1.4538077035914935E-4	1.3494882864203696E-4	8.80808460010662E-5	1.1577724874281951E-5	2.721194694375962E-4	3.556758178090435E-4	3.355839590501405E-4	0.16169820333304846	1.238702656141226E-4	3.1297339077638117E-4	0.009627302880023229	9.913746209799275E-5	0.48072279198245815	0.3422390254891719
29	29	9.726819655406087E-5	2.850196981532888E-4	2.462601470646047E-5	0.32122593110405995	2.9699986851025947E-4	1.3853474717055294E-4	2.497634661439705E-4	0.054625417455648306	1.513224709414609E-4	1.9890475800329533E-5	4.6749994324620767E-4	0.0767620557704333	0.006015889233520594	3.8950004675378556E-4	2.1280852216924907E-4	5.376867841464209E-4	2.215873649814699E-4	1.7031768436184293E-4	0.4723212066924056	0.06578667446029297
30	30	1.543636577444534E-4	4.523234180836147E-4	3.9081239710712374E-5	4.821793272105713E-4	4.7133582894573906E-4	2.1985326196588992E-4	0.42337447884937046	3.679300533076176E-4	2.401472520411139E-4	3.1565986700595564E-5	0.13022501164074943	0.20814267945210385	9.149499494361511E-4	6.181326891892476E-4	3.37725002056342E-4	0.009485509822953594	3.5165693803610327E-4	2.702924662743913E-4	0.22300446208987942	8.163210742406272E-4
31	31	7.988686705165563E-5	2.340881350752688E-4	2.022547176325735E-5	2.4953927867980803E-4	2.4392751023045203E-4	0.5138615826866342	2.0513201150094775E-4	1.9041256007002304E-4	1.2428191892413385E-4	1.6336149452220514E-5	3.839600931843033E-4	0.004969230157300515	4.735083765022483E-4	3.198983794702036E-4	0.022511641744088994	4.4160490440124314E-4	1.8199083558378504E-4	1.3988278480724382E-4	0.4549304045492588	4.2246558602080633E-4
32	32	4.1123354372372856E-5	0.4830509351860047	1.0411464028637423E-5	1.2845530893507956E-4	1.2556653946500698E-4	5.8570156563099965E-5	1.0559578455638422E-4	9.801865405044706E-5	6.397659067905263E-5	8.409357980822032E-6	1.97651097853889E-4	0.01635602248956736	2.4374785848840406E-4	1.646740560447144E-4	8.997185699606383E-5	2.2732491142164266E-4	9.368340379898689E-5	7.200744681229108E-5	0.2778781836710398	0.22098567081134132
33	33	1.4439226708997177E-4	4.231047951915033E-4	3.6556718627763654E-5	4.510321096116511E-4	4.408890660965945E-4	2.0565145570036855E-4	0.17801183109894134	0.16183603871377766	0.03252300966921632	2.9526926539771408E-5	6.939922714844953E-4	0.21084652633570058	8.558471560167985E-4	5.782033262143493E-4	3.15909064428948E-4	0.08961871458659172	3.289410426190499E-4	2.5283245132289863E-4	0.3216434115591837	7.635893856445019E-4
34	34	6.277898453345891E-5	1.839578388003886E-4	1.589415915117087E-5	0.0072174566949582625	1.9169009822529173E-4	0.12296315373704535	1.612027089384828E-4	1.4963544828817458E-4	9.76667749516545E-5	1.2837740565468457E-5	0.0038124128089388138	0.024969132469195687	0.003882784204149243	0.010783426595597213	1.3735119386557363E-4	3.4703460639380135E-4	0.021207087036350134	0.5969252373726255	0.16441912595072336	0.042460133576703016
35	35	6.962283950072227E-5	2.0401201422544794E-4	1.7626861915728026E-5	2.17477963398118E-4	0.16762857713821344	9.916070009756818E-5	1.7877623244326257E-4	1.6594796614197808E-4	1.0831392459666398E-4	1.4237247664704725E-5	3.3462811759995154E-4	4.3737822080590827E-4	0.05102680754592079	2.7879718347189274E-4	1.523245429469922E-4	0.02374523729410634	1.5860828198781648E-4	1.2191035942430253E-4	0.31471872125898	0.44032183430655847
36	36	4.0380460905832966E-5	0.002376449877239918	1.022338091328762E-5	1.261347635611267E-4	0.2981958261868933	5.7512086585370304E-5	0.0068780638330558815	9.624794689864841E-5	6.282085345984137E-5	8.2574429146244E-6	0.0972934646539857	2.536744303014607E-4	0.0024974697651866545	1.6169921894274814E-4	8.834651524671129E-5	0.10183885283441216	9.199101295033954E-5	7.070663216340127E-5	0.4896383341802066	2.1354392417645114E-4
37	37	1.1257683862771858E-4	3.298777781583559E-4	2.8501802047005085E-5	3.5165158109216204E-4	3.4374345833738213E-4	1.6033816220580496E-4	2.890727125547341E-4	2.683300126644471E-4	1.751384933147839E-4	2.3020956116501103E-5	0.4664033241171685	7.072198970344293E-4	0.15805316359095015	4.5080185983009376E-4	2.463015816843643E-4	6.223110993680848E-4	2.564620905209829E-4	1.971232853812936E-4	0.3577948292536534	0.013186211429289904
38	38	5.904763407822219E-5	1.7302406580846705E-4	1.4949469165739233E-5	0.1091509916213272	1.8029674835522326E-4	8.409890743167398E-5	1.5162141663417004E-4	1.407416711390387E-4	9.186182337612955E-5	1.2074712786998394E-5	0.39652578957047385	3.709436346051818E-4	3.499893083878093E-4	0.11580703004637262	0.013337253848729217	3.264081539882154E-4	1.345168318866815E-4	1.033930581581075E-4	0.36267370597231163	3.1226150498389437E-4
39	39	5.8277895767025135E-5	1.7076854356289453E-4	1.4754589568468923E-5	1.820402352651668E-4	0.0392856087277931	8.30026035409166E-5	1.4964489691406265E-4	1.3890697855653656E-4	9.066432298694625E-5	1.1917308190286845E-5	2.801009366761535E-4	0.010143023632028044	3.454268871599143E-4	0.1696999042407767	1.2750347300231074E-4	3.221531340346809E-4	1.3276328560797937E-4	1.0204523789030997E-4	0.4296433132624967	0.34901817980818184
40	40	6.777569654009331E-5	0.07221051084239564	1.7159208856198933E-5	2.117081198803369E-4	2.0694711810978443E-4	9.65298968946284E-5	1.7403317310162348E-4	1.615452497390272E-4	0.20856097331050993	1.3859523458234841E-5	3.257501979936009E-4	0.0610673838775086	0.015562125003442288	0.03438230590287289	1.4828326555507197E-4	0.20883018885447396	1.5440029257410965E-4	1.1867599173902577E-4	0.3973314263711859	3.5841810316912976E-4
41	41	3.2522414663095525E-5	0.5493407561157974	8.233908822786324E-6	1.0158891186340842E-4	9.930432783553283E-5	4.6320222357815697E-5	0.0019022040192626531	7.751807605190764E-5	5.059590207439649E-5	6.650542774945454E-6	0.012887167392253459	0.05112772922899645	0.03838533297472444	1.3023251669708118E-4	7.115426467254601E-5	0.001998473528423806	7.408954235133485E-5	5.6947106572449564E-5	0.3234255615274183	0.02017761747638619
42	42	0.042683446883756006	2.7895045308356343E-4	2.4101625271931683E-5	2.9736276393289184E-4	0.2025848626757843	1.3558477095242387E-4	2.4444497168441725E-4	2.2690457970992565E-4	1.4810019133534687E-4	1.946692552304057E-5	4.5754494103398185E-4	0.005921568828807905	5.642548953696176E-4	0.3144695492055509	2.0827695090473733E-4	5.262372145732258E-4	2.1686885594107396E-4	1.6669091830743426E-4	0.3025576026626172	0.1282681796858601
43	43	5.487971808646466E-5	1.6081104860465008E-4	1.3894251076532996E-5	1.714254892057854E-4	0.0032365119530537068	7.816273087446478E-5	1.409191194643066E-4	1.3080732794300154E-4	8.537769630383782E-5	1.1222411262873974E-5	2.6376828192276145E-4	0.009551585041699638	3.2528508343205085E-4	0.06159859131656816	0.003189010328512467	0.4207483633693649	1.2502187305330398E-4	9.609499131324421E-5	0.42607344999116087	0.07394481797709701
44	44	1.2177646995243902E-4	3.568349567242814E-4	3.08309318584195E-5	3.8038808622267993E-4	3.7183372206779115E-4	1.734407861341113E-4	0.6336325117191062	0.013910038585791377	1.8945058085342184E-4	2.490219840040223E-5	5.852940098447003E-4	7.650129777207576E-4	0.014341578968531991	4.8764079545387347E-4	2.664290232950204E-4	0.11644130401988052	2.7741983556268105E-4	0.020642903436862692	0.1963564185924402	6.439903032964923E-4
45	45	2.6357479246838863E-4	7.723388574229661E-4	6.6730924860638E-5	8.233175992270771E-4	0.01554423011072257	0.059333108617572405	0.015416230153987194	6.282378175048333E-4	4.1004963890773564E-4	5.3898686486446286E-5	0.07496395752948298	0.0016558054024486373	0.0015622702037861077	0.001055456949204335	0.01531609062191101	0.0014570094600820623	6.004515947424508E-4	4.6152236701971715E-4	0.41025730853394976	0.3993584101382126
46	46	1.3987454651286793E-4	0.016053781318236173	3.541293826262031E-5	0.016080834847615324	4.2709460434135673E-4	1.9921706809878043E-4	0.031646996366328915	3.3339485541380634E-4	2.1760619349387746E-4	2.8603093108135904E-5	6.722787598926111E-4	8.787070554512039E-4	8.290695564575115E-4	5.601125993545735E-4	3.060249556076979E-4	0.4935565179526516	3.186491914912599E-4	2.44921872793168E-4	0.43673120389345005	7.39698331438429E-4
47	47	1.409772646539895E-4	4.1309799956889263E-4	3.5692120504323E-5	0.07139296853485648	4.3046165703195503E-4	2.0078762028636783E-4	0.2211034326128295	3.3602321464275004E-4	2.1932171860669018E-4	2.8828589100429468E-5	6.775787519419588E-4	8.856344502841762E-4	8.356056279798111E-4	5.645283157216843E-4	3.084375408749788E-4	7.793052072003062E-4	3.211613014703176E-4	2.4685274441362865E-4	0.653032039076689	0.048047265651342694
48	48	5.615374622906986E-4	0.0016454426387447684	1.421680497274719E-4	0.0017540511784133958	0.001714605167694553	7.997727224437581E-4	0.31546058496587437	0.001338440093048811	8.735973250290345E-4	1.1482938617520086E-4	0.0026989164089787077	0.0035276391760784573	0.003328365498956573	0.002248616460105406	0.0012285614592055987	0.003104110932179326	0.0012792424555565854	9.832582863466754E-4	0.6228248147549037	0.03437144557824689
49	49	8.134037802690022E-5	2.3834727911312966E-4	2.059346648219388E-5	0.11851909215851514	2.48365677933972E-4	1.1584946677253235E-4	0.05934137061402737	1.9387704373424335E-4	1.26543180879292E-4	1.663337944005675E-5	3.909461001476062E-4	0.02325426072274026	4.82123680212572E-4	3.2571880806733767E-4	0.013823923788799566	0.4052798752030131	1.8530208919376726E-4	1.424278985470734E-4	0.3767832568786628	4.301521856911542E-4
50	50	5.421419727191982E-5	1.5886090921277935E-4	1.3725756892955451E-5	1.693466295616773E-4	1.6553827490982945E-4	7.721485930856743E-5	0.2669309946863853	1.2922104065005478E-4	0.1759243820997572	1.1086318211647694E-5	2.6056959053080215E-4	0.2095295922909647	0.003353065207607035	2.1709493051405947E-4	1.1861269778572573E-4	2.996895020050748E-4	0.03044075398162684	9.492965703088312E-5	0.2571933596953766	0.0548577476743964
51	51	1.2261144043567435E-4	3.5928162525037435E-4	3.104232670409432E-5	3.829962487379373E-4	3.743832308745368E-4	1.7462999729344017E-4	3.1483937645639923E-4	2.922477639802003E-4	1.907495645003134E-4	2.5072942392571877E-5	0.3091355456593439	7.702583527586305E-4	7.267470392068037E-4	4.909843450803688E-4	0.020838005051527456	6.777811601634532E-4	2.7932198771284035E-4	2.146939837593015E-4	0.663950402027509	6.48405876312793E-4
52	52	3.9005783673506987E-4	0.001142965232492665	9.875345039906533E-5	0.0012184074155685448	0.001191007239013886	0.06599308889287737	0.5463144744318579	9.297136564396097E-4	6.068223505308475E-4	7.976333721778957E-5	0.0018747342193708087	0.0024503855899301046	0.0023119651556115723	0.0015619447160259631	8.533892344759316E-4	0.15484380190469468	8.885935104642182E-4	6.829955717641332E-4	0.1708793627521241	0.04568777350240561
53	53	5.437905961684553E-5	1.5934399636204557E-4	1.3767496152801043E-5	1.6986160320068134E-4	1.6604166755511217E-4	7.744966538168643E-5	1.3963353795712908E-4	1.2961399461501816E-4	8.459880989076004E-5	1.1120031085930378E-5	2.613619680974343E-4	3.416151440371457E-4	0.9886291596263046	2.1775510406853483E-4	1.1897339237273288E-4	0.0033415449704650548	1.238813194605693E-4	9.521833281413982E-5	0.005577107590129035	2.8757269043278743E-4
54	54	4.0471851413894105E-5	1.1859246169205613E-4	1.024651883580779E-5	1.2642023628400882E-4	0.3667677901461036	5.7642250003389486E-5	1.0392286737607788E-4	0.05215089106889714	6.2963031869541E-5	8.276131455723848E-6	1.9451978045617954E-4	2.542485553745111E-4	0.09076932153348119	1.620651824171802E-4	8.85464642500834E-5	0.018329610539604448	9.219921031168704E-5	7.086665795042173E-5	0.47037737828777504	2.140272244480693E-4
55	55	4.160170507409804E-5	1.2190321032930195E-4	1.0532571151344104E-5	1.2994951309491099E-4	1.2702714118835868E-4	5.925145009860336E-5	1.0682408459203751E-4	0.05128037006983862	6.472077236151454E-5	8.507176418850205E-6	0.007179206273940124	0.0025877651118256678	2.465831563606582E-4	1.6658956005617323E-4	9.101841804601794E-5	2.299691760386169E-4	0.10943645172523599	0.4095225350733061	0.41836919158336494	2.2000222767816428E-4
56	56	2.239619422024893E-4	6.562634800049945E-4	5.6701884868407095E-5	6.995805890447646E-4	0.013208076284674937	3.189789894130869E-4	5.750853100040741E-4	0.0756791888477553	3.484229757677606E-4	4.579821307879933E-5	0.0010764278456708257	0.001406953185351543	0.47724814804834825	8.968315446298493E-4	4.899958221778783E-4	0.001238034432016161	5.102092810078935E-4	3.9215982954827767E-4	0.423744803928373	0.0011843775660616762
57	57	1.658144113404793E-4	4.858769376222756E-4	4.198030062112067E-5	0.1674237851706315	5.062996961998512E-4	2.3616205878270024E-4	4.2577516166861814E-4	0.19511870044329735	2.579614645964933E-4	3.390756334503044E-5	0.019342046548408622	0.0010416640966693911	9.828212772912738E-4	0.019209079069009323	3.627775684328567E-4	9.16601939352724E-4	3.777429806100009E-4	2.903428620436728E-4	0.5919037843746593	8.768760754174406E-4
58	58	2.7731141959813983E-5	0.1970277390101127	7.0208715070579905E-6	0.06211701000042574	0.020244550499704854	3.949622668307972E-5	7.120751058815097E-5	6.609794487020108E-5	4.3142003985394996E-5	5.670770381361148E-6	0.24050103526007835	0.046697000578865784	0.08545615170235918	0.01561864322660445	6.0671663993006224E-5	0.09319887546801638	0.0016139341948822352	4.8557535254393186E-5	0.23700881383787306	1.4665055185483317E-4
59	59	1.809120499554852E-4	5.301167256858364E-4	4.580266685939384E-5	5.651074340064707E-4	5.523990055561216E-4	2.5766495101777685E-4	4.6454259732244083E-4	0.051015334474156994	2.814492238183283E-4	3.6994895342051596E-5	8.695172325903828E-4	0.021370159335258477	0.0010723085561576058	0.2131777703641693	3.958089833837763E-4	0.0010000598530665403	4.1213701768132947E-4	3.167789936811149E-4	0.7064984187477225	9.56716892568207E-4
60	60	5.573495468281885E-5	1.6331710181811783E-4	1.4110776824366882E-5	1.740969561343458E-4	1.7018177367997457E-4	7.938080615337758E-5	1.4311518009096655E-4	1.3284580805603534E-4	8.67082084299463E-5	1.1397299493827085E-5	2.67878803906537E-4	3.501330237416752E-4	0.9945791724145808	2.2318464024068243E-4	1.219398915515882E-4	3.08096064383135E-4	1.269701935787752E-4	9.759252002080683E-5	0.002599400514579576	2.9474306805266266E-4
61	61	2.1327740273337407E-4	6.249551559866545E-4	5.399681131487462E-5	6.662057382019476E-4	0.01257795935057949	3.037614771487879E-4	5.476497482634482E-4	5.083525960942719E-4	3.318007809433766E-4	4.361332036692526E-5	0.0010250747644748868	0.001339831750824535	0.0012641456654896217	8.540464538170466E-4	4.6661961972903685E-4	0.0011789715947192745	0.06011954671532668	3.7345108316126093E-4	0.5227965909070996	0.3947101490637248
62	62	8.603658631878653E-5	2.521083224678759E-4	2.1782435729673628E-5	2.687489005693594E-4	2.627051362009074E-4	1.2253806645285163E-4	2.2092314626427493E-4	2.050705862585976E-4	1.3384918497888528E-4	1.759371201218535E-5	4.1351747689467064E-4	5.404911566115373E-4	0.0341888638831127	0.49590555004588444	1.8823540926670544E-4	4.7559980605760423E-4	0.024252361029010804	1.5065101103287355E-4	0.4418383869686932	4.549871361821361E-4
63	63	1.6736632336197946E-4	4.904244208860636E-4	4.237320816560624E-5	0.00988212658118851	5.11038322828637E-4	2.3837237774764554E-4	4.297601324953873E-4	3.9892226691347446E-4	2.603758114240983E-4	3.4224915466293764E-5	8.044124333030539E-4	0.03848873885234095	0.019710682565409792	0.36568412386030474	3.6617292390907945E-4	9.251807206366436E-4	3.8127840233786396E-4	2.93060277100179E-4	0.5600062825550031	8.850830491768679E-4
64	64	8.815733084814515E-5	0.005188189371102766	2.2319358257476478E-5	0.010135106874825063	2.691806427763098E-4	0.5572005008978669	2.2636875462573022E-4	2.101254395779618E-4	1.3714847820922463E-4	1.8027385291163478E-5	0.025073044139475236	5.538139035102056E-4	0.010382262866606871	3.530165635173167E-4	1.9287528668995434E-4	0.030066523503146276	2.008318375223806E-4	1.5436445808092954E-4	0.3590619406421244	4.662022659457878E-4
65	65	2.1585181020065223E-4	6.324988019597695E-4	5.4648590605491755E-5	0.3386538370810874	6.590844851499279E-4	3.074280907000646E-4	5.542602638797929E-4	5.144887675902807E-4	3.358058485087258E-4	4.4139763657149356E-5	0.0010374481340600446	0.0013560044574498643	0.0012794047881123417	8.643553920352115E-4	4.722520450024761E-4	0.001193202606717055	4.917335320621407E-4	3.7795889901437956E-4	0.6498141078737077	0.0011414887684994093
66	66	1.7910012530902302E-4	5.248073415900376E-4	4.534393024689814E-5	5.594476004695268E-4	5.46866453285034E-4	2.550843076864263E-4	4.598899709129385E-4	4.2689010881978546E-4	2.786303691014117E-4	3.6624372965681167E-5	0.39146531076711893	0.0011251263912176847	0.0010615688497533483	7.171872169203996E-4	3.918447584885265E-4	0.37156354582595086	4.08009259357658E-4	3.1360629365215865E-4	0.21867848110666577	0.01096263495048788
67	67	1.658144113404793E-4	4.858769376222756E-4	4.198030062112067E-5	5.179475692026486E-4	5.062996961998512E-4	2.3616205878270024E-4	4.2577516166861814E-4	3.952232416303048E-4	2.579614645964933E-4	3.390756334503044E-5	0.21406552375007565	0.0010416640966693911	0.08443574007800571	6.639860021838943E-4	0.037452963702083716	9.16601939352724E-4	3.777429806100009E-4	2.903428620436728E-4	0.4249979467732304	0.2326905394107353
68	68	1.3772006557470507E-4	4.035536065268478E-4	3.486747447129259E-5	4.301904316891787E-4	4.2051608661396585E-4	1.9614853714389343E-4	3.5363502310228835E-4	3.282595904297334E-4	0.2697659159425165	2.816252103544427E-5	6.619236823647125E-4	0.1779991213760997	8.162994378024027E-4	5.514852118232526E-4	3.013112678789712E-4	7.612998060485354E-4	3.137410532620806E-4	2.4114935292141642E-4	0.545526394739215	7.283047934802676E-4
69	69	7.303509320158914E-5	2.1401075537927385E-4	1.849076412422655E-5	2.2813667813575118E-4	0.008391431328670965	1.0402062061093602E-4	1.8753815403617935E-4	1.7408116733974626E-4	0.11855578648996715	1.4935023012312357E-5	3.510284259022681E-4	0.43746955755136235	4.328962905406384E-4	0.05338722437742227	1.5979005267240833E-4	4.037291302257325E-4	1.6638176122368487E-4	1.2788525326808595E-4	0.3791538097211271	3.862313617774313E-4
70	70	9.780016663387208E-5	2.8657850110169243E-4	2.476069699186243E-5	3.0549430635201864E-4	2.986241922805425E-4	1.392924083909703E-4	2.511294490214744E-4	2.3310940572984318E-4	1.5215006957899929E-4	1.9999258921368517E-5	0.6184790375709496	6.143912426381371E-4	0.03886342691935796	3.916302638062105E-4	0.07678145674403787	5.406274501771397E-4	2.22799249774346E-4	1.7124916983554423E-4	0.26160924647604417	5.171964583765086E-4
71	71	4.6954229769618775E-5	0.9900409945730988	1.188770424251154E-5	1.4666897151067846E-4	1.4337060377002617E-4	6.687481191354129E-5	1.205681979603926E-4	1.1191670704482718E-4	7.304782366292548E-5	9.601719822538679E-6	0.002851414503401939	2.9497155851758417E-4	2.78308837593412E-4	1.8802317035239576E-4	1.0272895561823554E-4	2.5955728286651807E-4	1.0696676218934107E-4	8.221737390710885E-5	0.004815618237643851	2.483079751137453E-4
72	72	5.8468442776671695E-5	1.713268930861458E-4	1.4802831580021179E-5	0.029609282785292373	1.7852823874471376E-4	8.32739911346078E-5	1.5013417998169145E-4	1.3936115263119426E-4	9.096076154910462E-5	1.1956273348668223E-5	2.810167623967012E-4	0.03306357992128821	3.465563044035115E-4	2.341305997431273E-4	1.2792036186180672E-4	3.232064547754292E-4	1.3319737209532584E-4	0.22570667520921553	0.708966422895507	3.091985685882354E-4
73	73	1.4273347028397941E-5	4.182441132657434E-5	0.8604450841516791	4.4585059513097874E-5	8.417655898798637E-4	2.0328890551164627E-5	3.6650835047682155E-5	3.4020917939962976E-5	2.2205388991063402E-5	2.9187717436527503E-6	6.860195996335536E-5	8.96667124322217E-5	8.460150745803757E-5	5.715608525551408E-5	3.1227986074913974E-5	7.890132987548183E-5	3.251621259093602E-5	2.499278798305464E-5	0.13795319633734032	7.548171732572033E-5
74	74	1.9903441750579684E-4	5.832197121912146E-4	5.0390823169681924E-5	6.217155185812606E-4	6.07734058227173E-4	2.8347582955420467E-4	5.110768756832529E-4	4.7440404634742963E-4	3.096426265355088E-4	4.0700757339850724E-5	0.11225912152168833	0.0012503557745145203	0.001179724119614068	7.970119491321418E-4	4.3545806081317335E-4	0.6911757553949326	4.534217110853792E-4	3.485114590261241E-4	0.18736669196534675	0.001052553378711497
75	75	6.0444761304260585E-5	1.7711799161725783E-4	1.5303188848370497E-5	0.0745520131750812	1.8456275324814716E-4	8.608877332701575E-5	1.5520893394179808E-4	1.4407176257548823E-4	9.403536777762583E-5	1.2360412802666443E-5	2.905155382784019E-4	3.7972053920640577E-4	3.5827041226613215E-4	2.4204455503547623E-4	1.3224425641410415E-4	0.04765617046238632	1.3769963727970277E-4	0.5781107463100137	0.2968917312380288	3.196499305671918E-4
76	76	5.4711810736182695E-5	1.6031903884205018E-4	1.385174089310353E-5	1.7090100401039894E-4	1.6705769378147335E-4	7.792358793624384E-5	1.4048797009294793E-4	1.3040711612344064E-4	8.511647880383227E-5	1.118807571224387E-5	2.6296126915282885E-4	3.4370552261967034E-4	0.9946786842373022	2.190875701893307E-4	1.1970140292978016E-4	3.0244024883524506E-4	1.2463936213372173E-4	9.580098369204336E-5	0.002551682508590152	2.8933237762316077E-4
77	77	1.0717893388261868E-4	3.140605919082388E-4	2.7135179796915126E-5	3.347903709059675E-4	0.012314417961701062	1.526501676134767E-4	2.752120731390355E-4	2.554639572105013E-4	1.6674084317966324E-4	2.191713289875264E-5	5.151339007243204E-4	0.06060909232425009	6.352749187821455E-4	4.2918652999902873E-4	2.344917592314864E-4	0.4141493724196709	2.4416508562871193E-4	1.876714946710562E-4	0.5084592501772033	5.667941776027798E-4
78	78	5.3564624465281904E-5	0.015133957054208017	1.3561300369077253E-5	1.6731758604550544E-4	0.003158954772136037	0.0030716896123395452	1.3754224652158813E-4	1.2767276587563134E-4	8.333177355285802E-5	1.0953486385329184E-5	0.3537146369962923	0.003331898684739314	0.0662162882445097	2.1449378597227867E-4	0.06002518973916128	2.9609874237506573E-4	1.2202594899440706E-4	9.379224788616331E-5	0.49374376467379394	2.832657143767757E-4
79	79	1.1401235352273137E-4	3.340841892625619E-4	2.8865240582603717E-5	0.3063902888475185	3.4812667659543173E-4	1.6238270194320647E-4	2.9275880100483115E-4	2.717516021730367E-4	1.7737175833544124E-4	2.3314506066966105E-5	0.0069236888773768265	0.03259479558300088	6.757782149954783E-4	0.24273358818166668	2.494422773503914E-4	6.302464514650544E-4	2.597323471335926E-4	0.006575348412960213	0.4006114916377374	6.029313393082151E-4
80	80	1.905509006455537E-4	5.583609248337154E-4	4.824299666148981E-5	5.95215910371513E-4	5.81830386921862E-4	2.7139313546726635E-4	4.89293058863667E-4	4.541833489615679E-4	2.964446154790168E-4	3.896595405585473E-5	0.6615780202484924	0.0011970614024791545	0.0011294403064695904	0.03273056525374565	4.1689737243007127E-4	0.0010533422497184608	4.3409535145875295E-4	3.336567274893036E-4	0.29659474984483086	0.0010076900106241922
81	81	4.1736947109123683E-4	0.0012229950269788948	1.0566811246888818E-4	0.0013037196300580392	0.0012744009082701422	5.944406928753523E-4	0.024411529514386677	9.948116933183304E-4	6.49311716455586E-4	8.53483220481278E-5	0.11870508181748332	0.0026219602359466303	0.1891923752683894	0.0016713112226079668	9.131430774715959E-4	0.0023071677759257335	9.508123374263981E-4	7.308185445802721E-4	0.6496405603531491	0.0022071742790681775
82	82	3.2605008375317305E-4	9.554068004389676E-4	8.254819603944935E-5	0.0010184690640158431	9.955652045900776E-4	0.4927587022851129	8.372253412703425E-4	7.771494045240623E-4	5.072439509740305E-4	6.667432450013025E-5	0.0015670938811465595	0.0020482819509839265	0.0019325760480325088	0.0013056325434732715	7.133496757915969E-4	0.03826861148825855	7.427769967000263E-4	5.709172907298748E-4	0.37986898295221494	0.07465674251744966
83	83	5.324564049174834E-5	1.5602280003723431E-4	1.3480541145593584E-5	1.6632118909562236E-4	1.6258087211480827E-4	7.583538715410216E-5	1.367231654067261E-4	1.269124587405104E-4	0.49138055447835194	1.0888257017138566E-5	2.5591441796872803E-4	0.021177428413756205	0.009248285317810793	2.132164489082983E-4	1.1649363786349574E-4	0.262319785547465	1.2129926935326314E-4	9.323370343231831E-5	0.21389019962192585	2.8157883196063384E-4
84	84	3.234593264416862E-5	0.2732272773126588	8.189227735365275E-6	1.0103764233277956E-4	9.87654555394213E-5	4.606886690209283E-5	8.305728428281088E-5	7.709742627215762E-5	5.032134475631243E-5	6.614453781307047E-6	1.554641929337094E-4	0.058085583866662585	1.9172200160118735E-4	1.295258134059903E-4	7.07681479461358E-5	0.003796453340346742	7.368749741860202E-5	5.6638084611932114E-5	0.3668911131978685	0.29681826891029944
85	85	2.6656363980192015E-5	0.04181649935096935	6.748763055683136E-6	0.09399464210775302	0.0075346767266757505	3.7965468419368594E-5	6.844771568050713E-5	6.353618178998946E-5	0.4785422942575888	5.450987902074445E-6	1.28118430169144E-4	0.015074025902083347	1.579985809626533E-4	1.0674254673571665E-4	0.0030396337548061303	1.47353144535582E-4	6.0726050894495745E-5	4.6675587164705166E-5	0.30980916774622475	0.04933264033260878
86	86	4.887939749314513E-5	1.4322863600815073E-4	1.237511133292278E-5	0.5659657033244934	1.4924893379981898E-4	6.961674230074038E-5	1.2551160783711625E-4	1.1650539763102579E-4	7.604285335630364E-5	9.995399394824096E-6	0.00296832518845158	3.0706567073287503E-4	0.06862462565465013	1.9573229774333728E-4	1.0694093972697636E-4	2.7019937636549703E-4	1.1135250036601719E-4	8.558836381229262E-5	0.36035457376812313	2.5848883638074187E-4
87	87	5.437905961684553E-5	1.5934399636204557E-4	1.3767496152801043E-5	1.6986160320068134E-4	0.048821147738406415	7.744966538168643E-5	1.3963353795712908E-4	1.2961399461501816E-4	8.459880989076004E-5	1.1120031085930378E-5	2.613619680974343E-4	3.416151440371457E-4	3.223175621374911E-4	0.0306271963983506	0.24035355961720103	3.006008410368484E-4	1.238813194605693E-4	9.521833281413982E-5	0.638093486511196	0.03981984637299947
88	88	1.2972733017060846E-4	3.8013292933737635E-4	3.2843902259827415E-5	4.0522385706900785E-4	0.09470477236878941	1.8476484116067206E-4	3.3311142577837504E-4	3.09208684236701E-4	2.0181992517096417E-4	2.652807816752021E-5	0.19649534341992228	0.0588510604633564	7.68924602554969E-4	5.194791612961825E-4	2.8382433721001123E-4	0.015226141764975836	2.955327463340961E-4	2.2715398512423464E-4	0.5719022700326005	0.05872213614448512
89	89	1.0654037580187145E-4	3.1218945994655224E-4	2.697351194200974E-5	0.03012214227847304	3.253116509320991E-4	1.5174069786484345E-4	2.735723955750228E-4	2.539419363402892E-4	1.6574742302753157E-4	2.178655348531458E-5	5.120648002671856E-4	6.692981835613293E-4	6.31490033840776E-4	0.036173845346555523	0.5006941166413356	5.889422655720844E-4	2.4271038195872296E-4	1.8655337243278725E-4	0.42797761539912005	5.634172919675381E-4
90	90	5.18560004161859E-5	1.5195081341765732E-4	1.3128717032986873E-5	0.0030618319732016383	0.07555447789650618	7.385618487271603E-5	1.331548734648462E-4	1.2360021313457555E-4	0.2842661250282553	1.060408805674481E-5	0.003149086938506285	3.2576501278587663E-4	3.0736279284918105E-4	2.076517844693758E-4	0.05811048420796957	0.03798472375998927	1.1813352049057718E-4	9.08004283418866E-5	0.5359911757655764	2.7423000066273255E-4
91	91	6.651520004196733E-5	1.9490586759291222E-4	1.6840080853419115E-5	2.0777075947894084E-4	0.0039227103837598054	9.473462804146121E-5	0.059684589784082635	0.02619582538599688	1.0347929520747183E-4	1.3601763203798127E-5	3.196918761349405E-4	0.022735528176956267	3.9425134001348344E-4	2.66352975011564E-4	0.2382006986462116	0.022685360436140802	1.5152874660653466E-4	1.1646884847624605E-4	0.6242773935845526	3.5175222163676676E-4
92	92	0.03329059904824156	0.0043696089554852826	1.8797861979703326E-5	2.3192561212141013E-4	2.2670994892166785E-4	1.0574821333238167E-4	1.906528206090511E-4	1.7697233791602802E-4	1.1550951126651457E-4	1.5183066495413644E-5	0.5359705178458503	0.04613891702895703	0.004592129780026325	2.9731843366620085E-4	1.6244387390838014E-4	0.025322697566016503	1.6914505871204003E-4	1.30009193996651E-4	0.28164976593169433	0.06682534791080331
