0	0	3.2817900891552663E-4	0.0013338463229043836	7.511552610042231E-4	4.8415083987209557E-4	0.0013317792697776804	3.7592234413261444E-4	0.6753362880220073	0.009014288076968639	6.628610732157811E-4	9.889278714451846E-5	6.883524204725489E-4	0.0919989975267305	0.0876771643944538	0.033467480422089586	6.88575275216187E-4	0.001001859732631822	1.0472733852155362E-4	5.586384009896896E-4	0.09357205360070513	5.247878822464245E-4
1	1	0.11837813606926827	5.153601245908072E-4	2.902249398980627E-4	1.8706205720455646E-4	0.04525831063705365	0.2046880989729072	0.39835788369485886	0.0034828634653566487	2.5611058741387664E-4	3.82093485799448E-5	2.6595971596238114E-4	3.8998224429923794E-4	0.07542371934660612	1.4695027343343182E-4	2.6604582067060343E-4	3.870899876287028E-4	4.046365259755677E-5	2.158419234596441E-4	0.13203303159010013	0.019378655548110277
2	2	0.21794473564567637	0.030127232835963788	0.007718214692572339	2.1606469009404638E-4	0.022743317907347075	1.6776495690041285E-4	0.44166294079134877	0.09261876595340185	2.9581870062976915E-4	0.007427125887869026	3.0719486605492526E-4	4.504461995975691E-4	0.028053687485577065	1.697338613886282E-4	0.04091375281390128	4.4710551923443024E-4	4.6737252274542514E-5	2.4930666859187585E-4	0.10820585326239598	2.3420000918027912E-4
3	3	1.620075828543116E-4	6.584614274597716E-4	3.7081240688040923E-4	2.3900403491300854E-4	0.012907695685214892	0.37994347118136446	0.21904819505507567	0.04120072267290299	0.016660898333894187	4.881903160093119E-5	3.3980939902642345E-4	0.0209153606840297	0.23111960885565716	0.00835459076178315	3.399194126390057E-4	4.94574208689035E-4	5.169929371384429E-5	2.7577527683141046E-4	0.04210900059262001	0.024759574102849645
4	4	0.004793493263530488	0.00535403730980096	4.1868280247728636E-4	2.6985849794672643E-4	7.423140140245098E-4	2.0953353950401072E-4	0.33031671985992295	4.138593367035109E-4	0.16635003036833668	5.5121372925089534E-5	0.0510999600917719	0.13426915754880944	0.09497566264766287	2.1199264380077987E-4	0.07876351121381527	5.584217568903878E-4	5.83734653333474E-5	3.1137675982605985E-4	0.13053538452421914	2.925089826986087E-4
5	5	4.0118668220024306E-4	0.0521903410480267	9.182594827602466E-4	0.010703809133288226	0.0016280508263790171	4.595511410247491E-4	0.006505430850441743	9.076806073912755E-4	0.8401023943164544	1.2089276916018851E-4	8.414853365133161E-4	0.0012338873911445292	0.036398417134155224	4.649444741787356E-4	8.417577681825696E-4	0.0012247364128887379	1.2802529209885732E-4	6.82914752480073E-4	0.04360470083404515	6.415337471859068E-4
6	6	4.619068210297832E-4	0.03680459835068776	0.0010572392788216578	6.814347330842917E-4	0.0018744584879123582	5.291048184530759E-4	0.33347752130961733	0.0010450592765719501	9.329665907800418E-4	1.3919005083124432E-4	0.36188356061423516	0.05963268875469404	0.123404237267266	5.353144397651538E-4	9.691589278237023E-4	0.0014101019006271347	1.4740209061894126E-4	7.862748100769848E-4	0.07348915074260141	7.386307345019523E-4
7	7	6.973545719334581E-4	0.3543722301403275	0.0015961458267064145	0.018605678023170254	0.002829926160282607	7.988054026950251E-4	0.08161551489011593	0.001577757312252228	0.0014085276248814766	2.1013939153013728E-4	0.0014626947320739603	0.0021447796042147966	0.15115328449630316	8.081802541040146E-4	0.0014631682808693776	0.002128873102809163	2.225373541280541E-4	0.0011870626469227704	0.37460220722663595	0.0011151329580437012
8	8	6.51545951318715E-4	0.035492703479015536	0.08360271871150343	9.61202608870744E-4	0.0026440307505992636	0.11570232382375066	0.05983197761517346	0.001474115794654211	0.24765026964371586	1.963355160695838E-4	0.001366611576168082	0.05127074427794263	0.2726024312775539	0.01717737605558569	0.0013670540179513925	0.10052273605773439	2.0791906719319267E-4	0.0011090855250577018	0.005126937414713711	0.0010418808354278127
9	9	2.7960884971707175E-4	0.001136438425111581	6.399850471313335E-4	4.124970084879373E-4	0.08570552409027105	3.2028621992981023E-4	0.1877708238079756	6.326120527014189E-4	0.5643704036194287	8.425675533047722E-5	5.864769630583934E-4	8.599633273621948E-4	0.018320468797709853	3.240451275561965E-4	5.86666835526863E-4	0.007901156078579118	8.922779904390337E-5	4.7596048639636594E-4	0.12905647889871838	4.4711980996368537E-4
10	10	2.4207582726556978E-4	0.0070854364908986564	0.024960264373094634	3.571258730735139E-4	0.019287005311970574	2.772929101840841E-4	0.09544857507517147	0.1652894568952458	4.889485259618075E-4	7.294663158900958E-5	5.077517973705658E-4	0.012947620533788704	0.1317906271696447	0.11010838918262494	5.079161824925898E-4	7.390052897726227E-4	7.7250392076271E-5	4.120703926456892E-4	0.42901314002871815	3.871011164106763E-4
11	11	3.054401847904916E-4	0.001241426953833297	6.99109313802992E-4	4.5060505998136127E-4	0.04743141568089883	3.4987548605918203E-4	0.24361107122212677	6.910551739450759E-4	6.169328421171694E-4	9.204071667985157E-5	6.406579482487133E-4	0.03943267049440949	0.54352132611269	3.539816559503553E-4	0.06223008210651052	9.324430068834257E-4	9.747100442634772E-5	5.199315367341971E-4	0.05629403705161826	4.884264482937045E-4
12	12	4.0528490396503873E-4	0.02207773203384684	9.27639731818713E-4	5.97902429197298E-4	0.001644681770592489	4.642455702561868E-4	0.22109210976726762	0.021347450345109438	8.186007608718518E-4	1.221277188725307E-4	8.50081318568209E-4	0.1442599747393318	0.25129046034256425	4.696939976500799E-4	8.503565331947387E-4	0.0012372474000329552	1.2933310230742748E-4	6.898908965703121E-4	0.023619636146419182	0.307105550491563
13	13	6.021061582706318E-4	0.002447192121949791	0.07725888202126212	8.882658375445399E-4	0.0024433997239497684	6.89700292476781E-4	0.26775797219696185	0.0013622587879931957	0.016392292659656634	1.8143743058102768E-4	0.001262912069838383	0.18396562531440735	0.024274916382337277	6.977946765869684E-4	0.0012633209388089727	0.0018381002390566034	1.9214201320033686E-4	0.0010249272876831977	0.41449393170737586	9.628221400586538E-4
14	14	4.364974115094035E-4	0.07878783744065065	9.990807399702076E-4	6.439491333788199E-4	0.0017713448702304797	4.99998859417209E-4	0.018079974267430694	9.875707574106877E-4	0.8480328202178495	1.3153323165968783E-4	9.155492629933548E-4	0.012344452185732923	0.02860008621304696	5.058668905996297E-4	9.158456729284757E-4	0.0013325324536581095	1.3929352864458733E-4	7.430219769617173E-4	0.003434746092679721	6.979987932470973E-4
15	15	1.2844097650867214E-4	0.058794664395511814	0.5830202894866441	1.8948441235213827E-4	0.04584438193008256	1.4712651223908828E-4	0.12186536050402351	2.9059634515267923E-4	0.003496795452930565	3.870413952580276E-5	2.69403754249132E-4	0.026293979255097216	0.06992568006300504	0.00986095830687754	0.0035068593422267987	0.019816312808708034	4.0987635593490944E-5	2.1863696272185368E-4	0.05604594899202915	2.053887245207651E-4
16	16	0.0010753975975881912	0.004370831443312804	0.0024614327582042207	0.0015864958937784265	0.08568058782015299	0.0012318459583866713	0.1258601178958484	0.002433075642522853	0.0021721048156814506	3.240580988572301E-4	0.002255636464124787	0.0033074865019295093	0.04335645201537052	0.028351812954493558	0.0022563667285518496	0.0032829569238839755	3.4317712342434834E-4	0.0018305814144848496	0.6860999240417385	0.0017196579076648527
17	17	2.646857194321863E-4	0.2879473392378991	0.20742020438638478	3.904814442237167E-4	0.007745549411686681	3.0319207933553915E-4	0.3111778521611279	5.988486289335206E-4	5.346163382828394E-4	7.97598499626724E-5	5.551758360101604E-4	0.10755696971748209	0.017342678777740716	3.0675036860419404E-4	5.553555747093041E-4	8.080284140599879E-4	8.446558185545203E-5	4.5055778417096224E-4	0.05545423231158377	4.2325637651444744E-4
18	18	4.7862382572210805E-4	0.0019453122005075878	0.0010955021344027235	7.060967365703773E-4	0.001942297562616082	5.482538055000576E-4	0.24903639137769915	0.24235816212524255	9.667318572055979E-4	1.4422751862114044E-4	0.0010039090252004753	0.13417345705427672	0.019296519705709923	5.546881610309982E-4	0.0010042340416917279	0.0617799555112096	1.5273676273969882E-4	8.147311114154452E-4	0.2571052786671436	0.024892890815494367
19	19	3.126613987870851E-4	0.09583873940598431	7.156376496715873E-4	0.04774523958445217	0.09583677009135903	3.581472390334298E-4	0.2730125125550272	7.073930939143605E-4	6.315183626095386E-4	9.421674244411353E-5	6.558043774786976E-4	0.008842283106112755	0.20174139230032456	0.016123677594904996	6.560166947627996E-4	9.544878157449412E-4	9.977541300280391E-5	0.024174214415195763	0.010340958826064187	0.22115855333312567
20	20	2.450663954144504E-4	0.2171883971465448	5.609222625761802E-4	3.6153775208356957E-4	9.94500977410514E-4	2.807185448477103E-4	0.29428931185703755	5.544601167242936E-4	4.94988922083554E-4	7.384780324031575E-5	5.140244862627428E-4	0.10576143888140994	0.12724182428030154	2.84013082712397E-4	5.141909021736961E-4	7.48134849325976E-4	7.820473173356519E-5	4.1716104793854917E-4	0.24900537265513636	3.918833050422735E-4
21	21	6.308267196417835E-4	0.002563923582938879	0.11274425130900809	9.306362620131577E-4	0.06616016646508065	0.04842276124185747	0.2964301249278578	0.0014272387530484007	0.001274153632728458	1.9009202543684758E-4	0.001323153180330162	0.0019401669344910025	0.04133288787408981	7.310795957961339E-4	0.00132358155241694	0.001925777918477423	2.013072183826704E-4	0.04877397861908679	0.16396444069611307	0.2077094514912044
22	22	0.054959658549877485	0.010567132596562107	8.263440154925222E-4	5.326131226041367E-4	0.0014650870288341097	0.21880806981297868	0.35164557466150365	8.168240589705235E-4	7.292118013292218E-4	1.0879170668790566E-4	7.572547684041117E-4	0.04660923640208608	0.09645342827773074	4.184047004001696E-4	7.574999303477069E-4	0.0011021433748815747	1.1521028199955425E-4	6.14556701453425E-4	0.021040436613724848	0.19167252159413145
23	23	2.7572250213598877E-4	0.0011206428065932428	6.310897480649237E-4	4.06763617886162E-4	0.0011189061535939362	3.1583448824342776E-4	0.032269429188982325	6.238192325769206E-4	0.4661810978883645	8.308565134861168E-5	5.783253851342711E-4	8.48010499687048E-4	0.2682519599526233	3.1954114994992954E-4	5.785126185217198E-4	8.417213312434668E-4	8.798760138445689E-5	4.693450023483134E-4	0.22455729999222024	4.409051890971965E-4
24	24	4.1373777251460406E-4	0.05382311130958821	0.09480172514073437	6.103726460497533E-4	0.00167898425429389	4.7392815833608245E-4	0.19441842866694292	0.03222098997933766	8.356739964119074E-4	1.2467488888500374E-4	8.67811131773682E-4	0.0012724894504129783	0.3086730481849055	4.794902214467561E-4	8.680920864439148E-4	0.0012630521846016699	1.3203055218087865E-4	7.042796808679716E-4	0.034540565870213424	0.2717975138240588
25	25	5.028908520294523E-4	0.09077186176906622	0.001151045919911508	7.418970188819224E-4	0.014716192288104524	5.760511879247597E-4	0.3503908708077862	0.0011377852114088265	0.0010157467748720176	1.5154009438633916E-4	0.00105480888729565	0.0015466881354036493	0.34983572742356783	5.828117760136066E-4	0.0010551503826651356	0.014210634307157763	1.6048077137510437E-4	8.560393377334755E-4	0.16873760915193575	8.041679024802195E-4
26	26	4.965962870112719E-4	0.002018359228967178	0.0011366385522838108	7.326108705988495E-4	0.002015231390562254	5.688408924072345E-4	0.008052542492239275	0.0011235438249110714	0.0010030329144177328	1.496433031181613E-4	0.0010416060956838272	0.001527328608397228	0.0075043477055391945	5.75516859825185E-4	0.0010419433166371091	0.0015160013584510832	1.5847207178251534E-4	0.9646359849236714	0.003907656979116996	7.941023243785941E-4
27	27	6.973545719334581E-4	0.055565005233754315	0.0015961458267064145	0.001028782440430656	0.002829926160282607	7.988054026950251E-4	0.16949999280381392	0.001577757312252228	0.0014085276248814766	2.1013939153013728E-4	0.0014626947320739603	0.09002925751791278	0.08084570216534476	8.081802541040146E-4	0.036616959446348574	0.002128873102809163	2.225373541280541E-4	0.0011870626469227704	0.5503711630540319	0.0011151329580437012
28	28	2.561415649183909E-4	0.020409283839370143	5.862717566431204E-4	3.778765564293369E-4	0.0397758960469904	2.934049250502266E-4	0.09453850848426937	5.795175700952918E-4	0.01988558425096462	7.718517202560746E-5	5.372545513433023E-4	0.23320649383319633	0.023238925764343943	2.9684835140379343E-4	0.33625333765793336	7.819449531310187E-4	8.173900112408956E-5	4.360136095414872E-4	0.22797817860963993	4.0959350158622485E-4
29	29	0.03709769589413608	0.0014808362605451832	8.339326117961435E-4	5.375042888710636E-4	0.08412858238420394	4.1734900698948486E-4	0.3089581653637897	8.243252302967516E-4	7.35908399690651E-4	1.0979077768952045E-4	7.642088948074911E-4	0.0011205753428937348	0.05142250327414359	4.2224705213667014E-4	0.48748136421994553	0.0011122647298909675	1.1626829694699705E-4	6.202003832924416E-4	0.021233658052399303	5.826195355347015E-4
30	30	2.2177799510571494E-4	0.28039828011050255	5.076184133443674E-4	3.2718120196169976E-4	0.0344396212369728	0.011433917703625698	0.25514343432489917	5.017703583766987E-4	0.05634732837411087	6.683012461949658E-5	4.6517728310241515E-4	6.820990923563839E-4	0.08161054168839563	2.5702361991012865E-4	4.6532788468539636E-4	6.770403860212308E-4	7.07730188070807E-5	3.775186748535951E-4	0.13031371337250683	0.14569302513584229
31	31	0.03316307217696463	0.07195718817364032	0.02771555660302358	8.074349487360466E-5	0.02367384667905112	0.023514435143596357	0.40094661369979157	0.009780428876578965	0.01114666115927205	1.649268904283919E-5	0.2373912401377339	1.6833199534921697E-4	0.11118821472812745	6.342963841497885E-5	0.0014943502518577846	1.6708358123926665E-4	1.7465737172479695E-5	9.31660407290134E-5	0.047334158519837084	8.752067370385707E-5
32	32	1.443271405742691E-4	5.86601277109241E-4	0.022157029239866094	2.1292070616057138E-4	0.1933880751612418	1.653237883371208E-4	0.11874931842865946	3.265386226208563E-4	2.9151420626006614E-4	4.349124351113523E-5	0.01121606726606152	0.12049065843540946	0.10403887183415429	1.6726404305347938E-4	3.028228431504378E-4	0.004078380441843018	4.605717275677415E-5	0.38585044484930214	0.037513501163944474	2.307921359837749E-4
33	33	3.677212622221918E-4	0.05710528065862705	0.028647021545434727	5.4248612222949E-4	0.11271368388296302	4.21217186738326E-4	0.15425802488058285	8.319654501340857E-4	7.42729132269409E-4	1.1080836837682458E-4	7.7129192920142E-4	0.05674168067951236	0.367026519913669	4.2616062918784085E-4	7.715416356890276E-4	0.010391026926256347	0.01865425236970869	6.259486815337162E-4	0.1882626192282171	5.880195174464623E-4
34	34	0.03603001780859633	0.12420142811359212	3.6194458030909825E-4	2.332883514781345E-4	6.417185818809433E-4	1.8113839060913741E-4	0.09025103382178491	0.044201189246561474	3.1939997681381543E-4	0.13954942487466526	3.3168299666783255E-4	0.08020165269891698	0.050218820334281274	1.832642469074235E-4	0.1956342730415954	4.82746669405237E-4	5.046292631618734E-5	2.6918022423279297E-4	0.23640446378243704	2.5286933294861754E-4
35	35	3.577732483715481E-4	0.14573752848927385	8.188922827481434E-4	5.278101705994205E-4	0.0014518752952444125	4.0982194028866566E-4	0.014819174074285037	0.009827170658206598	0.7131219221951899	1.078106543563777E-4	7.50426062625695E-4	0.0011003652903765451	0.07754821402595083	4.146316471101114E-4	7.506690137693709E-4	0.019127629530310386	1.1417134880131055E-4	6.090148058147565E-4	0.0028152750383103535	0.009589824228366647
36	36	5.758869206687397E-4	0.33619231111110803	0.0013181235802780784	8.495855272233225E-4	0.10394403404513829	6.596666919328464E-4	0.09643002111040712	0.0013029380413988633	0.17534667272957422	1.7353657948203832E-4	0.0012079174627005057	0.0017711944131374186	0.15385545950346124	6.674085990299509E-4	0.001208308527115303	0.01627334917482123	1.8377502171851057E-4	9.802959353688273E-4	0.1061386198148921	9.208952105433217E-4
37	37	1.9084109034145114E-4	0.10178921822758602	0.13031139344123496	0.005091710907751241	0.034445638683073314	2.1860456668162042E-4	0.23398272959254965	4.3177593993481945E-4	3.8546380640074865E-4	5.750766140689641E-5	4.002874129465479E-4	0.024637798845591002	0.4261788522074158	2.2117012936190836E-4	0.019641096298272404	5.825966882417685E-4	0.004871070364840873	0.009945196381618967	0.0015017057881428367	0.0051153419666071865
38	38	7.035822556581076E-5	2.8596301989927133E-4	0.012574745517044884	1.0379699211160002E-4	0.05880727439213957	8.059390870583945E-5	0.3770988299135684	0.10833576128852747	1.4211063974574892E-4	2.1201602892696625E-5	1.4757572407943258E-4	0.023270417853907745	0.18726880557585784	0.014268631772621847	1.4762350185892287E-4	0.005534947990285819	2.2452471079596465E-5	1.1976636396227734E-4	0.13533101455187374	0.0763681286942716
39	39	1.3499647634379936E-4	0.08221108825459822	3.089878105176991E-4	1.9915550850617406E-4	0.06519723580476024	1.5463570325385034E-4	0.002189031393294214	0.044539233728819703	2.726679853330681E-4	4.067956035470785E-5	0.06493256208986233	4.1519436561559376E-4	0.30487144677733785	0.3063904895326174	2.8324552554052543E-4	4.121151262628429E-4	4.307960379304167E-5	2.2979597608375422E-4	0.12015328634922769	0.007021072427877347
40	40	1.748600648087116E-4	0.16819062161844622	4.002299173693096E-4	2.5796484521354E-4	0.10207902443559357	2.002986287126964E-4	0.10861223154780629	3.9561903940477566E-4	3.5318508214374656E-4	5.26919720622829E-5	0.10173619428036532	5.377985829412305E-4	0.17452969858414383	2.0264935127324823E-4	0.031218450816484826	0.004941176451897316	5.580073284283829E-5	2.976532451739956E-4	0.3054842337632025	2.79617040113789E-4
41	41	0.003675152749522929	0.11368703897113532	3.2100248568391E-4	2.068994668786878E-4	0.06066254952836676	1.606485545070462E-4	0.4476724408632466	3.173043531266809E-4	2.8327040122291537E-4	0.007112075489855087	2.941640023965456E-4	4.313387741129853E-4	0.04807312378485067	1.6253394026243963E-4	0.0073640733846474585	4.281398016855856E-4	4.4754710150782E-5	0.021448173796852772	0.1354300452884063	0.15222526965308855
42	42	1.4380401309501374E-4	5.844750848615381E-4	3.2914701445040903E-4	2.1214895476404363E-4	0.011457355307944435	1.6472455650650583E-4	0.18356161608635424	0.34103731577109775	2.904575852303612E-4	4.333360535314821E-5	0.003926222907471529	0.022189854734424575	0.22689801413656976	1.666577785846867E-4	3.017252328883076E-4	4.3900263635642076E-4	4.5890234143634504E-5	2.447884896622896E-4	0.04825131588332247	0.15971214998691888
43	43	0.040832736014363914	8.189860256399758E-4	4.612117987542008E-4	2.972702067309502E-4	0.11763251179339328	2.308175546790506E-4	0.1810291102913125	0.005534802502626521	4.069988772937205E-4	6.0720496294950714E-5	4.226506482807784E-4	6.197414062300313E-4	0.0690707794530193	2.335264500751031E-4	0.36610388470147576	0.005694049296266361	6.430293001435064E-5	3.4300581404325236E-4	0.20982067225521298	3.222214842930062E-4
44	44	1.829221125114353E-4	7.434661587819074E-4	4.1868280247728636E-4	0.0417649988571182	7.423140140245098E-4	2.0953353950401072E-4	0.3902541448231706	0.2447741303407133	3.694689316507691E-4	5.5121372925089534E-5	3.836774305623213E-4	5.625941692569081E-4	0.16413422991294865	2.1199264380077987E-4	3.838016464913784E-4	5.584217568903878E-4	5.83734653333474E-5	3.1137675982605985E-4	0.0014393922956856696	0.15244135696632735
45	45	0.014461441457545401	0.002242955552413143	0.001263119922035082	8.141333794226367E-4	0.002239479658520377	6.321396210115389E-4	0.20368280087327062	0.0012485680568138193	0.001114647091735807	1.6629511377024602E-4	0.0011575125687298589	0.0016972846723211877	0.008339406638723618	6.39558467950636E-4	0.6270892385091311	0.0016846969635547564	1.761063185411714E-4	0.07048731731525557	0.05998083042093973	8.824673983137195E-4
46	46	9.249673305430715E-4	0.07370112225718903	0.0021171191871485616	0.0013645714618266405	0.003753598745116392	0.00105953116347347	0.014998780554640247	0.0020927287610842662	0.0018682634195264299	2.787277517757831E-4	0.0019401103773862727	0.002844824060754972	0.24711669697435992	0.0010719659156512166	0.04856853686036317	0.002823725763367094	2.951723422752374E-4	0.0015745134711991514	0.5901259372812082	0.0014791063211107818
47	47	3.202323285073013E-4	0.0658734650353176	7.329664352902234E-4	4.72427384412372E-4	0.0012995309420549678	3.66819584218126E-4	0.16662251063999323	0.041081970424949946	6.468102443668984E-4	9.649815082480666E-5	6.716843321880489E-4	9.849046588859386E-4	0.1016970876963096	3.7112461155563536E-4	0.33967446652745287	9.776002312840548E-4	1.0219142163892012E-4	5.451112687971191E-4	0.27695051765956474	5.120804223875426E-4
48	48	1.6401683080200308E-4	0.004800689317943114	3.7541129079915155E-4	2.4196820707197958E-4	0.17843024052230547	1.878779258796594E-4	0.18042425590132166	3.710863376328299E-4	0.01686752987048206	4.942449424239697E-5	0.07062306979325639	5.044491964493099E-4	0.20091350466475955	0.21102722092397713	3.441351559405992E-4	5.007080093191155E-4	5.234047789770471E-5	2.791954927202917E-4	0.07983779796373551	0.05400507762346409
49	49	1.748600648087116E-4	7.106988811949192E-4	4.002299173693096E-4	0.009072697620858345	0.08885692527212635	0.1809023205294312	0.21879639124336636	0.13702397706189925	3.5318508214374656E-4	5.26919720622829E-5	0.0796993623412533	5.377985829412305E-4	0.20097389691107823	0.004610015739095651	3.668861017280085E-4	0.026978008391009327	5.580073284283829E-5	2.976532451739956E-4	0.04985698326950314	2.79617040113789E-4
50	50	1.36859184830303E-4	0.17648330868845186	0.2969745682664984	2.0190349620093168E-4	0.06609684035533253	0.0036063195951799814	0.19884359734226592	3.096424520688364E-4	2.7643031294363675E-4	4.1240865096521814E-5	2.870608679487115E-4	0.014219124090612606	0.11245376296076838	1.586092573623748E-4	2.871538041747385E-4	0.0073169019684102546	4.367402481612195E-5	2.3296674710243984E-4	0.12181118551982549	2.1885020011000678E-4
51	51	5.093470381351826E-4	0.0020701832092915105	0.0011658232153130856	7.514216010171084E-4	0.0020669750595953018	5.834466170932574E-4	0.16231705214000897	0.0011523922639005528	0.24495355825828102	1.534855882204184E-4	0.0010683506776361913	0.0015665447432727186	0.0462114690807142	5.902939985980307E-4	0.001068696557173038	0.3738611563445414	1.6254104692437637E-4	8.670292956059043E-4	0.15806574133737636	8.144919273013412E-4
52	52	1.9176350536812074E-4	0.33428533898020407	4.3891949823930535E-4	2.8290189091493797E-4	0.25211600149924207	2.1966117423319616E-4	0.09011108452279136	4.338628941354986E-4	0.22755803829500043	5.7785620052675684E-5	4.0222216989028564E-4	0.005423206095998368	0.036731782658943446	2.2223913735389204E-4	0.010069191171839261	0.03925276775094436	6.119489972600985E-5	3.2642690451478295E-4	0.0015089641620189306	3.066471685889894E-4
53	53	1.2480462947169675E-4	0.06342153139557045	0.5602227267376452	1.841198386768268E-4	0.08858645616626655	1.4296115106398846E-4	0.1467266032413134	2.8236914860391686E-4	2.5208233429457714E-4	3.760837019339012E-5	2.6177655014228895E-4	0.01611241766865081	0.036488845861927854	1.4463895587597553E-4	2.61861300546642E-4	3.8100161593794134E-4	3.9827217234066886E-5	2.1244703881144778E-4	0.08591634690066419	1.9957387710881934E-4
54	54	3.054401847904916E-4	0.03973468741923856	0.03919236977920825	4.5060505998136127E-4	0.03973276358781778	3.4987548605918203E-4	0.3821868088975857	0.06228027191859349	6.169328421171694E-4	9.204071667985157E-5	6.406579482487133E-4	9.394100290042336E-4	0.25097254657560997	3.539816559503553E-4	6.408653618621044E-4	0.008631095099964478	9.747100442634772E-5	5.199315367341971E-4	0.0024034724000509037	0.16985877249607684
55	55	3.126613987870851E-4	0.0012707767582832861	0.02435762831159684	4.612582606016569E-4	0.0012688074436580212	3.581472390334298E-4	0.10751857792155037	0.008588056647889445	0.01639284547055971	9.421674244411353E-5	6.558043774786976E-4	9.616195521376707E-4	0.48544528024342765	3.623504869548264E-4	6.560166947627996E-4	0.008835151369720027	9.977541300280391E-5	5.322237532705073E-4	0.3019255103231423	0.039903291591698725
56	56	3.078099061688898E-4	0.016767820758373256	7.045332703393351E-4	4.5410102579406095E-4	0.2495173171166865	3.5258995344224957E-4	0.20670919291743442	0.031729941325467935	6.217192422629257E-4	9.275480364306155E-5	6.45628416811149E-4	0.06301374769423172	0.20636940023216893	3.567279805645894E-4	0.008404218610136797	9.396772551506116E-4	9.822722163176061E-5	5.239653637787543E-4	0.21189841105905968	4.922158468533296E-4
57	57	1.2679899627006543E-4	0.04206312720429288	0.07379781285014018	1.8706205720455646E-4	5.145614742975755E-4	1.4524565745085486E-4	0.46547350743899296	0.05781455887727474	0.0066480747535218885	3.82093485799448E-5	2.6595971596238114E-4	0.02595783890873128	0.1904790743365503	1.4695027343343182E-4	0.003462027903724609	3.870899876287028E-4	4.046365259755677E-5	2.158419234596441E-4	0.13203303159010013	2.0276304978624637E-4
58	58	0.0014752796771532965	0.005996106756276426	0.0033767061903448923	0.0021764277279655406	0.005986814627936168	0.3363511223454475	0.06110693419225568	0.003337804600308584	0.0029797928676875804	4.445577417442569E-4	0.003094385408738391	0.004537361464911862	0.17103210646348524	0.001709735552533251	0.0030953872189252558	0.00450371066630409	4.7078609528914295E-4	0.0025112754242902807	0.38345459950102034	0.0023591054773821596
59	59	3.2817900891552663E-4	0.0013338463229043836	7.511552610042231E-4	4.8415083987209557E-4	0.0013317792697776804	3.7592234413261444E-4	0.36100839893373904	0.04210143429678635	6.628610732157811E-4	9.889278714451846E-5	6.883524204725489E-4	0.2657065151807735	0.2282975358286791	3.8033420227187115E-4	6.88575275216187E-4	0.04236079250740396	1.0472733852155362E-4	5.586384009896896E-4	0.05221312082593298	5.247878822464245E-4
60	60	2.363084392837255E-4	9.604488228892281E-4	5.408765416600947E-4	3.4861745035475047E-4	9.589604214832335E-4	0.13726280697155976	0.5518003344953143	5.34645333998593E-4	4.7729946589568633E-4	7.120869876401532E-5	0.03623272966418171	7.267888406816482E-4	0.20608108179651924	0.012186221589063514	0.018364352678129862	0.0126337570013365	7.540992337732622E-5	0.00635843208390069	0.013771841239591956	3.778785420141993E-4
61	61	0.3207297726387674	0.003884113784225693	0.0013402369730853634	7.191411286718725E-5	0.0014264808811024683	5.583822160133481E-5	0.3288434525497664	0.10454663812080447	9.845912081263332E-5	0.020901959092907044	0.003788234323669913	0.02840917222937036	0.1653774706166951	0.0012851564790016328	1.0227862058967673E-4	0.001377475759397701	1.5555841325626522E-5	8.297824089560772E-5	0.01758486219270756	7.795020040690567E-5
62	62	1.4591961125924648E-4	5.930736934118841E-4	3.3398931894905947E-4	2.1527002162151831E-4	0.00794799301449929	1.671479309440395E-4	0.024433670377184073	0.00400806077243258	0.04810768032676247	4.397111534999464E-5	3.060650281583672E-4	4.48789494870691E-4	0.12725432673831746	1.6910959396063114E-4	0.6218745092213551	4.454611012600068E-4	0.15451917183207572	2.483897388083248E-4	0.00850406242831005	2.33338640469453E-4
63	63	0.012836790772604004	0.0010148505057057376	5.715128372763128E-4	3.683638184136415E-4	0.0010132777983593712	0.30237635545999964	0.26208439209395523	0.02573912341257485	0.09490756487261519	7.524209747471696E-5	5.23729600647864E-4	7.679555692392423E-4	0.179992621588315	2.893754332000852E-4	5.238991585987287E-4	7.62260118612258E-4	7.968128759270381E-5	0.044479878096647864	0.06490029448049098	0.006692830997676629
64	64	2.294744836082873E-4	0.1860183874672844	5.252345852289434E-4	3.3853555818606594E-4	0.1223937277569463	2.628583286960108E-4	0.10783175113823235	5.191835818677715E-4	4.634961357914868E-4	6.914936862526124E-5	4.813205961905734E-4	7.057703669543598E-4	0.2232570048152209	2.6594325747193856E-4	0.040968976466984955	0.012268393260527699	0.0058571576728657215	3.9061992116584557E-4	0.2967860648086269	3.669504295242189E-4
65	65	2.465895604775228E-4	0.001002235272744742	0.01299504036426454	3.6378482342121313E-4	0.0010006821151443159	2.8246329928189315E-4	0.22153462213933964	0.1062182764988836	0.09372780387934827	7.430679066570334E-5	5.172193108233076E-4	0.019404357085274684	0.15289393599869355	2.857783137401412E-4	5.173867610617177E-4	7.527847437475802E-4	7.8690798845876E-5	0.012850385628264295	0.35621338994345003	0.01904026667252736
66	66	5.442850953282424E-4	0.3863375565449444	0.01496455474915626	8.029644763198772E-4	0.05708380984849083	6.234674471970959E-4	0.02254460223177907	0.001231439247215515	0.00109935551215434	1.6401375047142217E-4	0.0011416329278170414	0.0016740000256992816	0.32375655551044474	0.15153718049018083	0.0011420025325513184	0.0016615850047295327	1.7369035764669863E-4	9.26502143880125E-4	0.03172044106701085	8.703610369824841E-4
67	67	0.0011053589146385557	0.11593535821664502	0.0861120742698736	0.0016306967610476124	0.004485643652359565	0.4191764875409854	0.07364529118395367	0.002500862804123954	0.0022326211504726102	3.3308658047591214E-4	0.0023184800481197416	0.05912101155263142	0.044564392602112354	0.0012810258718630263	0.0023192306582162374	0.003374422362787479	3.527382742232795E-4	0.05760295887319151	0.12014068992200927	0.0017675687602697544
68	68	2.0253162868333758E-4	0.016137660037976016	4.6356620707694874E-4	2.987877209201424E-4	0.20501513418156267	2.3199583930498728E-4	0.24321120622721643	0.09234518502089657	4.0907653781029394E-4	0.07663349659928041	4.248082084442759E-4	6.229050814194363E-4	0.054108880887370286	2.347185631544383E-4	0.1995133576917849	6.182853803864241E-4	6.463118560974479E-5	3.447568007819172E-4	0.10879514982978147	3.238663705392749E-4
69	69	3.8187897176853857E-4	0.20368339923192647	8.740668687455763E-4	5.633724884543733E-4	0.12667859565844128	4.374345535278677E-4	0.05431884616973783	8.639971176107323E-4	0.0200219246665651	1.1507462343453661E-4	8.009875933658626E-4	0.001174504710934674	0.18865148532740109	4.4256832443958886E-4	8.012469138526773E-4	0.00116579413722412	1.2186388301562824E-4	6.500484563754502E-4	0.39764225132919023	6.106589739883026E-4
70	70	9.702058954121388E-4	0.003943291712446909	0.0022206638535608716	0.0014313103103847605	0.05284546479267757	0.0011113510144961554	0.01573234517327345	0.0021950805336123716	0.0019596369773872565	2.9235984781112616E-4	0.002034997846664792	0.0029839595237750407	0.3081110345389605	0.0011243939290645599	0.3688477864857053	0.002961829344867144	3.096087150125674E-4	0.0016515202231697783	0.22772171240862596	0.0015514468730917167
71	71	4.904573491868076E-4	0.001993408213145785	0.0011225873932561134	7.235543135891291E-4	0.0019903190411707057	5.618088646578576E-4	0.09448720146218724	0.0011096545432861499	0.3965755693270845	1.4779340822825246E-4	0.0010287297306641246	0.0015084477274689674	0.11866984197140464	5.684023035713289E-4	0.001029062782882119	0.026221319001248675	1.565130353961542E-4	8.348745710725353E-4	0.3499961693522802	7.842856082187486E-4
72	72	4.673478767036667E-4	0.0018994823859036418	0.0010696930844698626	6.894617293355345E-4	0.001896538770183091	5.353374364692051E-4	0.054696475975225665	0.001057369607243533	0.02450306162998544	1.4082964735015918E-4	9.802578269546818E-4	0.0014373723703395482	0.2544329620718731	5.416202043418759E-4	9.805751863482543E-4	0.0014267122700736305	1.4913842129211994E-4	7.955367755250447E-4	0.6515528952563241	7.473314740578364E-4
73	73	4.0990591947720935E-5	0.08282037729464213	0.16023551205253939	6.04719649313455E-5	0.01669709856326262	4.6953884903519454E-5	0.21246498193762034	0.005258601759375672	8.279343599703018E-5	1.2352020617678186E-5	8.597738556483687E-5	1.2607042258346604E-4	0.04091314769468705	4.75049398820664E-5	0.029014826711419958	0.0021914798285585903	1.3080774462978579E-5	6.977569594400796E-5	0.4435534222049765	0.006264580836083119
74	74	0.009128530345944495	0.0014158262082598343	7.97322215265628E-4	5.139073640427626E-4	0.0014136321114284396	3.9902700779989445E-4	0.23393335496181328	7.881366065106251E-4	7.036013548027149E-4	1.0497086316675132E-4	7.306594325664238E-4	0.08009301042423259	0.27744971585340145	4.0371002433142625E-4	7.308959842450243E-4	0.009843616340678955	1.1116401346539862E-4	5.929730250628483E-4	0.3802889038524417	5.570420105397149E-4
75	75	3.8187897176853857E-4	0.040053302869382135	8.740668687455763E-4	0.03906457163258246	0.001549698440025041	4.374345535278677E-4	0.3238272401786344	8.639971176107323E-4	7.713250945010589E-4	1.1507462343453661E-4	8.009875933658626E-4	0.001174504710934674	0.5062863782664577	4.4256832443958886E-4	8.012469138526773E-4	0.00116579413722412	1.2186388301562824E-4	0.07765244674463162	0.003004960101877443	6.106589739883026E-4
76	76	8.645025543506147E-4	0.7007897723223904	0.001978723879988324	0.0012753699243090739	0.0035082273676143405	9.90269998724286E-4	0.057598071993874726	0.04553568408709347	0.0017461357229040038	2.6050742055624217E-4	0.0018132860713986774	0.0026588589520851634	0.1655931344890153	0.0010018918956988172	0.0018138731244699909	0.002639139842683147	2.7587703418754884E-4	0.0014715881012921201	0.006802667535643435	0.0013824176817203479
77	77	3.677212622221918E-4	0.047836827435881975	0.010110115099944573	5.4248612222949E-4	0.010760698432767184	4.21217186738326E-4	0.2747479167762688	0.06571113800934962	7.42729132269409E-4	1.1080836837682458E-4	7.7129192920142E-4	0.001130961343041907	0.16312054901327736	4.2616062918784085E-4	0.010039994858434105	0.0011225737035112711	1.1734592421853853E-4	6.259486815337162E-4	0.4107054965740989	5.880195174464623E-4
78	78	5.931051066429334E-4	0.0024106083695167755	0.001357533568815139	8.749869056601305E-4	0.002406872665124221	6.79389771890091E-4	0.11426241607458879	0.10598683165923219	0.0011979629313229204	1.7872507220796698E-4	0.0012440324477223953	0.0018241505642624333	0.6667309266753673	0.030585916766510093	0.0012444352043975654	0.061607729201179295	1.892696290585876E-4	0.0010096053659517034	0.004667073375179266	9.484286453701912E-4
79	79	8.284010390019982E-4	0.0033669419729626983	0.21069544878093024	0.0012221106404979418	0.04512159547556785	0.02182885206663077	0.1804723976174756	0.06451405539873477	0.0016732173199635535	2.4962866421907417E-4	0.001737563478551968	0.0025478253446244974	0.09603817966939242	9.600530191469775E-4	0.0017381260163626174	0.002528929702691901	2.643564447642661E-4	0.00141013477167698	0.3614774944794597	0.0013246880973441456
80	80	9.516713920381268E-5	0.18748522344588048	2.1782410009674164E-4	1.403967015623791E-4	3.86196617432981E-4	1.09012011987338E-4	0.07350411356829759	2.1531464165874654E-4	0.3791864704707893	2.8677469870895637E-5	1.996121898133173E-4	0.0026913932788101913	0.0014381245317499733	1.1029138667700375E-4	1.996768144475379E-4	0.25215379242184754	3.0369404906365944E-5	1.6199701086081817E-4	0.10149416594132404	1.5218085278292365E-4
81	81	1.0361776078353962E-4	0.23286213967973388	2.371663757631345E-4	1.5286360354001038E-4	4.204899827332374E-4	1.1869202620922966E-4	0.11659486098307323	2.3443408322707817E-4	0.26137894837927755	3.1223962786101924E-5	2.1733729002044203E-4	3.1868617330030145E-4	0.022459399428844267	1.2008500640864907E-4	2.174076531725281E-4	0.2876029482489652	3.306613773465421E-5	1.7638197028362748E-4	0.07655455709404327	1.6569416010000544E-4
82	82	4.904573491868076E-4	0.001993408213145785	0.0011225873932561134	7.235543135891291E-4	0.05143843603303214	5.618088646578576E-4	0.24283155243777152	0.0011096545432861499	0.16169701361574268	1.4779340822825246E-4	0.0010287297306641246	0.0015084477274689674	0.032135637235647135	5.684023035713289E-4	0.001029062782882119	0.2858239332085212	1.565130353961542E-4	8.348745710725353E-4	0.1274796428889037	0.08731849034397625
83	83	6.209535250345889E-4	0.0025237951043818735	0.0014212746534587432	9.160706885564948E-4	0.0025198839952292754	7.112895657153311E-4	0.15092984582154406	0.001404900755114866	0.0012542116004972683	1.8711685729324144E-4	0.4551872190879738	0.0019098009954490551	0.1502443725425236	7.196373234606448E-4	0.0013028659139720023	0.11145403111206154	1.9815651902096014E-4	0.0010570099698348563	0.11444460318673269	9.929607821450664E-4
84	84	0.0014752796771532965	0.005996106756276426	0.0033767061903448923	0.0021764277279655406	0.005986814627936168	0.0016899027037692884	0.06110693419225568	0.003337804600308584	0.0029797928676875804	4.445577417442569E-4	0.003094385408738391	0.004537361464911862	0.022293786622739387	0.001709735552533251	0.0030953872189252558	0.4507186701885417	4.7078609528914295E-4	0.0025112754242902807	0.4206391794612068	0.0023591054773821596
85	85	4.565910013113923E-4	0.0018557622871217632	0.0010450721205344342	6.735924929916901E-4	0.001852886424159034	5.230156556631478E-4	0.32963972047466605	0.001033032290919512	9.222296153250968E-4	1.3758819265741827E-4	9.576953808145034E-4	0.33514859548003234	0.17952617081300334	5.291538140179547E-4	9.580054355949144E-4	0.12798654198104328	1.4570572480624916E-4	0.012285650401477817	0.003592860155307566	7.301302585524493E-4
86	86	4.413531628196778E-4	0.0017938298225550974	0.001010194866845335	6.511126508836353E-4	0.05741281517714629	5.055610232530842E-4	0.28526557544208875	0.20123691171152927	8.914519918278348E-4	1.3299645376624636E-4	9.257341562279506E-4	0.012481776230034155	0.3626488351165461	5.114943324860764E-4	9.260338635318367E-4	0.04584476820808818	1.408430790345651E-4	7.512876157560421E-4	0.02572166151732943	7.057635782504246E-4
87	87	1.4276905301030917E-4	0.2740669563032802	3.267781374307477E-4	2.1062211489729035E-4	5.793693685444146E-4	1.6353903089226407E-4	0.10307332074346962	3.2301346605616743E-4	0.40691988965237175	4.302173261120174E-5	2.994567615185774E-4	4.3909965652134665E-4	0.052536590688164075	1.6545833953616223E-4	2.995537109268081E-4	0.1551717322176986	4.5559961298014906E-5	2.4302674247218727E-4	0.004721941706085547	2.2830061321470137E-4
88	88	1.3141914171528154E-4	0.30859043848501194	3.007997983244043E-4	1.9387799374182715E-4	5.333104306907017E-4	1.505379395859573E-4	0.11144132333659586	2.973344123009241E-4	0.33150877608913065	3.960157370001054E-5	2.7565042808519203E-4	4.0419193635292535E-4	0.031797849099881696	1.5230466626340894E-4	2.757396701705798E-4	0.185897461144797	4.193801726718897E-5	2.2370650526938344E-4	0.027533588251387804	2.1015107972721536E-4
89	89	5.028908520294523E-4	0.0020439427738487568	0.001151045919911508	7.418970188819224E-4	0.0020407752887877436	5.760511879247597E-4	0.04618086282418347	0.0011377852114088265	0.0010157467748720176	1.5154009438633916E-4	0.00105480888729565	0.0015466881354036493	0.5906686504105867	5.828117760136066E-4	0.013730567381981917	0.21701730629622623	1.6048077137510437E-4	8.560393377334755E-4	0.11803594115466862	8.041679024802195E-4
90	90	6.853089677651353E-4	0.002785360494955402	0.0015685751451661484	0.0010110119882797645	0.002781044039587772	7.850074094278351E-4	0.35657830458715084	0.20882992256170868	0.0013841977259859558	2.0650959396026377E-4	0.0014374291893059477	0.019381017073565047	0.2349087950479757	7.942203263579319E-4	0.0014378945583581272	0.14027837933857587	2.1869340301856286E-4	0.0011665581756776925	0.022665899424372884	0.0010958709488044084
91	91	1.4921235722188046E-4	0.004367369896842595	3.415259480014666E-4	2.2012769283139466E-4	6.055168634929737E-4	1.7091970411441064E-4	0.122768771353258	3.3759137339918005E-4	0.45161096679865714	4.4963344641806396E-5	3.129715322058693E-4	4.5891664491279593E-4	0.08499492307449402	1.7292563299713354E-4	3.130728570338229E-4	4.555131445050948E-4	4.7616126022237926E-5	2.5399477230973494E-4	0.33213449684433505	2.3860403872333995E-4
92	92	5.093470381351826E-4	0.23315680853597412	0.0011658232153130856	7.514216010171084E-4	0.0020669750595953018	5.834466170932574E-4	0.059611885328150004	0.0011523922639005528	0.0010287870801159974	1.534855882204184E-4	0.0010683506776361913	0.0015665447432727186	0.1617547817440555	5.902939985980307E-4	0.001068696557173038	0.014393072503035132	1.6254104692437637E-4	8.670292956059043E-4	0.5175338251788826	8.144919273013412E-4
93	93	0.0011053589146385557	0.004492605814894528	0.0025300099685607483	0.0016306967610476124	0.004485643652359565	0.029126854134858687	0.18508804358570416	0.002500862804123954	0.0022326211504726102	3.3308658047591214E-4	0.0023184800481197416	0.0033996353517561748	0.1560071450038628	0.0012810258718630263	0.0023192306582162374	0.003374422362787479	3.527382742232795E-4	0.0018815826723162698	0.5937723876294488	0.0017675687602697544
