0	0	0.03531182512714246	2.7255171793206807E-4	0.12711914323821027	0.001861667222602496	0.2538606879537161	0.07952683263384488	0.3213310686515929	6.383055495637417E-5	1.1356682425075008E-4	1.3777970722846866E-5	0.05486806218528236	0.0019562286248258932	0.007218105264594966	1.3474712220139145E-4	0.07847023769558768	0.030294196116386563	0.0055691281943146985	1.0629603413124236E-4	0.0018350937930690372	7.295307463512069E-5
1	1	1.4897477633440146E-4	0.004704835290326596	0.016827116034993143	2.295809675336366E-4	0.008333110123765832	5.091195824357247E-4	0.0013405496593794836	1.4757929570528651E-4	0.00841193729670358	3.1855327231848646E-5	5.424205935746938E-4	0.08601654781361164	3.898738363743684E-4	3.1154179070488723E-4	0.24254718258811278	7.720245909883897E-4	0.6281531759927091	2.4576151443576503E-4	1.6814192759888685E-4	1.68670997479886E-4
2	2	0.11448774687219743	0.04025475296911283	0.06213088868675742	0.061808434156874655	0.09693650259584777	0.009343799256832467	0.21690904036379025	1.5926011553542022E-4	0.048652461624123164	3.43766588064907E-5	5.853528842826865E-4	4.8368714091400806E-4	4.207321354156268E-4	3.362001515500844E-4	0.23536150884669585	0.0711881950341867	0.040278375622102805	2.652134027076654E-4	1.814502683982367E-4	1.820212138684096E-4
3	3	1.0835547280861085E-4	0.06269570095931082	3.843163275784935E-4	1.6698366594037334E-4	1.3364510690715964E-4	3.7030358043374685E-4	0.11655871484427156	1.0734048243853912E-4	0.06242834443703311	2.3169687705601915E-5	3.945247734152232E-4	0.03292652716666448	0.08919409280942449	0.20768448077198673	0.35423556975034587	0.03316204976090391	4.7425741347337415E-4	0.0031424364940988788	0.03568650515194218	1.2268134331685948E-4
4	4	1.2545926784767548E-4	5.3068369411507E-4	0.034759964220475684	0.04137132262620073	1.5474084353461575E-4	0.07249022194680202	0.30653230269684595	1.2428406233750653E-4	2.2112523186269714E-4	2.6826998032102173E-5	0.055360774442469646	0.08273342329115924	3.283326699192201E-4	2.6236525355173936E-4	0.36897329331663653	6.501613382415127E-4	0.003980616834292829	0.031090453899176314	1.4160090486527497E-4	1.42046461633633E-4
5	5	3.140503263969578E-4	0.01850790149349475	0.0011138769919715086	0.3097148153491043	3.873481270270864E-4	0.001073263373660796	0.011415727727649297	3.111085455274873E-4	5.535218914667824E-4	6.71534884012025E-5	0.001143464475316197	9.448643333844534E-4	0.02659112088344043	0.24975937601638948	0.15053886626266855	0.0016274874227174367	0.2075284502458344	5.180842403220968E-4	3.5445616058461734E-4	0.01753506264464228
6	6	2.567168771931743E-4	0.0010858939564031796	9.105261129224612E-4	0.3304103539260375	0.07053253429960891	8.773269712948769E-4	0.051461197727925956	2.543121517886145E-4	4.5247019185007945E-4	5.489385740422449E-5	9.34712065586152E-4	0.014815548825523193	0.1411036417993671	0.07777434728553208	0.11603469864065136	0.0013303711339025543	0.19070654804924211	4.235020858738873E-4	2.8974616804616304E-4	2.906578738463597E-4
7	7	1.880540701645101E-4	7.95455213156864E-4	0.01609767139903204	2.8980500215751556E-4	2.3194496466139925E-4	0.39669677337760983	0.31030578972688	1.8629252489760039E-4	3.314502035699683E-4	4.021166595964309E-5	6.847092029445503E-4	0.06228850397466832	0.12908113989714953	0.015823945165611347	0.033563868051231946	9.745432762158954E-4	0.03168444601620937	3.1023005515845337E-4	2.1224917820517888E-4	2.1291703451596812E-4
8	8	2.869383269121874E-4	0.07184745556320832	0.0010177158678010556	4.4219283516232954E-4	3.539083202901529E-4	0.4483275463768687	0.15169766077691363	0.008132442404156982	5.057362852283489E-4	6.135612030475089E-5	0.0010447490604293481	8.632940907618832E-4	7.509307888805606E-4	0.08693016731426395	0.22387294008594644	0.0014869862531360608	0.0012558906829571526	4.733579704346205E-4	3.238559209561546E-4	3.248749553874114E-4
9	9	1.9200441488550514E-4	0.22663129081004885	6.810032727926111E-4	2.9589277074125E-4	0.01599164003917033	0.02166260319498921	0.0647470428558246	1.9020586584069345E-4	3.384127891752675E-4	4.105636951860956E-5	0.02170552281746598	5.776721379628606E-4	0.005754091957645045	0.11593689377931116	0.08153339332297806	0.35810433036378436	8.403776460826067E-4	0.021323177199556235	0.03697796083290979	0.02647542755931691
10	10	1.5334870759854877E-4	0.00484297025971786	5.438988046988528E-4	2.3632151379426338E-4	1.891395412697065E-4	5.240674421580085E-4	0.0559060195793645	1.5191225535999506E-4	0.28967810152709916	3.279060644580274E-5	5.583461780993395E-4	4.613710357916502E-4	4.0132061551342933E-4	3.206887242461318E-4	0.2958058983125046	0.21051050330391521	6.71186784940991E-4	0.13866541298295706	1.73078610519544E-4	1.73623214005294E-4
11	11	1.1816083119592091E-4	4.998118311585568E-4	4.190940755622808E-4	1.8209443650813467E-4	1.4573898768648774E-4	4.0381327979771326E-4	0.0010632703462237748	0.0033489292436775816	2.0826154690309822E-4	2.526637083370529E-5	0.013357727316755703	3.5550338788365685E-4	0.17159862067514653	0.49795589127043643	0.19237871943172766	0.013539840019643135	0.04899530293393113	0.019586179710077922	1.333634485838857E-4	0.035684410856266675
12	12	2.4800976272407367E-4	0.4012718764896148	8.796436279880739E-4	3.8220108588162514E-4	3.0589402080154194E-4	8.475705078733243E-4	0.009015153582353852	2.456865988420486E-4	4.371236754956832E-4	5.303201214771098E-5	9.030092611593749E-4	7.461720604388721E-4	6.490529472887891E-4	5.186475690214537E-4	0.09853225298838907	0.06911962377176843	0.41487519358285535	4.091380862026382E-4	2.7991879292480387E-4	2.807995762283916E-4
13	13	0.013995529771080454	5.362036399080207E-4	4.4960874227303665E-4	1.95352917989825E-4	0.0070907331565701285	0.6106588986278539	0.10515642961380452	1.2557681222720256E-4	2.234252823576933E-4	2.710604104127496E-5	4.615515252459433E-4	0.021184536245857515	3.3174784653027293E-4	2.650942651901587E-4	0.14744375653330627	0.08386951721574375	5.548301331066313E-4	2.0912111962238805E-4	0.007077456541854432	1.435239684366366E-4
14	14	4.546386043480532E-4	0.0019230886500603383	0.0016125169709431638	7.006311620839502E-4	5.607490171681378E-4	0.026423812207670996	0.25279196602394804	4.503799010881708E-4	8.013123982379351E-4	9.721552782351012E-5	0.4120118348530722	0.001367843831772317	0.0011898101222396862	9.507577618658641E-4	0.043838708950080706	0.25105695121144034	0.001989892369756867	7.500106707643949E-4	5.131325797352233E-4	5.147471859002303E-4
15	15	1.8613923362453466E-4	7.873555920918467E-4	0.0057513866965698025	0.010469226320149893	2.2958321469657036E-4	6.361286872155225E-4	0.5158847711918485	1.843956250672157E-4	0.051239936356203074	3.980221580923979E-5	6.777372389774384E-4	0.11765730645432287	0.031034251590324854	3.8926153534644855E-4	0.19104887766971104	9.646201138325813E-4	0.072091312074858	3.070711772628761E-4	2.1008797806922066E-4	2.107490340184637E-4
16	16	1.055403777980018E-4	4.464282195249671E-4	3.7433171906524603E-4	1.626453997443294E-4	1.301729825751364E-4	3.606830256553927E-4	0.006723079180802879	0.046291543724082736	0.011732765660372133	2.2567734979387365E-5	3.8427494761118124E-4	0.5430146886010815	0.06667000497180042	2.20710103414111E-4	0.14296437497398495	0.0813741726050337	0.09860929404900698	1.7410842103590478E-4	1.1911924286187302E-4	1.1949405956907758E-4
17	17	2.223667737868791E-4	0.025268849299214118	7.88692805837304E-4	0.11590188898928763	0.08542315443216458	0.006841999341909807	0.48248398043401136	2.202838136172875E-4	0.07337668867956565	4.754876307765766E-5	8.096425475277974E-4	6.690215415201249E-4	5.819440667182406E-4	4.6502196280079567E-4	0.18565751818992063	0.01939855065776277	9.732696304584211E-4	3.668352215772981E-4	2.5097656729851055E-4	2.517662819430992E-4
18	18	1.9100135074422476E-4	8.079219983730474E-4	6.774455943744342E-4	2.9434697593141903E-4	2.3558012602382616E-4	6.527449164768689E-4	0.22113396145545106	0.0054133844744935645	3.366448624639219E-4	4.084188397118175E-5	0.11562723041046183	5.746542791945983E-4	0.3714160909704479	0.03174446304313804	0.24828096168959252	9.898168221145296E-4	8.359873684818456E-4	3.150921409192798E-4	2.1557565702287894E-4	2.1625398032293943E-4
19	19	5.19201550874274E-4	0.0021961852777808814	0.0018415095069309905	8.001273593263648E-4	6.403806376768557E-4	0.0017743653206616714	0.004672035624416526	5.143380718029906E-4	9.151062754482108E-4	1.1102104469858513E-4	0.0018904248110966412	0.0015620904868569097	0.0013587743205366448	0.0010857742825741278	0.0642651548909432	0.5423262780940301	0.37149686488858713	8.565192214408041E-4	5.860022194654746E-4	5.87846114851624E-4
20	20	0.0023713419822236617	0.07489035203083952	0.008410700617315562	0.003654410498392021	0.0029248015306757268	0.008104033914385704	0.02133852296852298	0.002349129082277619	0.004179552094003954	5.070648648116921E-4	0.008634110801946029	0.007134514034633504	0.006205910951595406	0.004959041696141403	0.09893810600244607	0.6608863451389815	0.010379046722786717	0.003911968261581599	0.06753618546716292	0.0026848613392764795
21	21	6.42078082859949E-5	0.003783953369844041	2.2773292795208542E-4	9.894890337961843E-5	7.919359475098219E-5	2.1942944535993973E-4	0.01462720982635821	0.39169162943780067	0.008894065315244426	1.3729577544046648E-5	0.05643152533161019	1.9317817201546154E-4	1.680347852005477E-4	0.049307299161234865	0.3258159281259614	3.327409387679636E-4	0.14253156652079846	0.0036182816356824304	7.246880926925028E-5	0.0018288763129394778
22	22	9.687160015064582E-5	0.06135016843251496	3.435852075723662E-4	1.4928618277764905E-4	1.194809548869584E-4	0.10896395972215275	0.06711127365965196	0.002745547160957503	1.7073872191116036E-4	2.0714087298542407E-5	0.024198958540593094	0.09302685602804622	2.535174297001764E-4	2.025816216809511E-4	0.28489751255230544	5.020128865091854E-4	0.3554681132418856	1.5980766506001448E-4	1.0933513699229442E-4	1.096791673525002E-4
23	23	2.847039159469067E-4	0.0012042771206601636	0.0010097908355510042	4.387494453221231E-4	3.5115240880188945E-4	0.22679821741771108	0.002561908444755272	2.820370295818937E-4	0.016075952909608827	6.087833544599282E-5	0.0010366135186154989	8.565715528443511E-4	0.17206078638453542	5.953837956815979E-4	0.4245936369859644	0.001475406976066373	0.11805227220487517	0.016043826727259	0.015895488861813672	3.223451289592924E-4
24	24	3.8316794477294034E-4	0.22170530255642903	0.0013590240858534016	0.10539264665951222	4.725974573801757E-4	0.0013094720384588118	0.0034479370970660617	0.19950367699111043	0.0635566376863984	8.193293231129566E-5	0.0013951233165539548	0.0011528143557939076	0.001002768121423329	8.012955655480816E-4	0.3408733773147524	0.05438675071817176	0.0016770748509851209	6.321065666798522E-4	4.324664779734831E-4	4.3382726282533394E-4
25	25	0.07899408884412437	0.01510969248080732	0.0016969221859638496	7.373048374321852E-4	0.13144952197044238	0.0016350498693072913	0.5015710083965688	4.7395448236535736E-4	8.432561089031658E-4	1.0230415490598566E-4	0.0017419968730938646	0.014525384056292993	0.0012520892678307492	0.0010005240060474286	0.033047450058812905	0.21185444965000125	0.00209405083528862	7.89269055683377E-4	5.399918726959281E-4	5.416909934322461E-4
26	26	3.677514852190785E-4	0.0015555623752668034	0.12200697481442395	5.667317908839276E-4	4.5358287203620367E-4	0.0012567864654791198	0.11395328956179347	3.6430667337522966E-4	6.481715845468857E-4	7.863642550706678E-5	0.0013389916320649276	0.001106431780916096	9.624225382483438E-4	7.690560714946811E-4	0.025402031297130655	0.7160630077084277	0.0016095990692509988	6.066742583359872E-4	0.010473619029968222	4.163725656306805E-4
27	27	1.8709175255648278E-4	7.913846787762558E-4	6.635789905114762E-4	2.8832200071954295E-4	2.3075804685955813E-4	6.39383909695649E-4	0.10402832382313909	1.853392215375827E-4	3.2975409368624927E-4	4.00058932573175E-5	0.05185359464175977	5.628917062087876E-4	4.896277149593953E-4	3.912534796274946E-4	0.099916219756357	0.6355071831220063	0.09292917624699015	0.010543120385724497	2.1116304844846854E-4	2.1182748717894727E-4
28	28	1.5019880124353939E-4	6.353301439025854E-4	0.26756323027513834	2.314672789605749E-4	0.008401577649699104	0.11143366570371545	0.1533535430160085	1.4879185489457384E-4	2.6472930473977883E-4	3.211706089562672E-5	5.468772964750189E-4	0.012776378883082017	3.930771658163418E-4	0.22626298917295543	0.16648495834791044	7.783677945365906E-4	6.574000660804798E-4	2.4778077046540053E-4	1.6952343601739605E-4	0.049467995977462806
29	29	1.6291515512672168E-4	6.891194077024915E-4	5.778291811413392E-4	2.5106410534847225E-4	2.0093875057113832E-4	5.567606664123213E-4	0.001465992170531289	0.989387366050959	2.871422101321555E-4	3.4836203183415605E-5	5.931778339964758E-4	4.901530312452681E-4	4.263564483574462E-4	3.40694447811854E-4	0.0023412402734832092	8.442671242559426E-4	7.130578463949308E-4	2.687587538886945E-4	1.8387588081750358E-4	1.844544586402511E-4
30	30	9.269628946704157E-5	3.920986481832153E-4	0.007934922155338702	1.4285172528033621E-4	1.1433114723795749E-4	0.030741372435692423	0.018581801605972944	0.24602388144862952	1.633796279291059E-4	1.982127919106594E-5	3.3750932602188115E-4	0.07126958559832149	2.4259044974876722E-4	1.9385005114850426E-4	0.3968517218815092	0.20077555294655802	0.015618011229175076	1.529197159582211E-4	0.005175386618249373	0.005175715820387105
31	31	1.7375459583589612E-4	7.349694635522517E-4	0.01487361791952185	2.677684719987687E-4	2.1430806339717504E-4	0.07663296857751027	0.3247299789386012	1.7212699699886602E-4	0.028820933599841465	3.71540044870799E-5	6.326444874002062E-4	0.07180948148658968	0.019464514824688466	3.633623037527516E-4	0.12130820711938778	0.010405335350883125	7.605006287573048E-4	2.866404210398083E-4	1.961099280822791E-4	0.32811562281767376
32	32	9.712895136696834E-5	4.108484897228003E-4	0.0056577418222621126	1.4968277972307196E-4	1.1979837061065574E-4	3.319370726986057E-4	0.08322929445637998	0.1010478520576046	1.7119231014227102E-4	2.0769116796899003E-5	3.5364875014477537E-4	2.922260356758239E-4	0.0640131169940146	2.0311980445756578E-4	0.11828719660999103	0.5823035468821752	0.04293107114008071	1.6023221360589275E-4	1.0962559911378307E-4	1.099705434325847E-4
33	33	1.454195453152257E-4	6.151142345108757E-4	5.15775568737499E-4	0.039998520142066056	0.04393121960010655	4.96969621371965E-4	0.09278971941140858	1.4405736734405975E-4	0.004233747545927474	3.109511097049683E-5	5.294759155079333E-4	4.375150420052933E-4	0.02026777865548242	3.04106954651854E-4	0.05777399756798162	0.6570314982223189	0.03643345814178317	2.3989650170716482E-4	0.04391598912778237	1.6464572302047183E-4
34	34	1.6219243005879245E-4	6.860623325620251E-4	0.009447676330108358	2.4995033344400193E-4	2.0004734502913592E-4	0.11145942223455539	0.1833439043436474	1.6067313665956578E-4	2.8586838834951226E-4	3.4681662635652893E-5	5.90546375369832E-4	0.004924183870699961	0.05809513340946354	3.391830573107898E-4	0.04669290664016535	0.13392667954928664	0.16041328389617154	0.044629619073987055	0.24417434940969462	1.836361808008019E-4
35	35	6.443412405840565E-5	2.7255171793206807E-4	0.042525404830808536	9.929767244829321E-5	0.3737018173642019	0.035467593879989816	5.798105235279669E-4	6.383055495637417E-5	1.1356682425075008E-4	1.3777970722846866E-5	2.3460613050207382E-4	0.0689262715306856	0.0882871045716883	1.3474712220139145E-4	0.33577619201810127	0.01090813106469033	0.04081651919739875	1.0629603413124236E-4	7.27242429148344E-5	0.0018353226247893235
36	36	6.828511976402995E-5	2.888411532375829E-4	0.5269336044314907	1.0523233697217573E-4	8.422253066212226E-5	0.018910363966847983	0.00621756381880336	6.764547750893033E-5	1.2035430462519579E-4	1.460143044797335E-5	2.486276946077282E-4	2.054453338932837E-4	1.7870529672705295E-4	1.428004727594347E-4	0.2923425253917581	0.06385567179971041	0.08994847654808942	1.1264896554679574E-4	7.70707091895361E-5	7.731321735821073E-5
37	37	1.7051317598709294E-4	0.10332464047660235	0.005268568011514416	2.627732082139751E-4	2.1031011210781602E-4	5.827268151990596E-4	0.0808187945029369	1.689159402673712E-4	0.11689528617717924	3.6460890575315025E-5	0.01927600276417311	5.130127397437128E-4	0.14502373361695656	0.01434795399255976	0.2729502560418334	0.23407314648494434	7.463133675730917E-4	0.004945083188303563	1.9245146592549315E-4	1.9305702740340255E-4
38	38	0.05968988652197222	0.004045474323381484	0.13359245307731904	1.974062537755563E-4	0.003661628474305488	4.37768821048665E-4	0.001152677807316191	1.2689673805711826E-4	2.25773684073024E-4	2.7390950039063515E-5	4.6640284906285045E-4	0.1160053417324899	3.352348163289804E-4	2.678806455877908E-4	0.1104535420348539	0.2984727782724876	0.27034053367921485	2.1131917165504417E-4	1.4457761192697286E-4	1.4503253510425332E-4
39	39	2.3831038125099934E-4	0.0010080358002869875	8.452417600353685E-4	0.33931079027761185	2.9393085142668293E-4	0.02036885778978733	0.11295290008379735	2.3607807368232554E-4	4.2002826266605977E-4	5.095799009932235E-5	8.676935897055527E-4	0.007235135050083151	6.23669220201476E-4	4.983638488696041E-4	0.04905175340535908	0.0012349840633464654	0.0010430526680971766	3.9313715813571356E-4	2.6897148535013867E-4	0.46305810824020727
40	40	0.010808746160591888	8.207857772818073E-4	6.882319207355123E-4	2.9903358482246144E-4	2.3933104586828003E-4	6.631379572732384E-4	0.0017460914751918361	1.9222484474397955E-4	3.42004940652443E-4	4.14921707150512E-5	7.065131588244717E-4	0.2765660995257155	0.048273984641650156	0.02694254830809156	0.3636884935398343	0.17084083555231158	0.09638163108741293	3.2010905547889785E-4	2.1900806460137948E-4	2.1969718820267974E-4
41	41	3.6408927414077936E-4	0.0015400714853787756	0.0012913556567249276	5.610880572039318E-4	4.490659189152444E-4	0.0012442709012953554	0.003276257662153222	3.6067876706143663E-4	6.417168420020605E-4	7.785333366318676E-5	0.0013256574371376746	0.0010954135066512367	9.528383635454786E-4	7.613975146211903E-4	0.10481615251697371	0.011845187333756335	0.8679731133611861	6.006327621650788E-4	4.109331383367446E-4	4.122261670875336E-4
42	42	3.16771311369283E-4	0.0013399199006264633	0.044444370738956504	4.881676344176203E-4	3.907041765010385E-4	0.0010825623084671453	0.011514635517211111	0.017642141213991505	5.583176984503752E-4	6.773531754583431E-5	0.0011533716443021967	0.13091557958408778	8.29005080294005E-4	6.624443682090145E-4	0.19516400330762448	0.5908050520817402	0.0013864656661866951	5.225730095218876E-4	3.575272285161938E-4	3.586522119807362E-4
43	43	2.6224092197522057E-4	0.10869947487530313	9.301188529012253E-4	4.041323375364001E-4	3.234466625854205E-4	0.015241567278204238	0.031050499068185616	2.5978445158619166E-4	0.029152930359829063	5.607506578396034E-5	9.548252399324242E-4	0.07968847920473524	6.862965450965476E-4	5.484083174246377E-4	0.3121939245574013	0.0946038507757161	0.32391843726289066	4.32615021934951E-4	2.959809385264416E-4	2.9691226245117844E-4
44	44	2.7610375081707256E-4	0.07668639956007604	9.792876796549984E-4	4.254959652361763E-4	3.4054500745515687E-4	9.43581388633136E-4	0.010036369903104041	2.7351742415579716E-4	4.866400622687576E-4	5.9039359203170045E-5	0.038764550379378086	0.008382546805176786	7.225762052951447E-4	0.008129248851124116	0.17766041545457817	0.07694933928743161	0.5449416729389603	0.05331843469261914	3.116273641885299E-4	3.1260792064367307E-4
45	45	6.051366285784495E-4	0.0025596844857109593	0.2504171668822054	9.325595654343126E-4	7.463725396007698E-4	0.002068047459033363	0.0054453224987427796	5.994681760797955E-4	0.0010665690912965086	1.2939657167246728E-4	0.3332311323296014	0.001820638187923982	0.0015836703683645727	0.01781687582326137	0.09145332261862381	0.01968736031827702	0.05230277448288127	0.14996080222916633	6.829937368825312E-4	0.06689070600666296
46	46	9.610766445493502E-5	0.10029667999094245	0.05028595140819423	0.0027767970989168857	1.1853872035946207E-4	3.284468364385133E-4	0.11915579375324425	0.3838836841084659	0.0054267686585601676	2.0550734668186165E-5	0.05818107054658164	2.8915335115292076E-4	2.515181748749063E-4	2.0098404992765714E-4	0.2642499749904954	0.013641494963556206	4.206503942802441E-4	1.5854741149139699E-4	1.0847291304003232E-4	1.0881423035459666E-4
47	47	0.02512797120569064	3.8719027196331063E-4	0.0854485405292362	1.410634762909882E-4	0.19539709533174912	0.04037111936797164	0.1610568718278009	9.067845956226013E-5	1.613344061864148E-4	1.9573152103966013E-5	3.332843108183914E-4	0.007786329142294446	0.0027431971805530527	1.9142339401593487E-4	0.26670166910776805	0.05305087608552034	0.16063382635487652	1.5100543367022612E-4	1.0331294040692433E-4	1.0363802152064369E-4
48	48	2.938570668624857E-4	0.0012429942917707888	0.001042255327232568	0.08082715278959779	3.624418600953244E-4	0.0010042531417599975	0.26787945540199554	2.9110444085004824E-4	5.179307448482229E-4	6.283555682797878E-5	0.001069940352022267	0.008921539854917601	7.690374493077227E-4	0.4667854517200787	0.0685224338384231	0.04170998973229297	0.001286173082436126	4.847717147610814E-4	3.3166482861436973E-4	0.05659471680530541
49	49	9.293190735165541E-5	0.0029349217905451845	0.20875938450541412	1.432148295806001E-4	0.14754055850366604	0.018110379192515885	0.028796339304148	0.056012244296869414	1.6379491059622213E-4	1.987166144369105E-5	0.07150950909378456	2.79598641712535E-4	2.432070725815252E-4	1.943427843446926E-4	0.10809222960130438	0.11740561521095133	0.21900382915425576	1.5330841134394779E-4	1.0488856182253037E-4	0.020439830565767914
50	50	4.808023994550198E-5	0.02518963735057008	0.002800664277083656	7.409514736347193E-5	5.9301931329193175E-5	0.4301910228195312	0.0030627828602649873	4.7629861397280234E-5	8.474267695290257E-5	1.0281014105446818E-5	0.017270924316613537	0.07378837390236818	0.1224270023604972	1.0054724980099442E-4	0.0914305379979385	0.12649553717102885	0.10673081827686436	7.931727017275542E-5	5.426626186507562E-5	5.4437014306880124E-5
51	51	2.680079280747626E-4	0.0011336542908533817	9.505733306294849E-4	4.130197134579004E-4	3.305596595271522E-4	0.2941326022399526	0.36893252987319103	2.654974368273178E-4	4.723709635267968E-4	5.730822666507895E-5	9.758230420344443E-4	8.063393380525465E-4	7.013890651039338E-4	5.604685027222104E-4	0.32638987691158144	0.0013888841866029687	0.0011730348589184892	4.4212876773579943E-4	3.024899298195376E-4	3.034417347230406E-4
52	52	1.6438010167330204E-4	0.01418344006348797	5.830250689196611E-4	0.013741445731631783	2.0274560843217888E-4	5.617671043640151E-4	0.06891979467878952	1.6284031585625785E-4	0.472374065514681	3.514945320309499E-5	5.985117381304726E-4	0.027470808602008012	4.301902807970843E-4	3.437580004590762E-4	0.35305351786388933	0.03232414826392095	7.194697215134595E-4	0.013759299491914873	1.85529307942767E-4	1.8611308838514007E-4
53	53	3.140503263969578E-4	0.15594383080481367	0.0011138769919715086	0.19804812278365758	3.873481270270864E-4	0.06979122802932027	0.22615936727658514	0.017490599709442355	5.535218914667824E-4	6.71534884012025E-5	0.1042204114588054	0.05248333782512905	0.13825781344888705	6.567541396238986E-4	0.01310293695134959	0.018806978586632304	0.0013745562788560323	5.180842403220968E-4	3.5445616058461734E-4	3.555714807274154E-4
54	54	4.784361022027623E-4	0.2506566507065721	0.0016969221859638496	0.1577686103212754	5.901007339063695E-4	0.0016350498693072913	0.3445397029127256	4.7395448236535736E-4	0.040101082479863964	1.0230415490598566E-4	0.0017419968730938646	0.0014394419326393933	0.0012520892678307492	0.18420371373719785	0.006875565811505704	0.0024793756715436183	0.00209405083528862	7.89269055683377E-4	5.399918726959281E-4	5.416909934322461E-4
55	55	7.772041748727581E-5	0.01308336892683595	0.19797222528915903	0.008622850911637463	0.07662356283094852	2.6560863168562267E-4	0.002825136770571331	0.02558622667615438	0.14256354234584942	1.6618983378069658E-5	2.8298183104293853E-4	0.09164192226270043	0.006580706475379828	1.6253193080126814E-4	0.26046079559943325	4.0276666291060736E-4	0.17252750328698177	1.282142385055695E-4	8.77199558988906E-5	8.799597263838815E-5
56	56	2.398739141899265E-4	0.0010146494323457038	8.507873150642118E-4	3.6966315144644317E-4	0.22336679580606036	0.09267250489835897	0.00215850563346054	2.3762696065243206E-4	4.2278403025163984E-4	5.1292320880900426E-5	8.733864491658869E-4	0.1516226218550527	0.03999322044025518	5.016335691780008E-4	0.27900542393762945	0.20463129349206474	0.0010498960426704735	3.95716495607437E-4	2.7073618303040533E-4	2.715880726345246E-4
57	57	4.3309631563936735E-4	0.21505692843281796	0.06076526669901805	0.17835490135900509	5.341788642919424E-4	0.001480101670888348	0.08681803618849218	0.14257901414863552	7.633435525138798E-4	9.260913288187408E-5	0.00157691366541673	0.0013030308430585912	0.001133432962630552	9.057076979199994E-4	0.02991565393132079	0.06147356968912175	0.2032747355414306	0.012560303900189893	4.888186519852023E-4	4.903567527416831E-4
58	58	2.223667737868791E-4	9.405954855798049E-4	0.11634789842060031	3.4268337452463216E-4	2.742660844444765E-4	7.599358885012283E-4	0.13580636358972234	2.202838136172875E-4	3.919272386627004E-4	4.754876307765766E-5	8.096425475277974E-4	6.690215415201249E-4	0.05532051514739546	4.6502196280079567E-4	0.41677592941944663	0.0011523602975370283	0.08004009452476996	3.668352215772981E-4	0.18879494362296445	2.517662819430992E-4
59	59	1.7712164122817153E-4	7.492118237834251E-4	0.1072081296071617	2.7295733388471046E-4	0.21822282787171368	6.053111690532093E-4	0.0015938292485446102	1.7546250251078126E-4	0.01000126448625215	3.787398095165039E-5	6.449039772629155E-4	0.20884817916902512	4.635354753984983E-4	3.7040359877399403E-4	0.23508339188676627	0.054207845048273536	0.1606451068042847	2.921949866860229E-4	1.9991017881263988E-4	2.0053920963217014E-4
60	60	3.140503263969578E-4	0.17312332196872854	0.026883113737843807	4.839743986366269E-4	0.00897709370898452	0.00966300895561823	0.0028259821456918647	3.111085455274873E-4	0.20670741585844518	6.71534884012025E-5	0.001143464475316197	0.009534609915341887	8.218841375681294E-4	6.567541396238986E-4	0.2879747955739875	0.2679096004633979	0.0013745562788560323	5.180842403220968E-4	3.5445616058461734E-4	3.555714807274154E-4
61	61	4.991832548232436E-5	0.0261526256414847	0.3824724676074673	0.0014422685450555604	0.09836610475707434	0.005631958399116716	0.0018145308711002596	4.945072916862308E-5	8.798235065326882E-5	1.0674052562669754E-5	0.0015470945475556895	0.0219956386510082	1.306385519753523E-4	1.0439112507773927E-4	0.29290029781520166	0.012546756228616828	0.13129120015488693	0.02329314269391307	5.6340836184685335E-5	5.65181164140802E-5
62	62	3.113756884527419E-4	0.0013170968031341486	0.009620980796636931	0.14526188664289538	3.840492417495144E-4	0.0010641228292892486	0.011318504652317688	0.025858229677272197	0.22198015397546705	6.658156965739807E-5	0.0011337260569275536	9.368173110259669E-4	8.148844871448711E-4	0.1624663753667916	0.1918397396166398	0.21452838274377545	0.009879439984851374	5.136719291382063E-4	3.5143740270737706E-4	3.52543224125534E-4
63	63	1.8242421118396036E-4	7.716413139336319E-4	0.3199798046903013	2.8112897992317923E-4	2.2500112430128398E-4	6.234326408093916E-4	0.021599843215611057	1.807154020871951E-4	3.215274302764095E-4	3.9007831293753006E-5	6.642107566631684E-4	0.005538423451770243	0.20006040040997974	3.8149253731790045E-4	0.20220459117624562	0.1805700570161615	0.06566291743192229	3.0094255895833194E-4	2.0589497943145703E-4	2.065428418285505E-4
64	64	5.952838528946326E-4	0.0025180079520687932	0.0021113590138204883	9.173757213632524E-4	7.34220174561287E-4	0.002034375711604671	0.28214900754443484	5.897076935878066E-4	0.0010492033171695591	1.2728974928768002E-4	0.002167442225976171	0.0017909947341652073	0.0015578852015779266	0.0012448805232115846	0.2202195098188314	0.4589781845119987	0.018887380475486923	9.82031084766655E-4	6.718732993397506E-4	6.739873938526682E-4
65	65	2.2102250091170307E-4	0.006980204889930037	7.839249247025545E-4	0.09102004548349059	2.726080648958689E-4	7.553418514318049E-4	0.2558912856215692	2.1895213285202234E-4	3.895579226583145E-4	4.726131675029075E-5	8.047480190121605E-4	6.649771085508544E-4	5.784260428226889E-4	4.622107675835041E-4	0.06362925197375174	0.04950775859559125	0.02514856825619618	0.4900335597430155	2.4945933976501435E-4	0.012340835444518621
66	66	5.19201550874274E-4	0.0021961852777808814	0.016042447550633478	8.001273593263648E-4	6.403806376768557E-4	0.0017743653206616714	0.004672035624416526	5.143380718029906E-4	9.151062754482108E-4	1.1102104469858513E-4	0.0018904248110966412	0.0015620904868569097	0.0013587743205366448	0.0010857742825741278	0.02166234075983574	0.49972346396292266	0.44250155510709954	8.565192214408041E-4	5.860022194654746E-4	5.87846114851624E-4
67	67	1.0584592184437479E-4	0.12203957217919423	0.01485063584616702	0.0030581603494012617	1.305498390982443E-4	3.6172721891503524E-4	0.08490873306088621	0.38225067353421693	0.003081600282022979	2.263306956702995E-5	0.0640763572897262	3.1845226060531466E-4	2.770036420220396E-4	2.213490688932911E-4	0.2649701146722773	0.046869225413373496	4.632734445198131E-4	0.011754788808808623	1.1946409832121734E-4	1.198400001393127E-4
68	68	1.7375459583589612E-4	0.010239864994465771	0.03863585674680565	2.677684719987687E-4	2.1430806339717504E-4	0.02910849092294267	0.0015635308875415483	1.7212699699886602E-4	0.26644332187267944	3.71540044870799E-5	0.019642435549227243	0.1526010934993546	4.5472376286142814E-4	0.18095637739110962	0.15932778924304186	0.13872142501821563	7.605006287573048E-4	2.866404210398083E-4	1.961099280822791E-4	1.9672700115735866E-4
69	69	0.10243342557919016	0.025180852694244783	5.305471105340504E-4	0.004321873916237956	0.05746344764559442	0.34418490931975004	0.09135581466116109	1.4818309479569663E-4	2.636462035321E-4	3.198565864124714E-5	5.446398280510133E-4	4.500452433589955E-4	0.17631967597441875	3.12816418347968E-4	0.14943839489851052	0.04578007338613665	6.547104099194447E-4	2.4676701170531744E-4	1.6882985568838493E-4	1.6936109018137377E-4
70	70	3.313438620440771E-5	0.04454762919498971	1.1752138856094319E-4	5.106249950908286E-5	0.0027596926738153913	0.04270815958059907	0.26221162371975343	3.282400886910584E-5	0.14143729423661955	7.085137102663466E-6	0.019152417258268595	9.96894354236659E-5	0.012774563674552757	6.929190475075577E-5	0.3367041823050621	0.024641134649866826	1.4502477716179987E-4	0.11243275655742135	3.739746890916156E-5	3.751514255967805E-5
71	71	1.0088098839727202E-4	4.2671933693765583E-4	0.1272831096608048	0.038784905263059645	0.005642917589094487	0.09691836041936418	0.09472213273128272	9.993601322349924E-5	1.7780537327038252E-4	2.157141615473155E-5	0.0748669449088556	3.0351456388130207E-4	0.24307763505994068	2.1096620882193957E-4	0.2746150803602968	5.227905402662696E-4	0.039070982916141514	1.6642189433893623E-4	0.0028731061118903055	1.1421864397721798E-4
72	72	1.1235115264012498E-4	4.75237308044376E-4	3.9848824671855684E-4	1.7314129922733012E-4	1.3857335874721853E-4	3.8395877024118783E-4	0.0010109919484929096	0.9834622953365812	1.9802183691803858E-4	2.4024085286712347E-5	4.0907313575731075E-4	0.003410996021728708	2.9402812998734993E-4	2.3495305811162295E-4	0.007760532887944674	5.822318032508232E-4	4.917459697303224E-4	1.853440568990122E-4	1.268062945801185E-4	1.272052991124294E-4
73	73	2.463387392802406E-4	0.0010419951782566484	0.08846423959759017	3.796259171957166E-4	3.03832988709606E-4	0.5129095314009737	0.3121523753341615	2.4403122825505512E-4	4.341784530915941E-4	5.2674696634808945E-5	0.014372390068306198	7.411445526809869E-4	6.446798021379865E-4	5.151530604287169E-4	0.010277846249979903	0.028227519108804142	0.02802912180153699	4.063814232136484E-4	2.780327749704736E-4	2.789076237917528E-4
74	74	3.4036301146272047E-4	0.24348506859023317	0.0012072030993760233	5.245241604449331E-4	0.20522741224905663	0.0011631866718396322	0.2078703670517816	3.37174753684791E-4	5.998986851936613E-4	7.277993882282927E-5	0.047786453701112244	0.001024029726776822	8.907456436855948E-4	0.010021217066810586	0.2655555599443676	0.0017638463448486782	0.0014897233824398984	0.009870928719503042	3.8415424569755415E-4	3.8536301286204975E-4
75	75	0.0010940571491588164	0.004627783179745062	0.003880413373013299	0.001686021654277669	0.1210457944027759	0.0037389277074009707	0.7878714072897691	0.0010838088668900865	0.0019283042610491938	2.3394261333587634E-4	0.0039834872912933835	0.003291623959714676	0.0028631978409411727	0.0022879344528588716	0.0157226051628558	0.005669678074906522	0.004788541827218905	0.03172894753750945	0.0012348189572037416	0.0012387043980814137
76	76	0.206325758106728	0.32206969110591027	0.0014833944350098706	6.445280177249452E-4	5.158469563380421E-4	0.024307921520775492	0.026642087044713995	4.143156636197888E-4	7.371471889410972E-4	8.943097999495415E-5	0.10447655964522223	0.0012583135337960734	0.05829107055447972	8.746256928814506E-4	0.24623584257628547	0.0021673899392019714	0.0018305514427171769	6.899534549141425E-4	4.7204341220438424E-4	4.7352872854093295E-4
77	77	1.1200695840832102E-4	4.7378139115947444E-4	0.00346082509296393	1.726108708776364E-4	1.3814883127561108E-4	0.5089333503913205	0.010198567630258922	1.1095776374174174E-4	1.97415185607066E-4	2.3950486116737304E-5	0.058615415037815415	0.027909007342471252	0.03705581901335088	2.3423326587588365E-4	0.29877473365407936	5.804481025629125E-4	0.05257071932288196	1.8477624469784922E-4	1.2641781618781653E-4	1.2681559834674488E-4
78	78	0.0047675980368353755	0.005310743994985829	5.964330061986958E-4	2.5914738124820953E-4	2.0740818736123855E-4	5.746861682298187E-4	0.006112629002684199	0.8832586149481803	2.963870589875384E-4	3.595779179617254E-5	6.12275825257102E-4	5.059340294056734E-4	4.400834476786827E-4	3.5166346791669725E-4	0.0898059344394854	8.714492022713019E-4	0.005335453157172537	2.774117278179489E-4	1.8979596036807137E-4	1.90393166119189E-4
79	79	3.4682041698696873E-4	0.001467025459646692	0.1530070105223633	5.344754921031611E-4	0.03837199265282212	0.1909063850675229	0.4489655200091381	3.435716712221119E-4	6.112800308549043E-4	7.416072804839546E-5	0.0012627811303010017	0.001043457734497947	9.076449707173909E-4	7.252842153533417E-4	0.14727497535668652	0.0017973102370683486	0.0015179865828329965	0.01005820109486737	3.9144246346737053E-4	3.926741634991363E-4
80	80	1.971820280508596E-4	8.340658195628897E-4	0.20564184259344967	0.1297412246753622	2.4320334299656615E-4	0.016853536413252553	0.1743574797589332	1.9533497912536284E-4	3.4753846742387987E-4	4.216350030759674E-5	7.179443079513511E-4	0.027559364883468246	5.160344296654911E-4	4.1235465241373553E-4	0.10530492433537883	0.0010218466394238382	0.3352428675005319	3.2528831407350377E-4	2.225515426175754E-4	2.2325181601071592E-4
81	81	2.6605761475780585E-4	0.001125404605569222	0.008220729161944102	4.1001413876050596E-4	3.281541526801881E-4	0.088234127510894	0.2134292431549853	2.6356539253899453E-4	4.6893348543677177E-4	5.6891190503354283E-5	9.687219063048247E-4	8.004715476469161E-4	6.962850055193291E-4	0.015110536378479655	0.15664202974798896	0.001378777174678729	0.5105596242115408	4.3891136431897115E-4	3.0028868845100693E-4	3.012335670005331E-4
82	82	1.4777054021162102E-4	6.250587741042322E-4	0.008607604155992946	2.2772515206601472E-4	1.8225945706677228E-4	0.384470781679395	0.21554219976777406	1.4638633993629193E-4	2.6044943133610144E-4	3.1597825011006406E-5	0.012663271022944879	4.445883389862523E-4	3.867222950957621E-4	3.0902344573835146E-4	0.3739641407393385	7.657839378857723E-4	6.46771892289296E-4	2.4377490367819324E-4	1.667827539994984E-4	1.673075471493767E-4
83	83	8.82736423307066E-4	0.31760799017509267	0.0031308988058624983	0.001360361043168216	0.0010887627602538723	0.0030167415605048186	0.5632589818331458	8.744676303633926E-4	0.0015558459699798063	1.8875583045547273E-4	0.0032140636588400264	0.05094415576632479	0.0023101617893326637	0.001846012410988297	0.012685732420102156	0.0045745611634579785	0.028007779155269894	0.001456237395198951	9.96309626560067E-4	9.994445817915777E-4
84	84	1.9825124121156421E-4	8.385885144554511E-4	7.031595819334715E-4	0.05453019570100448	0.011089457328540619	0.6730635051778585	0.012628899196370245	1.9639417672309183E-4	3.494229835072872E-4	4.239213052240834E-5	7.218373377081835E-4	5.964665887123869E-4	0.07101091156105531	4.1459063216096084E-4	0.14925567777010876	0.001027387569730184	0.022557589616074434	3.2705217942101454E-4	2.237583211493412E-4	2.2446239175227535E-4
85	85	0.029881040668937976	0.05672498770041598	0.1459228359739332	1.8630933623902375E-4	1.4911237586769324E-4	0.0334799878067267	0.02092797816028964	1.1976341471531652E-4	2.13082130962827E-4	2.585120594272725E-5	0.08972061904786555	3.6373214633808685E-4	0.033383217608235566	0.30446763556893414	0.11747128106938816	0.07337353329825715	0.0931162622120368	1.994401588229048E-4	1.364503828929498E-4	1.3687973319760245E-4
86	86	5.19201550874274E-4	0.0021961852777808814	0.0018415095069309905	8.001273593263648E-4	6.403806376768557E-4	0.0017743653206616714	0.004672035624416526	5.143380718029906E-4	9.151062754482108E-4	1.1102104469858513E-4	0.0018904248110966412	0.0015620904868569097	0.0013587743205366448	0.2567026590692189	0.035863278803538234	0.684335658531055	0.002272475752322403	8.565192214408041E-4	5.860022194654746E-4	5.87846114851624E-4
87	87	5.952838528946326E-4	0.0025180079520687932	0.018393261675972286	9.173757213632524E-4	7.34220174561287E-4	0.002034375711604671	0.917143211368355	5.897076935878066E-4	0.0010492033171695591	1.2728974928768002E-4	0.002167442225976171	0.0017909947341652073	0.0015578852015779266	0.0012448805232115846	0.024836677873009822	0.019366812633900124	0.0026054778133351247	9.82031084766655E-4	6.718732993397506E-4	6.739873938526682E-4
88	88	1.607660476863915E-4	0.10621262652171534	0.08411684653762493	2.477521744456379E-4	1.982880520307405E-4	0.031329757107699974	0.041021377556850196	1.5926011553542022E-4	2.8335435221465315E-4	3.43766588064907E-5	0.004982544454456187	4.8368714091400806E-4	4.207321354156268E-4	3.362001515500844E-4	0.4200435547939829	0.19430955899904476	0.07105871661331731	0.02225117125357517	1.814502683982367E-4	0.022167979064735915
89	89	1.6739047974453106E-4	0.06480536527290044	5.937023094407844E-4	2.579609061429737E-4	2.0645859393011488E-4	5.720550367530356E-4	0.1525927929255056	0.004744202178132883	2.950300864983355E-4	3.5793163372763744E-5	0.009766231960261893	5.036176713244527E-4	4.380685785629612E-4	3.500534190398983E-4	0.0024055547948914607	0.7608784867718478	7.32645743735796E-4	2.7614163159945306E-4	1.889270023991874E-4	1.8952147391562748E-4
90	90	1.000527777953799E-4	4.2321606556314874E-4	3.5486824181244056E-4	1.5418860894364004E-4	1.2340460373829143E-4	0.011288300975944719	0.0036369179513711103	0.04662119554108224	0.10143028441140446	2.1394319599265413E-5	3.642944695466184E-4	3.0102277644316515E-4	2.618427177996656E-4	2.0923422290900176E-4	0.5323368805922482	0.07987969380628385	0.22210194576978604	1.650556073955957E-4	1.1292560616017165E-4	1.1328093417303615E-4
91	91	3.753014641799542E-4	0.11450311097123746	0.12451179159954243	5.783668576874896E-4	4.6289497893047454E-4	0.0012825884316276129	0.177883097506242	3.717859299651822E-4	0.0725168685366384	8.025084008321225E-5	0.0013664812794414883	0.0011291469486402574	9.821811801771969E-4	0.15476068041528607	0.23122465187886154	0.012209961857117741	0.07349803423471124	6.191293484461277E-4	0.02095369929793072	0.010689976443253498
92	92	0.20439268278050315	9.021854418512401E-4	7.564858416055528E-4	0.011996083686141218	0.0060967632319913955	0.3740855140715609	0.14776168244946758	2.1128833039048948E-4	3.759225452464117E-4	4.560706752728385E-5	7.765800821727998E-4	6.41701458594892E-4	5.581798690446275E-4	4.460323820514139E-4	0.2422466976711142	0.0069389996957753865	9.33525309293039E-4	3.518551827423506E-4	2.4072771848669797E-4	2.4148518443937092E-4
93	93	1.2764941160437417E-4	5.399478449377823E-4	0.19597126592203654	1.967170291663951E-4	1.574421560656685E-4	0.003927642494959094	0.10938211847324832	1.264536905192693E-4	2.2498541735812533E-4	2.72953172185517E-5	4.647744491757704E-4	0.21685098136451675	0.1644299631187083	2.6694536653899733E-4	0.19735295682844103	6.615112115527884E-4	0.10879216953094159	2.10581371455169E-4	1.440728333489491E-4	1.4452616820649264E-4
